575
4
5
6
1032
9
10
1035
1036
1037
15
1039
1043
20
1044
1047
1048
1049
29
31
1056
32
34
1058
1060
37
1063
1064
1065
44
1068
1074
1075
53
54
55
1079
57
1083
1084
1086
63
1092
70
1098
74
1100
77
79
1105
84
85
1110
1111
89
92
93
95
1120
1123
100
105
1132
111
114
1138
1143
1144
1146
122
1147
126
129
1155
135
136
1160
137
140
1165
1167
144
1171
1173
1175
153
155
156
160
1186
1187
164
1190
166
1194
1198
1201
180
181
1206
184
1208
185
186
187
1212
191
1218
194
195
1219
196
197
201
1226
203
204
206
1231
1234
1238
1240
216
220
222
1247
1248
1249
229
1254
230
1258
234
237
1262
240
243
244
1268
1271
1274
1277
1279
258
259
260
261
262
263
1287
264
1289
266
267
1291
1293
1294
277
278
1302
1303
1308
1309
286
1311
288
1313
1314
1316
1317
295
1320
296
1327
304
1331
311
313
315
1339
316
317
318
1343
320
1345
1346
322
1348
1349
1351
1352
1353
330
1354
1355
1357
333
1360
1361
338
1364
342
343
1369
1370
1372
1373
349
1374
1376
354
1378
1379
1386
1387
1388
1392
1393
1394
1396
1397
375
1399
1400
377
1402
378
382
1412
395
396
397
1422
399
400
1426
409
1434
410
1436
1437
1440
1441
420
1444
1445
1448
425
1449
426
1450
1454
1455
1456
432
1457
433
1458
1466
443
444
1469
446
447
450
1477
459
460
1485
464
1490
466
1491
468
1494
472
1497
473
1498
1502
478
1503
479
1506
1508
1509
486
489
490
491
492
1517
1518
497
498
499
501
1531
509
1534
1535
1536
512
1537
1542
1543
520
522
527
529
1555
534
1560
1562
538
539
1563
1564
1565
543
1569
546
1572
548
549
550
1575
551
552
553
1581
559
1586
566
1590
567
569
572
573
1598
1601
1603
580
581
585
1612
1613
1614
1615
591
1617
595
1620
1624
602
1626
1627
605
608
1633
612
1637
1638
615
619
1643
623
1647
1648
1649
1650
631
632
636
638
1662
639
640
1664
641
1665
642
643
645
1670
1674
1678
657
659
1683
660
661
662
665
666
1691
1692
669
671
1696
1697
674
1698
1699
679
1706
683
1708
1714
691
692
1719
1720
697
1723
700
1725
1726
703
704
1729
706
708
1732
1737
1738
1739
717
1743
719
1745
722
1749
1752
730
732
1757
733
734
735
1759
737
738
739
740
1766
1767
1768
745
1772
748
1774
1776
1777
1778
1779
1781
759
1786
1787
764
1788
1791
1794
772
1796
1798
774
1800
776
777
1801
1803
780
781
1808
1809
789
1814
1815
1818
1819
1820
1822
798
799
800
1825
1826
1828
806
1832
1834
811
812
813
815
1843
820
821
1847
824
1853
830
1855
833
835
837
838
840
841
844
848
849
853
858
860
861
863
865
877
878
879
881
883
886
888
890
891
893
894
895
896
905
907
910
911
914
917
920
922
926
934
937
944
948
952
953
960
962
968
969
974
976
977
978
985
987
988
990
991
995
996
998
1001
1003
1005
1006
1007
1012
1016
1019
1020
1021
1023
36
67
5
134
71
136
73
9
76
77
79
82
19
84
20
85
150
151
153
26
159
96
33
99
42
45
109
110
111
114
116
120
58
122
59
61
62
9.94