618
0
1025
1
1026
2
3
1027
5
8
9
10
11
12
15
17
20
21
22
23
24
25
27
28
29
30
31
32
33
35
36
37
38
39
40
41
43
44
45
46
48
50
51
53
56
59
60
61
64
66
69
70
71
72
76
78
79
82
83
84
85
93
95
99
101
103
105
107
110
111
113
116
118
119
120
121
124
126
129
130
131
132
134
135
136
137
140
141
142
143
146
147
148
149
152
157
159
160
164
168
170
171
172
176
177
179
180
182
184
188
191
192
194
196
198
199
200
201
204
205
206
209
211
212
216
218
219
221
222
223
224
226
227
228
229
230
231
232
233
234
235
236
237
238
239
241
243
244
246
248
250
251
252
255
256
257
259
264
265
269
271
272
280
282
283
285
287
288
289
290
291
292
293
294
295
299
300
301
302
304
305
307
309
310
311
313
314
315
316
317
319
321
322
323
324
326
328
329
330
334
335
339
340
341
342
343
344
345
348
349
350
352
354
355
356
358
359
360
361
363
365
366
367
368
370
371
373
375
378
380
384
385
392
393
394
395
396
397
398
399
403
404
406
407
410
413
414
415
417
418
419
420
422
423
424
425
427
429
431
435
436
440
442
443
444
445
449
451
452
453
454
455
457
460
461
463
464
465
468
469
470
472
474
475
476
477
478
480
483
484
487
488
489
490
491
493
498
499
504
506
508
510
511
512
513
514
515
516
517
518
521
522
523
524
527
529
531
535
536
537
538
539
540
541
542
543
545
548
553
557
560
562
563
566
568
570
571
572
573
575
576
577
578
580
581
582
583
584
585
587
588
589
590
592
593
594
596
597
598
599
601
603
606
607
610
611
614
617
618
619
620
621
625
626
627
628
630
631
632
633
634
635
636
638
639
640
642
643
644
645
648
650
651
653
655
656
658
659
661
663
666
667
668
670
671
674
675
677
678
680
682
683
685
692
694
695
696
698
699
701
703
708
709
711
712
713
714
715
716
717
718
719
721
722
723
725
727
728
729
730
731
732
734
736
739
741
742
744
745
746
749
750
754
755
757
759
760
761
762
764
766
767
768
769
770
773
774
776
777
778
780
782
784
785
786
789
790
791
793
797
798
800
801
802
803
804
806
807
808
809
810
812
815
816
818
820
824
825
826
828
829
830
833
834
835
837
838
842
843
846
848
850
853
854
857
859
860
861
862
863
864
866
867
868
869
871
872
873
877
878
879
884
885
886
887
890
891
892
895
896
897
903
907
908
910
911
912
913
914
915
916
920
921
922
923
924
925
926
927
929
930
931
934
937
938
940
941
943
944
946
947
950
951
952
953
955
956
957
958
960
962
965
970
971
973
974
976
979
980
983
984
985
987
988
989
990
991
992
993
995
996
997
998
999
1002
1004
1005
1006
1007
1008
1009
1010
1013
1014
1015
1017
1019
1020
1023
197
0
1
3
4
5
6
8
9
16
17
18
20
21
22
23
25
31
32
34
35
37
39
41
45
46
47
48
49
50
52
53
54
55
58
62
63
64
65
66
67
68
69
71
75
76
77
79
80
82
84
87
91
92
94
95
96
98
99
100
109
110
112
113
114
115
116
123
124
126
127
130
133
139
140
142
144
145
146
147
148
151
153
154
155
156
157
158
159
160
162
167
168
169
171
172
173
175
176
182
184
185
186
188
190
191
192
195
196
197
198
199
200
201
202
204
205
210
212
213
214
216
217
222
223
224
227
231
234
235
236
238
239
240
243
244
248
249
250
251
252
253
254
255
261
262
263
266
274
275
277
278
279
280
281
283
285
286
288
289
290
291
292
293
294
297
303
304
306
307
308
312
316
317
319
320
322
323
325
326
331
332
333
334
336
337
338
348
350
351
352
356
360
363
365
366
369
370
