1184
2050
4099
4
5
4105
6154
4110
8206
8208
6160
2064
4116
4124
2077
8223
2079
4127
31
32
33
34
6181
8229
6182
4134
2087
40
4136
2095
4147
2100
55
4152
6200
6202
8251
6204
2108
4157
6207
6209
8258
2115
8261
6215
6216
6217
2121
6218
8266
2123
4172
77
2125
8269
4175
6227
4179
8275
2132
4182
88
6232
6234
91
4189
8288
6240
2149
8294
8297
6262
120
6273
4230
4232
4233
139
4243
2196
4245
6293
150
158
4254
4255
2208
4258
2211
2212
2214
2215
6313
2219
6316
6317
2222
4271
4272
2224
2225
6321
179
2229
182
4281
188
192
4288
2241
2244
201
6346
6348
4303
6351
2255
2258
6355
2260
6358
2263
4312
225
228
2277
2278
4326
6378
4330
2283
6379
2288
242
4340
4341
2293
6390
247
6391
2296
249
6393
2298
2299
6400
258
2306
2307
2311
6408
4360
265
2314
267
6412
2316
6413
6415
2323
4373
4379
4383
287
288
290
291
6438
6439
6440
297
2345
2347
2349
2351
303
4400
6451
308
309
310
2359
6455
315
4415
4417
2370
4419
2375
328
2383
6481
6482
4436
4437
2390
4439
4440
2395
4446
2399
6498
4452
6501
2406
363
364
366
4464
2417
2423
6520
377
6522
379
381
6525
383
4481
6529
4482
4484
4486
2438
6538
2443
2444
396
6540
401
6546
4504
4507
413
4509
415
418
4515
2468
4519
425
4523
429
2480
6578
4532
6580
2485
4535
440
6584
2489
2491
443
445
446
2495
4546
6594
2502
2505
4553
459
6610
472
2521
4569
6617
474
4572
479
4575
480
4576
6625
481
6626
2531
6629
4581
486
6633
2539
2540
4589
4591
6639
4598
4601
510
4608
6659
6660
2566
521
522
2571
524
6669
6672
4625
531
4628
6677
2581
4629
6679
2588
4637
6686
544
549
6695
4650
4651
6700
6701
4654
2608
4665
2618
571
2620
4668
575
2625
6726
586
4682
588
4684
4686
6734
2640
4688
2641
4689
595
6740
6742
2647
2648
2650
6746
603
604
605
606
6750
607
6755
615
2664
6762
619
2668
4717
2670
6766
4720
625
626
2678
633
2682
2683
4732
2685
639
4736
4738
2690
6788
645
6792
651
655
6799
4753
4755
660
661
2711
2712
6810
6814
4767
672
673
2722
6818
6821
6825
682
4778
683
2733
4785
692
699
4795
6846
704
6848
6851
4805
6856
713
6861
2767
6863
720
6864
6865
4824
2779
6876
6878
2783
4831
6882
739
6883
4837
4838
2791
2793
747
4844
748
750
6895
752
2801
6897
754
757
6901
2806
4854
6904
6907
764
2816
6913
771
2819
4868
776
6920
777
782
784
2832
4882
6931
788
6933
795
797
6941
798
4894
6942
6945
2850
6950
4903
6951
2857
2858
810
2859
2860
812
2861
814
6959
6962
2866
6965
2871
824
4923
6973
6976
2881
833
4930
2887
6984
6987
6988
4942
4945
4946
851
852
854
4950
2908
4957
863
2912
865
7009
4962
4964
7014
2919
7016
2921
2922
876
4976
881
4977
7025
4983
4985
2937
893
2943
4992
897
4993
4994
899
2952
904
5001
7051
5004
911
5007
5011
7060
917
2968
923
7067
2976
2977
931
932
7077
5034
7086
5040
5042
2995
2996
7093
2998
5046
3000
954
3005
7102
5054
7104
964
7108
3015
5063
7111
971
972
5069
5070
7119
3025
5074
5076
3033
3035
989
7134
992
993
7138
7140
999
7144
1006
1008
5105
3058
5106
7156
3064
1017
5116
7170
3077
7173
3080
3081
1034
7181
7183
7184
5137
7185
7186
5140
1045
3093
3095
5146
5147
5150
1056
1057
7204
1060
5156
3111
3112
5160
3113
7210
7212
1069
5167
3121
7217
7218
7222
1079
5177
5180
1087
1089
5188
7236
1097
7241
7242
1102
3152
5201
7251
5205
3160
5211
7259
1117
3166
5216
5217
7265
5218
3171
5219
7268
5221
7270
5222
5223
1129
7274
1132
1133
5231
1139
7283
3192
3193
7291
5243
3196
7293
3199
1153
7298
7300
1157
5253
1159
1163
3212
5264
5265
3217
1170
3219
7319
5275
5276
3228
5280
7332
5285
7336
1195
3243
1199
5295
3248
7344
1207
3256
3259
1216
7360
3265
1219
1220
1225
5323
5325
1230
5327
3280
3283
5333
3285
1238
7382
7384
1241
7385
7386
1242
5339
5341
1245
5342
7390
1250
3300
7397
1256
5353
3306
7404
3309
7406
1265
3314
3316
1268
5365
1270
1272
3324
1277
5373
1278
7422
3331
7429
1288
3337
1290
1297
1299
1303
3351
5399
5401
1307
3355
5404
5405
1312
5409
3363
5414
1322
5419
5423
7471
7473
3378
7475
7477
5430
5432
7482
3388
1342
5439
7487
7489
5441
3394
7498
1354
1355
1360
3408
5457
7505
7509
5462
7510
7513
3420
3421
7518
5473
7522
5474
3427
7524
5478
7530
1387
7531
7538
5491
5492
3447
7543
7552
1411
1414
5510
5513
5514
7563
5516
7567
1425
7570
3474
7571
7572
1431
7576
7581
3488
7585
1443
1445
7589
3499
1454
7599
7600
5553
3506
1462
5561
1468
1472
1473
7618
1475
3526
1478
5575
1480
7624
1482
7630
1488
5584
7644
5597
7645
1502
1503
3554
7650
1511
3560
3561
5609
5610
3564
5612
3566
7665
7667
1524
7668
3573
7670
7672
7673
7679
1536
7681
7682
3588
3591
1544
1545
1547
7691
1551
7699
7700
1557
3606
1560
5659
3612
3615
1568
5664
7714
3619
7716
5669
3622
7719
1576
5673
1579
1581
7726
7727
1586
3636
5684
7733
3641
5689
1594
7739
5692
3644
3647
1600
3649
5699
3652
1609
3659
1613
7759
3665
3666
7764
7775
3681
3689
7786
1645
5744
3699
1651
5747
1654
7798
1655
3704
5752
1658
5756
5757
7806
5760
3712
5761
3716
3717
1672
5768
7817
7818
3722
5771
5772
5774
1679
5775
1680
3728
1681
3731
5782
1688
1693
7838
7839
1695
3743
1697
5794
7844
3755
7852
1709
3757
5805
5807
5808
3762
5812
1716
1717
5819
1724
1728
5824
5826
1732
3782
1736
5833
5835
3788
1743
1746
7890
1747
5846
5850
3804
5854
1758
5856
3810
5858
5860
3813
5861
7911
1769
1772
1777
3826
7922
3835
5885
5890
7941
7943
1800
3849
5897
1802
3852
7952
7953
5906
3860
7957
3863
3864
1818
3870
5919
5922
3877
3879
1831
5928
3883
1836
5934
3888
5938
7989
7993
3899
7996
1853
1858
8002
1860
1861
1862
1864
5961
3917
1870
1877
8022
5977
3930
5978
8026
3931
8028
3934
8031
1887
3936
8035
5991
8039
3945
3950
8048
6003
3956
3961
6009
6011
1915
8059
8061
6014
1920
1921
8068
3976
3977
1929
8074
6027
6028
1934
3983
8082
1939
6038
3991
1944
1945
8092
1950
8094
3999
8095
8101
8102
1959
8104
4008
6057
4010
1965
8109
1967
4015
4018
1970
4020
6070
1978
1979
6076
8125
4029
6078
6081
6082
1988
6087
6089
1993
1997
8141
6095
6098
6100
4052
4053
4056
6104
2009
2010
8155
8157
6111
4063
8162
4067
4068
8164
6119
6120
4072
6121
8171
8173
2031
8176
4081
2034
8179
4085
2039
8183
8185
8187
4095
5
115
167
41
141
157
