478
1024
0
1
1025
6
7
8
12
1036
1037
14
1038
15
1041
2065
18
19
21
24
1050
27
29
31
33
1060
37
1063
40
1065
1066
1067
2094
1070
1074
54
1078
1079
2104
56
1080
57
1081
1083
1084
60
1085
2109
2111
63
1087
66
67
1092
72
76
1100
77
79
81
1105
82
1107
1109
2137
1113
91
2139
95
2143
97
2146
100
2149
1127
2152
2153
105
1130
106
2156
1132
1133
110
1134
2158
113
2164
117
1142
120
1145
2169
1147
2172
129
1154
2181
133
1159
2183
138
139
1167
1171
152
158
1189
1196
1197
174
178
1203
1205
1211
1212
194
1219
196
1221
200
201
1226
203
204
206
1231
1233
1234
1237
219
224
225
1251
231
1257
234
236
1270
247
1273
251
1277
256
257
1281
1284
1285
1287
263
1290
267
1294
273
1297
277
279
1305
282
284
1308
287
1312
1317
294
297
1325
1326
1327
306
308
1334
311
314
1339
317
1341
1343
320
321
1345
323
1354
1361
1362
341
344
1369
345
353
1377
1379
1380
1381
360
363
1388
1390
1394
370
1396
380
382
386
387
388
389
1413
1415
394
1423
1424
401
1425
405
1431
1432
412
1438
415
1440
419
421
1445
423
1447
426
1454
430
431
1463
1465
1466
1467
448
1475
451
1478
468
469
1495
471
474
475
482
1506
485
1512
1517
1519
1521
498
1522
502
506
1532
508
509
1534
517
1543
519
1544
1546
525
1550
528
1554
531
1557
534
535
1560
1565
1566
1571
551
552
555
558
559
1584
562
1587
1589
1592
572
574
1599
575
576
1601
578
580
1606
1611
592
594
597
599
1627
1628
604
606
608
1632
1634
1636
1641
1642
626
627
628
630
1655
1657
642
643
644
1668
1672
648
650
657
660
661
665
1690
1698
1700
679
1705
682
1707
684
1708
1719
700
1725
1728
705
1729
1731
710
713
714
1738
715
1739
1740
1743
1755
1757
733
737
743
1768
745
747
1771
1772
1773
754
756
1788
764
1793
1794
772
1797
776
777
1803
781
782
787
1812
1813
789
1817
793
797
1821
1823
804
1829
1832
810
1837
814
1839
821
1850
828
833
1858
1863
841
1868
845
1869
847
1872
850
852
1880
1892
869
1894
871
1896
872
877
1901
879
881
1911
1912
1914
1915
893
1918
1919
895
1920
1921
901
1933
1934
1939
917
1942
1945
1947
1949
1951
1952
928
937
938
1964
940
1965
942
1966
944
1970
946
1972
1973
950
1978
1980
963
1997
973
976
977
2001
2002
979
2004
2005
986
988
2012
990
1000
1005
1007
2034
1011
2036
1016
2041
1018
2044
1020
1022
21
96
32
99
163
4
7
136
72
73
138
44
111
47
81
114
20
84
151
122
60
125
