666
2
1026
1027
4
5
1029
7
1033
1035
12
14
1040
17
20
22
23
1048
1049
1050
28
1053
1058
1060
1062
38
1063
39
1065
1066
1067
43
45
46
1071
1076
1077
53
1078
1079
55
1080
57
1083
59
60
61
1086
62
1089
65
1091
68
1092
69
1093
1094
72
1097
73
1099
76
77
1102
79
1104
83
1108
1109
1110
86
1111
1112
88
1113
90
91
1115
93
1125
104
106
1130
1131
1137
1139
115
1140
117
1141
1142
1143
119
1144
122
124
125
1149
130
1154
132
1157
134
1159
1160
1161
1162
138
1163
139
140
1165
1166
1168
144
1171
147
149
150
1174
153
154
1178
1179
1180
156
157
158
1182
159
1185
1186
1188
166
1190
1191
167
168
169
170
1196
175
1200
176
177
178
179
1204
1205
1206
1207
185
1211
187
1212
189
1215
192
1216
194
1219
1220
1222
1223
1225
203
1227
1228
1229
1230
206
207
1231
208
210
212
214
1238
215
1239
216
1241
218
1242
1243
221
223
1248
1249
225
1250
1251
228
1254
1255
231
233
234
1260
236
238
239
240
1264
241
1267
243
1269
246
247
1273
249
250
1275
251
1277
254
256
1280
260
1286
264
265
266
267
270
1294
1296
273
1297
275
276
1300
277
1303
1305
282
1306
283
1308
286
1310
1312
289
1313
1314
290
1315
1316
1317
1318
296
1320
1322
298
299
1326
302
1327
305
1331
1332
1334
1336
1337
315
317
1342
320
1344
1345
321
1346
322
1347
326
328
329
1356
333
1357
1358
1359
1360
1361
337
1362
1363
339
1366
1370
1371
347
351
1375
352
1379
355
1380
356
1381
1383
1384
362
1386
1387
1389
366
1392
1393
371
1396
372
1399
375
376
1401
377
1402
378
380
381
382
1406
1409
1410
387
1411
1412
1413
390
1415
394
396
397
1422
398
1423
400
401
1426
402
1427
1430
408
1432
1435
1436
1437
1438
1440
418
1442
1446
1447
423
424
1450
427
1451
1453
429
1454
430
431
1455
432
1456
433
1458
437
438
1463
440
1465
1467
1468
1469
445
1470
447
1471
1472
449
1474
451
1476
1478
454
1479
455
1480
456
459
460
1484
1485
1487
1489
1491
468
1494
1495
471
472
1498
475
476
477
1501
479
480
1505
1506
483
486
487
488
489
1514
490
491
1515
1518
496
1520
1521
498
1523
499
1524
501
504
1531
1532
509
510
1535
512
513
514
1538
515
516
1541
1542
518
1543
521
1545
522
523
1547
1551
528
1552
1554
531
1558
535
537
1562
539
1564
541
1566
542
547
1572
551
1576
553
1579
1583
560
1584
1586
564
565
1590
568
570
1595
574
578
581
582
584
586
588
590
593
596
598
600
602
604
606
612
615
617
621
622
623
624
625
630
631
634
635
636
638
640
642
645
647
649
652
653
654
662
663
665
668
673
674
675
676
677
684
686
687
689
696
698
701
703
705
707
709
714
718
724
729
730
733
738
739
745
746
747
748
754
756
757
758
760
762
763
764
766
767
769
773
776
777
780
782
787
788
791
792
794
795
798
801
802
803
807
808
809
811
812
813
816
818
820
826
832
833
838
843
847
848
849
851
852
853
855
860
864
865
866
869
873
875
876
877
879
880
882
883
893
898
902
903
904
905
906
907
908
909
910
914
915
919
924
927
930
931
932
934
948
952
953
957
960
961
962
963
965
966
968
970
976
977
978
980
981
982
983
984
985
987
989
993
994
997
1001
1002
1007
1009
1011
1019
1020
1021
1022
143
0
256
257
2
3
4
260
9
266
267
16
273
19
20
21
279
23
280
25
283
27
29
285
30
288
289
33
35
36
292
293
294
295
39
296
40
298
300
45
46
47
49
50
308
53
309
311
317
62
63
322
323
67
324
68
327
333
77
334
79
80
81
337
338
339
83
341
342
343
88
345
92
350
96
354
98
356
357
105
363
109
110
111
368
112
115
374
122
379
124
125
127
129
131
132
138
140
144
147
150
153
156
158
163
167
168
169
170
171
173
175
177
182
184
185
186
188
190
191
197
199
200
202
203
205
211
212
215
217
218
224
226
229
231
237
239
240
241
243
246
251
252
255
