501
2048
9216
2049
9217
2
7
1031
9225
7181
1042
6163
1044
2068
3093
8214
25
3098
7195
10272
8230
4136
8234
44
3119
2096
8240
5170
3123
6197
3129
8252
6204
9277
2116
70
8262
3144
2127
4175
4178
9299
1108
1109
1110
5206
8279
88
6233
1113
9305
3163
2140
8284
4191
95
5217
8291
100
6246
8294
4199
2151
8297
5227
8301
6254
7280
4210
7283
8307
5238
3193
7289
2170
3195
125
1149
1151
4223
129
5260
5261
3214
8336
6294
1178
4251
6301
7328
8355
2214
167
8360
1193
6313
2218
4266
9387
2221
3249
1206
6331
8380
2240
8384
1217
3267
4294
8395
4299
9423
210
6354
8405
3286
9431
4311
8411
2270
223
2272
3296
6369
6372
5349
1253
3302
230
3318
3323
1276
9471
6402
2307
9475
4356
6404
267
5389
6413
1295
2321
6418
3347
2325
6425
2334
6435
3365
9511
2344
297
299
3372
4400
4402
5426
6456
5433
8513
3394
1347
2371
5447
8525
1357
5453
6479
9552
3410
1370
3423
8547
360
6504
7537
5490
5494
7547
3453
6525
3454
1410
6530
387
1411
6532
389
5514
2443
3467
5516
6541
1427
6548
7576
7578
8602
412
4508
3485
7583
5537
2467
4516
6566
6567
7593
8618
4529
7602
8628
5557
8629
440
4536
8636
1471
7615
9664
5570
2499
1480
5577
3531
2517
4565
4567
9687
1498
480
3553
1511
2535
1515
7668
502
9718
9720
8701
2561
7681
5634
2563
3590
1545
524
4622
1551
5648
6673
7701
7704
7705
3611
7709
2594
2595
4643
8741
6693
7719
3624
3626
5679
9776
561
3633
562
5682
5684
9780
3637
9781
1596
5694
8770
6723
7747
8771
8772
581
4679
5703
2632
9801
5706
588
7756
590
4686
6738
5715
7766
2647
6743
600
4696
3675
1628
2653
9823
9825
613
2661
7783
2664
5736
2669
623
9840
624
4722
8818
628
6773
8821
4726
8823
2679
8826
3709
4734
8835
8836
3717
6793
4747
3724
5772
7820
3727
8848
3730
5778
6802
660
4756
2709
4758
3735
664
3740
9884
4772
3748
6822
9894
3753
2733
1713
9905
1715
5811
1716
9909
5815
698
5819
4795
9916
702
6847
703
5823
1732
4806
9926
2764
2765
1746
1748
7894
3800
6873
1757
8929
1766
745
7915
1772
7917
9973
759
3839
768
4864
7937
1794
4866
3846
2823
4871
8970
2831
8975
7952
10000
6931
4884
5910
10007
1816
1819
797
2846
2847
5923
1831
4903
810
4907
4909
7981
5933
2863
4914
4915
4916
5944
1857
3905
5953
8001
9030
9031
841
842
6991
5968
10068
853
1877
1880
857
858
2908
1887
4961
2919
9066
3949
1902
9076
9079
7032
6009
2937
1914
6012
10109
9085
8063
7048
1933
8077
917
1941
9111
5016
3997
5021
8094
927
7074
8100
2982
936
937
9130
6060
8109
9135
2993
3000
6077
3006
5058
4037
9160
8137
1998
5072
7122
3029
985
3045
2026
2029
2030
9199
3056
10224
9202
5107
10228
1013
3063
8184
3065
2042
1
58
