1420
4100
4102
6
8200
6153
10
4106
4108
8204
4109
2061
6160
8210
2067
8211
4117
2070
22
25
4122
27
6171
8219
4124
8222
2079
8223
8227
2085
4133
6181
39
2089
8234
2092
4140
46
2094
8240
4144
6198
56
8248
8250
2106
4154
6204
6206
63
64
8256
65
66
8260
4164
4165
71
4167
72
4168
75
8267
76
4176
4178
6227
8275
4180
6229
8277
4183
2136
89
2137
8284
93
94
2142
8287
4191
96
2145
8290
2146
8292
2149
102
8298
6251
110
4206
2161
4211
115
8308
2167
2168
4216
6265
4218
2170
8314
8316
125
4221
6269
4222
8319
6271
128
4225
6273
4226
130
6276
8326
135
8327
6280
8328
137
140
6285
4240
2198
153
2202
2203
4251
6299
6301
8349
158
4258
162
6308
2213
2214
2217
6315
8363
4269
8365
6318
175
4271
6319
176
6321
4273
8371
4278
2231
4280
2233
185
6329
186
2235
4286
2238
2239
6338
6339
6340
2246
4294
199
4296
200
2249
203
2251
204
6348
206
2254
2257
210
2260
213
2262
4313
218
2267
6365
222
2270
4321
228
2278
232
233
2281
4332
6380
6381
6383
4335
241
243
244
6390
248
4345
2298
6394
252
2300
2302
6399
4352
257
4353
2309
261
263
2316
269
4367
2320
274
6419
4371
2323
2324
6422
280
281
2335
4384
4385
6438
2342
2344
2345
298
299
4396
6444
2353
6449
2354
4407
6456
6458
4410
315
6459
2364
4413
4417
6466
2372
2375
329
6473
6475
4428
333
334
4430
4431
6479
4432
6480
338
4435
2387
6484
4442
4444
6499
6500
2404
2405
6501
357
6502
4456
360
365
2413
6514
2419
4470
6518
6521
2427
4477
6526
383
4481
4482
4485
6534
6536
4489
394
2442
4492
6541
4495
4497
4500
6548
2453
406
2455
2456
411
4507
6556
2461
4510
2464
6561
420
2469
422
2470
423
427
6571
2478
431
4529
4530
6579
4532
2484
4534
2487
6583
4538
443
4548
454
6599
6603
4557
4559
2512
4560
2513
4564
468
470
6614
6616
2521
475
2524
6622
479
6623
2529
4579
6629
6630
2535
4588
6636
4589
2541
2546
499
2549
502
503
6647
504
2553
6651
508
6657
2563
517
4613
2567
6663
2569
6665
522
2573
4622
2576
6673
6674
531
6675
4628
533
4630
6678
4632
2587
6684
541
4637
543
4640
2593
6689
4642
6691
2597
550
2599
6695
552
4649
554
2602
556
6700
2608
6709
6711
4664
6713
2618
571
2619
573
4669
4675
580
6725
584
4682
6730
4685
6734
2638
2642
595
4693
2646
2647
2648
2649
602
6753
610
2660
6756
2662
4713
617
2665
618
619
4716
6765
2672
624
625
4724
2678
6775
631
2680
635
2683
6780
644
6788
645
2693
6790
647
648
6792
4747
6798
655
2703
4751
4752
4754
4755
660
661
6805
4759
665
6809
2714
6812
669
672
2720
4770
676
4776
6825
682
4783
4787
691
692
6836
4789
698
6843
2747
6847
6848
2753
706
708
6852
4805
710
712
6856
714
2762
6858
2763
4814
719
6865
2770
723
6867
724
4821
6870
731
4828
6876
733
2783
4833
6883
741
744
2793
6890
6891
2798
752
4848
755
6899
2803
4851
2805
6902
4855
4857
6905
6906
4859
6907
6909
6911
6913
4866
2820
2822
774
775
6919
776
777
778
779
2827
2829
4877
782
784
786
2838
6936
4891
4893
4899
6947
2853
4902
4904
809
2857
4907
812
6957
6961
819
2867
4917
6967
4920
825
4922
4924
4925
829
2879
835
2885
837
4937
6988
4942
2895
854
855
857
2906
859
2907
7004
864
2913
4964
4966
4967
874
7019
876
2924
4972
2927
7025
882
883
7028
7030
2934
7032
7033
4986
4987
4989
4990
7039
895
2944
897
2946
7043
4999
2953
5001
2954
7050
2955
5004
7053
910
2958
2959
2961
5010
7060
2967
5017
2971
5022
7070
928
2976
7074
2979
934
935
936
937
2985
939
2987
942
5038
2991
5041
2993
2998
7097
955
5054
3007
7103
3008
961
3010
963
7108
965
3013
966
3015
3016
7114
970
5066
5067
3019
5068
7119
5074
5075
979
3027
7126
987
7132
988
990
3038
7134
7135
5087
5088
5089
996
998
7142
5095
999
5102
1007
5104
1009
7161
5114
1019
3067
3068
1021
7165
1022
5118
5123
7172
1033
1036
7181
1039
7184
5138
3094
1046
5143
3095
7193
7194
1051
3099
1054
7198
7201
5155
1063
7207
1064
7209
7212
5165
1076
3126
1079
3127
7223
5177
5184
5186
7235
5189
5192
1097
3150
3152
5200
3153
5204
7253
1110
7255
1112
1114
5212
7260
7261
1119
1120
5217
1125
5221
3174
1127
3175
3177
5226
5227
5229
7278
5231
3184
7283
5235
5236
7284
3189
7286
3191
7289
1149
3200
1152
1155
1157
7308
1164
5262
5264
3216
7313
5268
3224
7323
5276
3230
1183
5280
1186
5284
7332
7334
7335
1192
1195
5293
1198
5294
7346
7347
3252
1206
3254
3256
7353
7354
5309
1214
5315
3268
3269
1222
1224
1229
7373
3280
3281
1234
3285
5334
5335
7383
1240
3290
5343
5345
7394
1252
5348
1254
3303
1255
1256
5355
3311
7408
5364
7412
1269
5367
7416
1273
3322
1275
5371
7419
1276
5374
5376
3329
7428
3333
1286
7430
7431
7432
5385
7434
5387
7436
3340
1293
1295
7441
3350
1306
1308
7452
3357
5405
7453
7455
3362
5412
1316
1318
3366
3367
3369
5417
1324
1325
3373
1329
3379
7477
1333
3382
1334
3383
1345
7489
7492
3397
5445
1352
7499
1357
3406
5454
7502
7510
5464
5467
1373
5469
7517
1385
7532
7533
1391
3439
7535
5492
7540
1397
3445
1399
5495
7543
5496
7544
7546
3451
3453
7550
1407
3456
7553
7554
7555
3460
7560
5514
3470
5519
5520
1426
7572
1429
5525
7574
1431
7576
5531
3485
5534
1440
7584
5537
5538
1445
3495
3497
5546
3498
1452
1454
1458
3509
7606
7607
3512
7610
1469
3519
1472
7617
3521
1474
5570
1476
1479
5575
5576
7624
1480
3528
1481
5577
7629
1488
5587
1493
7638
7639
3548
1502
3553
3555
1508
5605
7653
3558
5606
1511
5612
3564
3566
5614
3568
5616
7666
3572
1525
5625
3578
5626
5628
7677
3582
1534
5633
5635
1541
7687
5642
1548
5645
1551
1552
3600
5648
1553
1556
7701
5655
3608
1561
5657
7706
3610
5661
3615
1569
5668
1574
5670
3623
5671
7721
1578
1580
3629
1586
1588
7732
5687
3640
1594
1595
5691
3644
3645
5693
1598
3646
1603
3651
7749
1609
5705
5708
5709
3663
7759
3664
1618
5714
3667
3668
3669
1625
3674
1626
5723
1629
5725
3678
5726
3679
1633
5731
3684
5732
5734
5736
3690
5739
1644
7790
1647
5744
5745
1652
7799
1657
7803
1661
3709
7809
1666
3716
7812
3717
5766
1671
5767
7815
1672
5768
3724
7822
5774
5779
1684
7828
3733
5781
7830
1690
3740
3741
5790
1694
1695
3743
3745
5793
7841
1698
1699
1700
1701
3755
5804
3756
5805
1712
5808
1713
5810
1715
1716
5812
1717
1719
1720
3768
1722
1723
5822
7872
7873
3779
1734
5831
1736
1738
5835
1742
7886
3791
3794
5842
3797
5845
7895
5848
7896
1753
3801
7898
1757
5855
5856
1761
5859
5861
1766
7912
7918
1775
7921
1780
5876
7925
5879
1786
7931
5884
3836
5886
7936
7938
1799
7944
3849
3850
5898
1803
5899
7948
3854
7953
3858
3861
1814
7958
1818
3867
3868
3871
5919
1826
3874
5922
7971
5926
7974
3879
3881
5930
1835
3884
7981
1839
1840
3891
3892
5940
3893
3894
7991
3895
1848
5945
7993
3898
3899
7995
1854
8003
1861
3910
5961
1866
3915
1870
8014
5967
5970
5972
8022
5976
3929
5978
8027
5980
8029
1886
8031
5985
5986
3941
8037
1894
1895
1896
3947
1901
3950
1902
5998
8047
3952
1904
6000
6001
1906
3954
8052
6009
1914
1915
6012
1917
1920
8064
6018
8066
3972
1925
6021
1926
8071
6024
1930
8076
6029
3982
6032
8081
1938
8082
8084
1942
6040
6044
3997
6047
1951
4002
1957
4006
6054
1959
6055
1962
6058
8107
8110
4016
8116
4020
8120
4025
6075
8124
6077
8126
4033
4035
8131
6084
6086
1993
6090
1995
1996
1997
8142
8145
2001
4050
4051
6099
4052
2006
4054
6103
6104
8152
2012
6108
8156
6111
4064
2016
4065
8161
6114
8169
4074
4076
2030
8176
2034
4083
8180
2036
4085
6133
4086
2042
6139
8189
6142
2046
2047
16
128
2
101
69
389
9
169
44
79
375
56
314
26
316
93
253
