584
0
1025
2
1026
1027
3
1030
1032
1033
11
12
1036
16
1040
17
18
1043
20
1045
1046
22
1047
1049
28
1052
1053
33
1060
38
39
43
1067
46
1070
1071
1073
1074
1076
1077
1078
1079
56
1081
57
58
59
1083
61
1086
63
1088
65
1089
1090
67
68
69
1093
72
73
1098
1099
76
1101
1102
1103
1104
1105
1107
1109
1110
1111
88
1113
92
95
1120
1122
101
102
103
105
1130
1131
115
1142
118
120
1145
125
1149
128
1153
1155
132
133
134
1158
137
1162
140
141
1167
1168
144
1170
147
149
150
153
154
155
1180
156
1181
157
159
1183
1185
1186
163
1187
164
1188
1189
167
1198
1199
176
1200
1203
1205
1206
185
1211
188
1214
190
191
1216
192
1217
195
1219
198
1223
201
1225
1227
205
1229
1230
207
1231
1232
1233
1236
1238
215
1239
216
218
1242
221
1246
223
224
1248
225
1249
226
227
1251
1254
1255
232
1257
233
234
1259
236
1263
1264
241
1267
243
248
1273
251
1275
1276
253
1277
254
1282
259
260
1284
1285
264
270
1294
272
1296
273
1297
1298
275
276
278
1302
281
1305
282
1306
283
284
1310
1312
1315
1316
292
1317
295
296
1322
1323
302
1326
303
1327
304
305
1332
1334
1338
316
1340
1342
320
1344
321
1346
1349
1352
332
1357
1359
1360
1361
337
338
1362
1364
341
342
1366
345
1370
347
1371
1375
352
1378
1379
355
1380
356
1381
359
1385
1386
1387
365
366
1390
373
1398
374
376
1401
378
1402
379
380
1406
383
384
1410
387
1413
394
1418
1420
1422
1423
400
1424
401
1425
402
1426
403
1427
404
1429
407
408
1437
1438
415
1439
1442
1446
1447
424
1448
1449
1451
1453
430
431
432
1456
433
1457
1460
437
1461
439
1463
1465
1466
443
1469
1470
1471
447
1473
1474
451
1475
454
1478
455
456
1480
1484
463
1487
1489
466
1490
1491
1492
468
1497
1498
475
476
1501
480
481
482
1506
486
487
1512
1514
491
1518
495
496
1521
499
1525
502
1526
504
1528
505
1529
507
1531
509
510
1535
512
513
514
1539
517
518
520
521
1548
527
1552
530
531
1557
535
537
539
1564
540
1565
1566
542
545
1571
548
1573
550
1574
551
1575
1576
1578
1579
560
1585
562
1586
1588
565
566
1590
1591
570
1597
1599
1600
578
581
582
584
588
590
593
598
600
604
609
612
615
616
623
625
628
631
634
636
638
642
646
647
652
653
657
665
666
667
668
670
674
675
676
679
681
689
691
696
698
700
701
702
703
705
707
708
709
723
725
729
733
734
737
745
747
753
754
757
758
761
764
765
773
780
785
787
795
796
803
807
808
811
818
819
824
825
826
832
834
838
840
842
843
847
848
849
851
852
855
857
858
864
866
868
869
873
876
879
880
883
884
886
891
893
898
902
907
909
910
913
915
917
922
925
931
936
938
940
943
952
953
959
961
962
966
968
969
972
975
978
981
982
983
984
989
992
997
999
1000
1001
1004
1006
1009
1011
1014
1019
1020
1021
1022
102
256
0
257
1
2
3
4
7
8
265
9
266
16
273
19
21
23
25
281
26
282
283
27
35
292
296
42
300
47
48
308
53
310
311
58
317
318
321
67
324
69
70
327
72
73
77
338
339
85
341
342
343
88
351
95
97
356
100
101
357
358
102
103
364
368
114
374
125
128
132
134
138
146
148
149
150
153
157
159
162
167
170
173
174
182
186
187
190
191
192
193
197
205
211
212
215
234
240
241
246
248
252
0.77