7749
16386
16392
10
16395
18
32788
22
24
16409
32795
32796
32798
16421
38
16423
41
43
32811
32812
16433
49
16434
16437
32821
16440
16441
32826
32829
16447
16448
16453
71
72
32842
32845
32846
32848
32850
83
32852
32855
16471
90
16476
16477
32862
94
16478
16479
98
32866
99
32867
16487
32871
16491
16493
110
16494
16495
112
32880
32883
16500
16502
119
32890
32891
16511
129
16514
32900
32902
135
16522
16524
141
16527
32912
145
32914
147
32916
32917
16533
16534
152
153
32923
16541
32931
16548
164
32934
169
16556
32940
172
175
176
177
178
32947
32949
184
32956
32958
32963
32964
32965
198
200
201
16586
202
32971
205
207
214
16598
215
219
32988
220
221
32992
225
226
32999
16617
235
236
33005
33009
33013
16631
33018
16636
16637
253
254
16640
33026
33027
16643
33029
261
16646
16647
263
16650
33034
16652
269
16656
16660
16661
33046
16663
33049
16666
283
33052
16669
16670
33054
293
294
16680
33064
33065
16681
297
298
33068
300
16684
16685
33070
303
33073
16690
306
16695
312
318
16706
322
33090
16710
33095
329
33098
16717
33101
16721
33106
33111
16728
33116
350
351
353
358
362
33132
33134
369
33137
370
375
379
33148
16765
384
16771
33155
388
16773
393
16779
33163
396
16780
16781
16788
405
33173
33175
33178
412
16797
422
33190
425
426
427
430
16814
431
436
16820
33204
33207
440
16827
445
16831
16834
16835
16836
452
33224
33226
458
33228
460
462
16848
465
33234
33235
16854
16855
33241
478
480
16867
485
16870
486
33259
16879
33263
33268
16889
16896
514
517
16901
33291
16912
33300
16916
33301
33307
541
33309
542
543
16929
546
16932
33317
33318
16939
33323
556
33326
16942
563
564
565
33333
33334
568
16956
33343
577
16961
33347
33356
16973
16974
592
16977
33363
33365
601
602
16987
33373
16990
33375
610
33379
17000
620
33388
33390
622
17010
17011
630
632
33400
634
635
33403
33404
33405
641
643
33411
17028
646
33415
648
17033
33419
33420
33421
33422
33423
17039
33427
17043
33429
662
17049
33434
33438
33441
17059
17062
679
17069
17070
689
17076
692
17080
33464
33465
33466
17082
699
702
703
17087
17088
33473
17091
33476
33477
17097
714
17099
33487
33494
726
33495
33497
17114
731
732
33503
735
737
17124
33512
17132
17134
17135
753
33523
33526
33531
763
766
769
17154
770
774
17159
775
17162
33546
33549
33550
782
785
17175
33563
33566
33567
800
33568
33575
33577
17194
33582
17200
817
33590
33592
33593
17210
33599
17217
836
33607
840
17227
17230
850
17235
33620
33622
855
33624
856
858
33627
17243
33628
17247
33633
33634
33636
17252
868
869
17257
878
880
33648
17266
33650
882
883
17275
892
33661
17277
897
898
902
33670
33673
33674
17294
17295
17296
17297
914
33684
919
33689
33690
17307
33691
924
33697
33699
934
17322
33707
17325
17326
943
944
33712
945
33713
17338
33723
17339
33726
17343
17344
961
17348
964
33733
33735
17357
17358
17360
977
33745
17362
979
981
33752
33754
992
17379
33764
17381
1000
1002
17389
17390
33774
17391
17392
33776
33777
17395
1011
17396
33782
17399
33787
1020
33789
1023
1028
1032
17422
1038
17428
33813
17432
1053
33821
17438
33822
33823
33824
17441
1057
17442
17447
17453
33840
17457
17460
33845
17461
1079
17466
17469
1088
17472
33859
1100
1108
1110
33879
1113
1114
1116
1119
17507
1123
33892
1128
33901
17518
33903
33908
1141
33909
1145
33913
33916
17533
17536
1154
17541
17548
1166
1167
1169
33939
1173
33941
17565
1182
17567
17568
17569
17576
1198
33967
1200
17586
1203
1207
17597
1215
17601
1218
1225
17611
1229
17614
34001
17620
1240
1243
34012
17628
34013
17632
1249
34018
34020
1253
17638
1254
17642
34027
1259
1265
17650
1268
34036
1277
1278
34048
34051
17668
34060
17683
1302
34073
34075
17695
1311
1315
34083
34086
1318
1326
1328
34098
34099
34100
1332
17718
17720
17722
34110
1343
17727
17731
1350
34119
34120
34126
1364
34133
1367
1374
1375
1383
34152
17768
17769
17770
34154
34155
34156
17774
34161
1396
17783
34169
34171
17788
1406
17791
1408
17795
1412
34182
34183
1421
17806
1422
34192
17809
34201
17820
34208
1440
17827
17828
1444
17830
1455
17840
34225
17843
1462
17846
17848
34234
17852
34236
17854
17857
1474
34245
1478
34248
34249
1481
1483
1485
17874
1492
17878
17879
17880
34264
17882
1499
17885
34270
17887
34275
17891
17892
34277
17896
1515
1516
17900
17903
1520
17906
34290
17907
1523
17908
34292
17910
34297
34304
1537
1540
17926
34317
1551
1553
1556
34325
1557
34326
17944
1562
1564
1565
34333
34335
1567
17957
34342
17958
1575
17961
34349
17966
17967
17968
1586
1590
1591
34359
17977
34361
17978
17979
17980
34366
17982
34368
17986
34373
17991
1608
1609
34378
17995
1612
34382
1614
34383
1618
34386
18003
34387
1619
34388
18007
18011
18012
1633
34402
18022
1638
34408
34409
34410
1643
34412
18028
18029
18030
34415
18032
34418
18034
18036
34420
18037
34422
18041
34426
34427
1659
1660
34430
1662
18046
34433
34434
18050
1667
34435
34438
18055
34440
18058
1680
18065
34449
18069
1686
1687
1690
1693
18081
34466
18082
1704
34474
18091
18096
1712
1713
18098
1715
34484
34486
34487
34492
1727
1734
1736
18120
1737
34505
18121
18123
18124
18125
18126
1745
18130
34514
34515
18131
34517
18135
18137
1758
34529
18148
1766
34534
18151
18153
1769
18154
1775
18160
1776
1780
1781
34551
18169
34555
1788
34556
34557
18181
18182
1799
18183
18185
1801
18188
34573
34576
34577
1810
34579
1816
18203
34588
18205
34591
34595
1827
1829
1830
18214
1831
1832
34600
18218
34603
34605
18223
34608
1842
34611
34612
18230
18232
1851
34621
18238
1859
34628
1862
34631
18249
34634
34637
18253
18255
34641
1873
18260
34645
34648
34650
18268
34652
1884
1886
18271
34657
34663
34667
1899
18286
18290
34678
18295
34682
1916
18300
18301
34685
18303
18306
34690
1923
34692
18310
18314
18317
34702
18320
34705
1939
18324
18328
34712
1945
18330
18333
1950
34718
1953
34722
18338
34723
34726
34727
18346
1963
34732
18352
34737
1972
1976
18362
1978
34747
18364
1983
18369
18371
18374
18375
18378
1994
34763
18379
34764
1996
34766
2001
2003
34772
18388
2005
18389
34773
2006
34781
18401
2018
2019
18406
18408
2027
18412
34796
2031
18415
34807
2039
2041
34809
18426
2042
34815
2048
2049
2051
34819
34820
34821
18437
2057
2060
34829
2061
34831
18448
18449
34835
18452
34837
2072
18461
2077
34846
2080
34848
2083
34853
2085
18471
34858
18474
34859
18476
34861
2095
18479
18482
2100
2105
34873
2109
34877
2110
34880
34881
34882
34883
18500
18504
2120
18507
34892
2126
34896
2128
18514
2134
2136
18522
34915
2157
34926
18543
18544
2161
18546
2163
18547
34934
34935
34936
2170
2172
34941
18558
2175
34943
34945
2179
34948
34950
2183
18569
34956
2189
2190
18575
2192
18577
2194
18581
18587
2204
34973
34975
34978
34979
2211
34980
34986
18602
34987
2220
18605
2221
2230
35000
18616
35001
18618
2235
2236
18621
2241
2242
18628
18629
2246
35015
2249
35019
2255
18640
35026
35036
18653
35037
2272
18657
18658
18661
35049
18666
35050
18667
18670
2290
2292
18677
2295
35063
18682
18683
18684
18686
35072
2308
35076
18693
18694
2312
18696
35083
18699
35084
35085
18701
35087
18709
35095
35098
2330
35103
18729
2346
18732
18734
2352
2354
18739
35125
2360
35131
2363
2365
18751
2369
18754
18758
2378
18762
35148
18767
35151
18770
35158
18779
2395
35165
35166
35168
18784
18787
35175
2408
18792
2412
18798
2415
35183
18800
18802
35186
35188
2422
18810
18814
2432
35202
18818
2435
35207
35209
18827
2443
18828
18833
2461
35231
2463
35233
2466
35237
2469
18858
2475
35244
2476
35246
2478
18865
18869
18872
18875
18879
2496
18881
18882
2499
35267
35268
2503
18888
18889
35273
18890
18894
2514
35283
2517
2518
35290
2522
18907
35292
18912
2528
2529
18913
35300
18918
35302
35306
2544
35312
35313
35314
2546
18932
2548
18937
35322
35327
2561
35336
35343
18963
35350
35353
2587
2594
35363
35366
2600
18988
35373
18993
18996
18997
35381
35385
35388
35392
35394
35397
2631
19016
35402
19019
35404
2639
19023
19026
35412
2645
35417
35418
2651
19040
35427
2660
35433
35435
35438
19054
35439
35441
35444
19061
2677
35447
2680
35450
2684
2686
19076
2692
19079
19082
35468
2703
19088
2706
35475
19091
2708
2710
2711
35488
2723
35493
19110
19111
19112
19114
35500
19118
19119
35505
35506
19122
2740
35509
19126
2742
19127
2743
35515
19134
2750
2757
2758
35526
19145
2764
35533
35537
2771
19156
19159
19160
2778
19163
2780
19166
35552
19170
2787
35558
35562
19181
2797
19182
35569
2802
35572
2806
2807
19191
19196
2813
35582
2814
19199
2817
35589
2821
2822
35591
19208
2825
35593
2826
35595
2828
35597
19215
2831
2835
2836
2837
19223
2841
19230
2850
35620
2855
19241
19245
19246
2862
35631
35634
35644
35645
35647
2880
19265
35651
2886
2888
35661
19279
2895
2902
35672
19289
35678
2911
19299
19301
2919
35688
19305
19306
19309
19314
35700
35701
35703
35706
2938
35708
35710
35711
2945
35713
19331
35721
2954
19339
35723
2956
35725
19342
35726
35728
35729
2963
2964
2966
19351
35736
2969
2973
2978
19362
2979
19364
2980
19369
19373
35757
35759
2992
19376
35765
19381
35766
19382
2999
19385
3002
19387
35771
35772
19391
35775
3007
3008
19392
35776
3011
35782
19400
35785
3019
19405
3021
35791
35796
3029
19413
3030
35800
3032
19425
3042
19427
19429
35814
35815
3048
19433
35817
35818
3061
19448
19449
19450
35839
3078
35847
35849
19465
3083
35853
35857
3089
19474
35859
19475
35861
3095
3097
3104
19493
3109
35877
3110
35880
35883
3119
19503
35888
35891
3123
19508
3127
3128
19513
35898
19516
19519
3135
35904
19522
3138
35913
3148
19533
3149
19534
35919
19536
3152
35920
35924
19540
35926
3158
19543
3161
35933
35935
19551
3170
35938
3172
35943
35944
3176
35946
3180
19567
35952
3186
35955
19572
3189
35958
3193
19579
35963
35964
3198
19583
35968
19585
3203
35972
35975
3212
35983
3216
19603
3221
19606
3222
3223
35992
19611
3228
19616
36002
3236
36004
36011
3244
36012
3248
36017
19633
36019
19642
3258
36027
3261
3265
36034
36035
19656
3273
3275
36043
3277
19662
3281
36050
19670
36057
19674
36062
36063
19686
3302
36072
3305
19691
3310
3311
36079
19696
36081
3314
19699
19700
19701
3319
36087
36092
3325
19712
3330
36103
36107
3340
19726
36111
3343
19728
3345
36114
36116
3350
36119
3351
19736
3359
19743
19746
36133
3368
36138
3372
36140
3373
19759
36146
19762
3379
3381
36150
36154
3387
36158
36159
19776
36160
36163
36164
19785
3403
36173
36174
36179
3412
36180
19798
19804
36190
36196
36199
19815
3432
19817
19818
36202
3434
19822
3439
36210
3449
36219
19838
36227
19847
3466
36235
3471
36240
36242
3475
3476
3477
19862
36249
36251
19869
3486
3487
36257
3493
19877
3494
36263
3496
3500
36272
19888
19889
3505
3508
3510
3513
19899
3515
19900
3516
36290
3526
36299
36303
19920
36305
3537
36308
36317
19933
19934
36319
3552
3553
36321
3555
3556
3557
19941
19943
3561
19946
36330
19947
36331
3565
36336
3572
19957
19959
36347
3579
19964
3581
36349
19965
3582
36352
19969
3586
19970
36358
36361
36363
3596
19980
19981
19983
19986
19987
36372
36375
19991
19993
3610
36381
19998
19999
3619
36387
20004
3620
36392
3628
20013
3630
36399
3633
20019
36408
36410
36412
20029
36414
20031
20034
36427
20044
36430
3663
20049
20050
3666
36436
36438
3673
20059
3675
36444
36446
3679
20063
36447
20064
20065
20069
20073
20075
3693
20079
36464
3696
3697
36466
20086
36472
36473
3706
20091
20093
3710
36479
36481
3715
20103
3719
36491
3729
3730
36500
36502
20121
3739
20127
20128
20130
36515
20139
36526
20144
20146
36531
3763
20148
3769
20155
3771
36541
3778
20163
36547
20165
20168
3789
3790
20182
3798
36569
20189
36575
20191
36578
20197
20198
36586
3819
36589
3823
36591
36595
20212
36600
36601
3833
3835
20219
3837
3838
3840
20224
36610
3844
36614
20230
3847
3848
20238
36625
20242
3863
3864
36635
3868
3869
36639
36641
3875
36643
20259
3877
20261
36658
3891
3896
36666
3900
36668
36669
20287
20288
20289
36676
36678
3911
3915
36684
20302
3921
20307
20308
36693
36696
36698
3930
20317
36703
3936
36706
36712
20329
36716
3949
3951
20336
36720
20337
20338
20339
36724
3957
20341
20342
3961
36729
3963
20348
20350
20354
3971
36743
20360
3978
36747
3979
3983
3984
20370
36754
36755
36756
3988
36759
3998
36771
4004
36772
4008
4013
4019
36788
4023
36791
36794
20412
4029
20414
4031
36800
36804
20426
20428
36813
4047
20433
20435
4052
36824
4056
36828
20445
36831
4064
4065
4073
36842
4075
4076
20462
36846
4079
4080
20466
36851
4083
4085
36855
36859
20475
36863
20480
20481
36867
20484
36868
36872
36875
4109
4111
36882
36884
20500
4120
36890
20507
20508
20510
36899
4139
4141
36910
4143
20528
4146
36922
20538
4154
20539
4157
36925
20541
4159
36927
20549
36934
36935
4167
4168
4173
20558
4175
36945
4177
4179
36949
36958
4195
20579
4196
4200
20587
36972
36974
4206
4211
4212
20596
4216
20601
20602
36988
36990
36995
4228
36999
20622
4241
20626
37012
4244
4246
20641
37027
20643
20645
37036
37037
4269
37038
20656
4273
37050
20667
20670
4288
37057
4291
37060
4293
20681
37065
37070
4303
37080
4315
20699
4317
4319
20707
37091
4324
20709
37097
20717
20718
20719
20721
37105
20724
4340
37111
37112
4345
37116
20734
37122
20739
20741
4358
20742
4361
37129
37130
4362
4364
37132
37136
20753
37139
4372
20757
37141
20758
4377
4378
20762
20764
20765
20766
20769
20770
20771
4388
20774
37158
20779
37169
37170
20789
20792
20793
37178
37179
20797
37183
20802
4418
37188
20804
4421
4422
37191
20810
20814
37199
4434
20818
4442
20827
37214
37215
4448
4450
4455
20841
20842
4459
20843
20846
4463
20849
4471
20855
4472
4476
4477
20862
37247
37248
37253
20872
20874
20877
4493
4494
4495
20880
37264
4502
4507
20896
4513
20897
37282
4515
20900
4516
37284
20902
4519
4520
4521
4522
20907
20908
20910
37296
20913
37301
20919
4537
20924
20925
4547
37316
20934
20935
37321
20940
37324
37329
20947
37332
4565
37339
37341
4580
20965
37349
37353
37355
20975
4593
4594
20980
37364
4596
4597
37371
37372
4607
4608
37376
4612
20996
37380
37381
4614
37383
4615
4616
4618
21002
37387
21003
4621
21009
37396
21013
21015
4633
37402
37406
21024
37409
4641
21030
21031
4648
4649
21033
21035
4652
21039
21045
37431
37432
21051
4672
21061
4679
4681
37450
37451
4683
4685
21070
37456
4688
21074
4691
4698
21083
4702
21087
37473
37477
21094
37479
4714
37482
21101
4720
37491
4724
21110
21112
4729
37497
4735
37504
4737
37507
21125
37515
21131
21134
21135
4755
37527
4762
37531
37535
21151
21155
21158
21162
37549
21166
4783
21167
4785
37554
37555
4788
21174
4795
37565
21182
37566
4798
37568
21185
37571
4806
21190
4809
37578
4817
37588
37589
21206
4823
37597
4833
37607
21224
21226
4844
4847
4848
37617
37619
21236
21237
37622
21238
37623
21241
21242
4858
37633
4866
37634
37635
4868
37640
4874
21259
4877
37647
21264
4881
21266
4886
21273
4890
4891
21275
21278
37662
4896
4897
21283
4900
21289
4907
4908
37678
21295
21296
21300
21304
37688
21307
21309
37700
37701
37702
4934
21319
21322
4938
37706
37708
4944
37712
21330
21333
21334
37721
4953
37722
21340
37726
37728
4961
37731
4963
21348
21349
21350
37735
21351
37737
4970
37744
37747
21364
4982
37750
37752
21373
4989
21374
37760
21381
37765
5002
5005
37774
37776
5011
21399
37784
21402
37787
37789
21407
37793
21410
21412
5028
21419
5036
37804
37806
5039
37808
5043
5045
37819
37823
21444
21446
37831
5064
21449
21451
5072
21462
5079
37849
21465
5082
21469
37853
5086
5087
21474
21476
37860
21477
37861
21478
5095
21480
37864
5097
21482
21485
21487
37872
5106
21495
37881
37888
5123
21509
5128
5132
5133
37902
5136
21521
5138
21522
5139
5140
37910
37911
5147
21532
37923
21540
37925
5158
37929
21547
21550
5169
37939
37941
5174
21559
21560
21562
37948
5181
21573
21574
37958
37959
37961
21577
37962
21582
37966
5198
5205
5206
21592
21599
5218
5223
37993
37994
21610
21611
5228
21613
21614
5231
38002
21619
21620
21625
38009
38010
5243
38016
38018
5252
21636
38021
38022
21638
21646
5264
5268
21655
5271
38042
38043
5279
38050
21667
38052
38053
5289
5290
21674
38062
38064
38065
38069
21686
21687
5305
21690
38076
21699
5317
5320
38089
21707
21708
5325
5327
21711
5328
38096
38097
21719
38104
21720
5339
5341
38110
21728
21730
21731
5351
21741
21745
38130
38131
5364
21749
21750
5369
38137
38139
38142
21761
38147
38148
5380
21764
5385
38154
21770
21771
21772
5389
5390
5391
21778
38165
5398
21787
5404
21789
38173
5407
38176
38177
38178
21797
38184
5420
21804
38188
21805
38190
38191
5426
5429
21814
5431
38200
38202
5434
5435
38204
21821
5439
21829
38216
21833
5450
5451
38219
21836
21837
38222
5456
21840
21841
5459
21848
21849
38233
5466
5467
5468
5469
21856
21865
21866
21867
5483
5484
5485
21869
5486
5487
38257
5490
5494
5500
38268
5505
38273
5509
21893
21895
5515
38284
5516
38285
5517
5521
21906
21907
21908
21917
5538
38308
21924
21927
38312
5544
5549
5550
38319
5554
5556
5557
21942
5560
21945
38332
21949
21950
5568
5574
5576
5586
21978
21979
38365
38370
21987
38371
5604
38373
21990
21991
21994
5611
38380
21997
5615
22000
22001
22002
38386
22003
38387
22004
38391
22010
38395
22012
5628
38397
22014
38401
5633
22018
38404
38407
22024
5640
22030
5647
22035
22040
38425
5657
22045
5664
5665
38438
22055
38440
38442
38443
22060
5676
22061
38449
5689
38458
5694
22087
38471
22088
22090
38482
22098
5717
38487
5724
38493
22110
38499
38500
22116
5734
38504
22121
38512
22128
22129
22133
5751
38520
22138
5757
22142
5764
38533
22153
38537
5769
38538
22155
22158
5776
5777
38547
5780
22164
5782
5785
22170
22171
38555
22180
38564
5798
38567
22185
5803
5805
5809
22195
5812
5813
5816
38586
22202
38590
5827
5828
22214
22215
5831
38600
22222
5840
22224
5841
22225
5842
22230
38614
22233
22234
22235
38621
22238
5859
38628
22246
22248
5865
38635
22252
22256
38640
22257
22260
38649
5881
5891
38659
22276
22280
5899
22283
5900
22286
38675
22294
5910
22297
38682
5915
22305
38690
38691
38692
5925
38694
22317
5934
22319
38706
22323
38707
5943
5945
5947
22332
38717
5950
22335
38722
22340
5957
38726
38728
38729
38733
5966
5967
22354
38738
38742
5978
22364
22367
38756
5988
5990
38758
38766
38768
22387
38772
38773
38774
38778
6010
22396
6013
38781
22400
38786
6019
38790
6024
38794
22410
6027
22411
22413
38802
38804
6036
38805
6043
6046
38815
38816
22432
38819
6051
22436
6058
22442
6061
38829
22447
22450
22454
6070
6076
38844
38855
38857
38858
6090
6092
22477
6095
22481
6098
22482
38866
38867
22484
22486
22488
22489
6109
22493
6110
38878
22495
38881
6114
22498
22508
6124
38893
38895
6131
38905
38909
6144
6145
22531
22536
6155
6157
22545
38929
22548
6166
6167
22551
6169
6171
22564
22566
6182
22567
6183
22568
38958
22574
6190
38960
22577
22578
6194
38964
6198
6200
22587
38971
38972
6204
22592
6209
22597
6214
22602
38988
6220
22604
6221
22605
38990
22612
38996
38997
38998
38999
22616
39002
22618
6235
39006
6238
22622
22628
39014
6247
6248
22632
39021
39028
39031
6266
6268
22657
22659
6275
6276
22660
39044
6277
22661
39050
22667
22668
22669
22670
6293
6294
39066
39072
39074
22690
6307
22691
39081
6314
6315
6320
6323
39091
39093
22709
22711
39098
22716
6335
22720
39105
39106
22725
22726
39112
6344
22732
6350
39118
22740
22744
6362
22747
22752
22762
39147
6379
39149
6391
6392
6395
39166
22783
6399
39170
39172
6406
22790
22792
6412
22798
6418
22803
39191
22807
22809
39193
22810
39199
22817
6435
39204
22821
39207
22825
39209
22827
39214
6450
6452
39221
22838
6454
39225
22842
6460
22845
6463
22847
6466
39236
6470
39240
39241
22862
22863
22865
22866
39250
39252
39254
22871
39256
39257
39258
6490
22874
22875
6493
39262
6496
39270
22886
6502
22887
39275
6507
22892
39281
39282
6515
22908
39293
22911
6529
39298
39301
22917
22918
6535
39303
22924
6540
6544
39314
6546
22933
6549
39317
6552
39321
22937
22939
6555
39323
6556
6558
39326
22943
22944
6562
6569
22956
39343
22959
39346
22964
39348
22968
6585
39354
6586
22974
6593
39364
22981
39365
22985
39369
39371
22990
39380
6612
22998
6615
39385
23005
6621
6624
6625
23013
6631
6633
39402
6634
39404
23022
6641
23027
23033
23035
23036
39423
39428
23046
39431
23048
23049
23051
39435
23053
23054
6670
23055
6672
39440
6679
6680
23065
23066
6685
23069
6689
23075
23077
6693
23079
6696
39465
6698
39466
6704
23090
39476
23093
6709
39478
39486
39490
23109
39493
23111
6730
39499
6732
23117
6734
39503
39506
6738
39509
23125
39515
23134
6752
23139
6758
23146
6764
23148
39533
6775
23160
23162
6784
6787
39557
6790
23180
6799
6801
23188
39572
39573
39577
39578
6810
23196
23197
6814
23200
6816
39584
6818
39587
39588
39590
6824
6829
39597
39598
6830
6832
39601
23217
39604
23220
6839
6842
23226
23227
6845
39614
23230
39615
23233
39619
23236
6853
23250
39635
39637
39639
39645
6877
23264
6881
6891
23275
39660
6892
39663
23279
6900
6908
39679
39680
6914
23301
39686
6918
23306
39692
39694
39703
39709
39711
6948
23333
6949
6951
23336
39720
39721
6954
39722
39731
39732
39733
23350
39736
39738
39740
39741
6975
39743
39746
6980
39750
23366
23368
6985
6990
23376
39760
6994
39766
23384
39769
23385
39772
39773
23389
39779
39782
7015
23400
7019
23406
23407
23408
39793
7025
23409
7026
23412
7030
39799
39805
7041
7042
23426
39810
39811
23427
7043
23437
39822
39825
23443
7060
39831
7068
39836
7070
39839
23459
39843
39844
23460
7077
7079
7080
23464
7088
23474
23480
7096
7097
23482
39867
23484
39868
39873
39874
23490
7110
23494
39878
7112
23497
23499
7118
39888
39889
7122
7124
7128
7131
23516
23518
23519
7139
39907
23525
23527
39916
39920
39921
39922
23538
39924
39926
23544
7165
7170
39938
7172
23558
39949
23567
39951
7184
7185
23570
23573
39959
23576
23578
39963
39964
7199
39968
7203
39975
23591
39978
39980
7212
39988
39989
23610
39996
23614
39998
40003
40005
40009
7242
7248
7253
40022
7258
23644
23646
7262
7264
23654
40039
23656
23658
40042
40043
40045
23661
7279
40048
40049
7281
23669
7285
40056
40059
23675
40061
23679
7295
23681
23686
40071
23687
40073
7306
23692
40076
7311
23696
7314
23698
40082
40084
23702
7320
7322
23706
7325
23710
23713
7331
40105
23723
23725
23726
23727
40118
40120
23737
7353
7355
23740
40125
7357
23743
40131
40132
7365
40133
40136
7369
7370
23759
40144
7376
40152
40153
23769
23770
23772
23775
40159
7392
40160
7395
23784
23787
40172
7406
40176
7412
23799
40185
23802
7421
23805
40191
40192
7425
23810
23811
7428
40200
23817
23819
40204
7440
40210
40215
40216
23835
40221
40223
23840
23843
23845
40230
7463
23849
40235
40237
7469
40238
7475
23861
40245
7478
23867
7485
23869
23872
7488
40258
7491
7494
40262
7497
40267
40270
40271
40272
7505
7507
40276
23893
40277
23894
23895
40279
23897
23900
7518
23907
7523
40292
40294
23916
7532
23923
7539
7542
40311
7546
23932
7550
40319
7552
40321
7553
23939
23941
23944
23947
40335
7569
40342
23958
23962
7580
23967
7587
40356
23974
7590
40359
23980
40367
7600
23985
23987
7606
40376
7609
7610
40382
7614
24003
7623
40393
40394
40396
7628
24014
40404
40405
40409
7642
24030
40415
24038
7654
40423
40426
7659
7661
24048
7665
24050
40437
7673
7677
7681
24068
7685
40454
24071
24072
40457
7690
7694
24079
24080
7696
7697
24081
40466
7706
40475
40476
40479
24099
7716
7717
40488
7723
40491
24107
7724
40492
40493
7726
40498
40500
24117
40501
24126
7744
40516
7750
24134
40518
40520
24139
24143
40530
7764
24151
7770
7777
24161
40548
7780
24165
7782
40551
40552
24170
7787
7788
24172
40557
24181
40566
24183
40567
24186
24187
7806
24191
40576
24192
40579
24203
7820
40589
24208
40593
40594
7830
24214
40604
7836
40606
7839
24224
40609
24225
24227
24229
7846
7850
40619
24239
40623
24242
24243
7861
7865
40638
40639
24255
7872
40649
7881
40653
7891
40665
7898
7901
7902
24288
24289
40675
7908
7914
24298
40683
24301
40687
7922
40691
40696
24312
7932
24319
40704
7944
24328
40714
24331
40716
7948
40717
7949
40719
7954
24340
40724
24343
7965
7969
24359
40743
40744
24369
40755
40757
24373
24379
7995
24383
24387
24388
24395
8012
8013
40785
40787
8021
40790
24406
40792
24409
8026
40795
24412
24415
8031
24416
24420
8039
40807
40810
40815
40816
8049
24434
40820
40822
40823
24439
24441
8058
40829
8063
24451
24453
8070
8076
8078
40846
40851
40852
40854
24472
40857
24476
40861
8093
40864
8098
8100
8103
8105
24490
40875
8113
40882
8116
8121
8122
8123
40892
40893
8125
40900
24516
40901
40904
40906
24523
24526
40911
40912
40916
8150
24541
40927
24545
8162
8165
40936
8169
8172
40942
24560
40944
8177
40946
24574
40960
8192
40961
40964
8200
24584
24587
8206
40977
8209
40978
24600
8217
40985
8223
40991
40992
8226
8227
24612
40997
8230
8233
41001
8239
24633
24637
24639
41025
8258
24644
8260
41032
24649
24650
8267
41037
8269
41041
8273
24659
41046
41048
41049
41055
41056
24675
24676
8293
24678
8295
41064
41066
24683
41070
24687
8304
8306
24691
41080
41081
24698
41084
41087
24703
41091
8324
24713
41101
8335
8342
41111
24728
41113
8347
8349
41119
41120
24737
8355
24739
8356
24740
8357
24741
24743
41128
8360
24744
41131
41132
8367
8370
24759
41145
41147
8379
41148
24764
8381
24765
8383
8385
24769
24770
41155
8388
41156
8389
8392
41161
24779
24780
8398
8399
41167
8402
8403
24788
41174
8410
24799
8417
24803
41193
8425
41194
41197
8430
24816
41202
8438
8443
24833
8451
41219
8453
24837
41223
24843
24845
41229
8463
24847
24849
8466
8468
24852
8471
8472
8473
24858
24859
24862
24863
24864
41249
24869
24870
41255
41257
24873
8490
24877
41262
24882
41268
41269
41274
41279
41280
24896
24899
8516
41286
24903
8521
24905
24906
24908
8526
8527
24912
8529
24917
41302
41304
41307
24924
8543
24929
8545
8546
24933
8552
24938
24939
8556
41326
41329
24945
41333
8567
24952
8568
41336
24953
8571
8572
24956
24960
24962
8581
41349
24969
24970
8587
41356
8588
41358
8592
8595
24979
24980
8596
41365
24983
24984
24985
24988
8606
24991
41376
8609
41380
24998
8616
25002
41387
25003
41390
25006
41391
41392
41396
25014
25018
8637
8638
25030
25034
41422
41423
8655
25041
41427
8660
25052
8668
8670
8674
25058
41443
41444
25061
41445
8677
25062
25063
8679
41449
8688
8691
8693
41462
25079
8696
8698
25082
25084
8702
25086
41471
41472
25094
25097
41483
8718
25102
41490
8724
25108
25109
41494
41497
25114
41499
8734
25119
41503
25120
8737
8738
8739
25123
8740
8742
41512
41514
8750
25136
25137
25145
41532
41534
8766
25151
41537
25154
25157
25158
8782
25169
8786
8791
25176
41564
8799
25183
8802
25189
8810
41579
8814
25198
41587
41591
25213
41599
41600
25216
25217
25218
25225
25227
41613
41615
25233
25234
41620
25237
8858
8859
8860
8864
25249
25252
25259
25266
8882
25268
8886
25270
8891
8892
41661
25279
8897
25285
8902
25291
41677
41679
41681
8913
8914
25298
25301
41686
25306
25307
41691
8923
41694
41700
25317
41702
25318
41705
25323
8939
25324
41710
41713
8945
41717
25335
41722
41723
25340
25341
41726
8959
41732
41735
41739
41746
41747
25365
8982
41754
41755
25372
25373
8992
25379
25381
8999
25383
9006
9007
41776
9010
41779
9012
41780
25396
9013
9017
25402
41788
41789
41793
25410
9027
41795
25412
9028
9029
41798
9030
41799
9032
41802
9036
9037
41806
25424
25426
9045
9048
25434
41818
25436
9052
25437
41821
9054
41823
25445
41834
9068
9069
41838
25457
9074
25459
25463
9079
9081
25466
41852
41854
25474
9090
25475
41859
9092
25477
41863
9096
25481
41869
9101
9102
25487
9108
25497
41881
9114
41883
41888
25505
41890
9122
9130
41898
41901
9136
25526
9143
25528
25529
41914
41917
25536
41920
41922
9156
25541
41925
41926
41929
9161
25551
25554
9171
41940
9172
9173
25559
41944
25563
41950
9182
25568
41953
9186
9189
41958
9192
41963
9197
41969
25597
25599
9216
41985
9219
9222
41992
25609
41995
25612
41997
9231
41999
25615
42000
25616
25619
42004
9236
9237
25622
42006
9241
9242
42011
25628
9246
25633
9250
25635
42026
9259
25644
42030
9265
9268
25656
25657
42046
42048
25665
25666
42053
9288
25672
9291
25675
42060
9292
9296
42064
25680
9297
25681
25682
42067
25691
9308
42076
9312
25696
42081
42084
9317
25702
25704
25706
9326
42094
25711
25712
9331
9332
42100
42102
25718
25725
42109
42112
42114
42116
25732
9348
9349
42118
25735
9353
25739
42123
42124
42125
42126
25744
25748
9365
42136
42137
42139
25755
42142
25759
9375
42145
25762
42151
42153
25770
25771
9389
9390
25775
9395
25781
42166
42169
9403
25791
9408
42180
25797
42184
9416
25801
42185
9420
25805
9421
25807
9424
42193
42194
42196
42199
25819
42203
42208
42209
25827
25828
9446
25831
42216
25833
25834
9450
42220
42221
9455
9457
25842
42226
25845
25849
25850
9468
42237
25855
42241
25857
42242
25861
25864
42252
25868
25871
9487
42262
42263
9496
25881
25884
9502
9503
25887
9505
42274
42276
9512
9516
9521
25905
9522
42292
42293
9526
42294
9527
9528
42296
25913
42300
42301
9533
9535
9538
9539
25923
42309
42311
9544
25929
42315
25938
42322
25939
25940
25942
42326
25950
25951
42335
9569
9572
42340
42341
42345
42346
9580
42348
42349
25965
9582
42352
42353
25970
42355
9588
25974
42358
25977
25978
42363
42366
9600
25986
9603
42371
25988
25993
9610
42380
9615
9618
26002
42392
26011
9628
26014
42400
42406
26023
26024
42410
9643
42412
26033
42418
42419
42422
42424
42425
26047
42432
26049
26050
9667
26053
26060
26061
42446
9679
42447
9684
9685
42456
9691
9692
42461
9693
26078
42462
42465
26082
9698
42467
26084
42482
26098
9715
26107
42492
9726
26111
9728
42498
26114
9731
42499
9732
42500
26119
42505
26123
42511
26131
26132
9759
42528
26144
9763
26147
42544
9778
9781
42553
26170
42554
26174
9791
26176
26180
26182
42568
9806
26190
42575
9812
26197
42581
26199
42586
26204
42592
42596
42597
42607
42610
9846
26231
42615
9849
26234
26235
26236
26239
26244
26248
9866
26255
42639
26257
9873
9877
26262
9879
9880
9881
9883
42652
26270
26273
9890
42659
26277
26279
9896
42665
42667
26283
42670
42671
26288
26293
42678
9911
26297
9914
42686
26302
9923
9927
26317
42702
26320
9936
42706
9938
9947
42715
26332
42717
26334
42721
26339
9961
9962
42730
26347
42731
26350
42738
9971
42742
26360
9988
9989
26373
42763
9998
42767
42768
10000
42771
10004
42773
26389
26390
26392
26397
10014
42782
10015
26400
26403
10024
42792
26409
10026
42797
42799
26422
42810
42814
42816
10051
26436
42822
10062
26448
10064
10070
42839
26455
10073
42847
42848
42849
10083
10085
42853
26471
42856
42861
10095
42866
26482
10100
26485
26487
10104
10108
42879
10118
42887
10122
42892
10126
10130
26518
10134
10135
26520
10138
26523
10140
42910
42914
42915
26532
42917
26534
42920
10155
26540
10156
42925
10158
42929
26547
26548
10168
42937
42938
26555
42941
10174
10175
26564
10185
42953
10194
10196
42965
26586
10202
42976
10209
26598
42982
10215
42991
26609
26610
10228
10229
26613
10236
26624
43009
26626
26627
26628
26629
26630
43014
26633
43020
10255
26640
26641
26643
26644
10261
43030
10267
43038
26654
43039
10274
43043
10275
10276
10277
43045
26662
26668
10284
43052
26669
43053
26670
26671
26672
10288
43060
26677
43066
26682
10300
26685
10301
10305
43077
10309
43078
43079
26701
10318
10319
10320
26704
10322
43090
10323
43094
26711
26712
43097
26716
10333
26718
10335
26722
43108
43110
26726
26727
10344
26732
10348
10350
26735
26736
43120
43122
43123
26739
26740
10356
43125
26741
43126
43127
43130
43132
26757
10376
26763
10381
43150
10384
26768
43154
10386
10387
43155
26775
43159
43160
26777
10404
43173
43178
26799
26800
43186
10421
43189
26807
43194
43195
26811
43197
26814
26816
26817
10434
43202
10436
26820
10438
26824
10440
10441
10442
43212
10444
26828
10445
10446
43214
10451
43220
10454
26838
26839
10456
10463
26849
43234
26851
26852
10469
10470
43238
26857
26858
43242
10475
43248
43254
43257
10489
26874
43265
10497
10500
26887
43273
26890
10510
26896
43280
10512
26897
26899
10516
43286
43290
10523
10524
10526
26912
26913
43297
43298
26916
26917
10535
26920
10539
43309
43311
26927
43312
26930
10547
26932
26933
43324
43327
43331
43333
43334
10571
10572
10575
10576
43348
43356
43357
10595
10597
26982
10599
10601
26989
43375
43380
26996
26997
10616
10619
43389
10622
27008
27011
10629
43397
43404
43407
10640
27025
10644
27029
27031
10648
43417
10650
27035
27037
27041
10658
10662
43430
43431
10666
27050
27053
10672
27059
10677
10679
27065
10686
27070
43454
27073
10691
10695
27079
43464
10699
10700
27087
10706
10707
27092
10711
10713
27099
43484
10726
27112
43498
10731
10732
43501
27118
10736
27120
27124
27125
43510
27128
10745
10748
10749
43518
10752
27139
10756
10761
10762
27147
10763
43531
27148
27149
10768
43539
27156
27157
43541
43545
27161
10779
27165
10783
43554
10791
43570
10802
43572
27192
43577
10811
10814
10816
27201
27206
10826
43595
10827
27213
27215
43601
10837
27222
27225
10843
43612
10846
10849
27234
43620
27241
27242
10862
43631
10866
10867
27255
27256
43640
10874
10877
43648
27266
43651
27267
27269
43657
27279
43665
43666
27284
43670
43671
43672
10905
10907
27291
27292
43678
43681
27298
10915
43684
43689
10922
43693
10926
27310
10927
10928
43697
10931
27316
10936
27323
43710
10942
10953
43722
10956
43725
27343
43728
27344
27346
10963
43731
10964
43737
27354
43743
10976
43745
10978
10979
27369
10986
27371
27372
10988
10991
43763
10996
10997
43765
43767
27384
27386
27388
11004
43773
27390
43774
11007
43782
27399
43784
11016
27401
27402
27403
43788
43789
11025
11027
27412
27413
27414
11031
27416
27418
43806
43807
11040
43810
11043
11047
11048
43818
11050
43819
43821
11054
43823
11058
43828
11063
11066
27451
27452
27456
11074
11076
27461
11081
43850
43852
11085
43858
11092
11093
11095
43863
43865
27482
27489
11106
43875
11110
27494
43879
11111
11113
27499
27500
43884
27506
11122
27507
11124
43901
11133
43904
27520
11138
11139
27529
27532
43920
43921
43926
27543
43928
11161
43929
27546
11164
27549
27551
43936
27553
43938
27554
43941
11174
27559
43944
11176
43949
27566
27574
27581
27583
27584
27587
11206
27595
27598
43984
43985
27606
43991
27608
43993
43997
27619
44003
44005
27623
11242
27626
27629
44021
27638
11254
44023
11256
11258
44027
44028
44033
27650
27653
44040
27657
27658
11274
11277
44046
44048
11281
11282
44051
27671
11287
44057
44060
27683
11301
27686
44072
44073
27693
44078
44081
44083
27700
11320
11322
27708
11324
27711
11330
27719
44104
27722
11339
11340
11346
27730
11353
27738
27747
44132
44136
44137
44141
27766
44152
27769
44155
11391
44161
27777
27778
11395
27781
11399
44167
11405
27790
44176
27794
11411
27800
11419
44192
44193
27813
11429
27814
27816
44206
44207
27823
27824
44211
27827
27829
27830
27834
11451
27839
27841
44227
44229
44230
44234
27852
27854
27856
44244
44245
11478
11483
11485
11487
27872
44258
27881
44266
27885
44270
27886
11506
11509
44281
11514
27899
44287
27905
27906
11525
11526
27912
44297
11533
27919
44304
11536
44307
27924
11540
11544
27929
11550
27934
44319
11556
11557
44326
27942
44328
11561
44331
27951
11570
44339
11572
27957
11573
11582
27969
44356
27974
44363
11596
11598
44368
44369
44370
11603
27987
44371
11606
27992
44378
27998
11614
11615
44385
28002
44388
11622
28007
11627
44396
11629
44397
28019
11640
28025
44410
28027
11646
44415
44422
44425
44427
11659
11664
28049
44434
28053
44439
44440
44445
28062
11678
44447
44448
11680
28064
28066
11683
28068
28069
11687
11688
11691
28076
28078
44464
11697
28081
44467
28083
28084
44468
44474
11707
28093
44479
44482
44483
28101
44496
28116
28117
11733
11736
28120
11738
28125
44514
28132
11749
44518
11752
11753
44522
11761
28146
44531
11764
44532
44533
28151
28152
28153
11769
11773
44541
28159
11775
44546
11778
11780
11781
28166
44556
28174
44559
11794
44563
44567
28184
28185
28187
11805
28189
28190
11807
11810
28194
44579
11812
11816
28202
28203
28205
44590
11824
28212
44598
44600
11832
11836
11839
28223
11841
44610
11843
11844
28230
44616
44617
11852
28238
11856
11861
11866
44638
11873
28257
44645
44649
28265
28271
11889
11891
11894
44662
11895
44670
28286
44674
28295
44681
28297
28298
11916
44686
28302
44687
11921
11923
44693
28310
11930
28316
44702
28318
11936
11940
44708
44709
44716
28335
44720
28337
11954
11955
28341
44726
28344
44731
28348
11965
28353
11971
44739
28356
11973
28359
44744
44745
28362
11982
28368
11986
11988
11990
44759
28377
44762
11999
28384
28386
44773
44776
28394
12012
12014
12017
44786
44790
12023
44791
44792
12024
12026
12027
12028
12029
44797
28414
44798
12030
44799
44803
12035
12037
28422
12040
28425
28426
12042
44810
28428
44815
28432
44816
44820
28437
44822
12059
28444
12064
12067
44835
44842
44844
44849
28466
44853
44854
44855
44856
44858
12090
12091
44860
28479
12096
28486
12102
12103
28493
44879
12114
28498
12115
28499
12116
12118
28504
12121
12123
28507
12126
44897
28519
44903
28520
44905
28521
28522
28523
44907
28525
28526
44912
28532
12148
44918
12152
12157
12159
44928
12161
12162
28546
12163
44931
12167
12172
44941
12178
12179
12181
28567
12183
28568
28572
28574
12190
12191
44961
28580
12199
12200
12205
28589
28590
44974
12207
12212
28597
44983
28603
44989
28605
28606
12225
44995
44997
44999
45000
28618
45002
12234
12235
28624
28628
45012
28630
28631
45015
28632
12251
45021
28638
12258
45029
12264
45032
12265
12266
28650
45035
28656
12277
45046
12279
45048
28665
12282
45052
45057
28675
12292
28679
45068
12300
45069
28691
12308
12310
28695
45081
12313
28698
45084
28703
28707
28708
12328
45098
28714
45101
28718
28720
45110
12343
28728
12350
12352
12355
12359
12361
28746
12362
28747
12363
12374
28761
12379
12380
28765
28766
12383
28767
28782
12403
28788
28790
12409
28796
12412
12422
12424
28812
12430
12431
12432
12436
12437
12438
28825
12446
28834
28839
12457
28843
12470
28854
28855
12472
12475
12477
12482
12484
28878
28889
28890
12507
28892
12511
12515
28903
28906
28915
12531
28916
12532
28919
28923
12553
12554
12565
28950
12566
12570
12577
28970
28978
12600
12603
28989
12606
28990
12608
12609
28993
28995
28997
12616
29002
12620
29011
12628
29015
12632
29021
29022
29025
12643
29027
12645
12650
12652
12653
12655
29039
29045
12661
12664
29053
12671
29061
29065
12688
29074
12691
29078
29080
29081
12702
29087
29089
29091
29094
29096
12714
29100
29106
12723
12724
29112
12731
29120
29124
12749
29136
12753
12762
29147
29160
29163
12781
29169
12785
12786
12787
12795
29189
29190
29192
29194
12810
29195
12811
29197
12815
12816
29202
12831
12843
12851
29238
12855
12856
29242
29246
29251
12869
12870
12871
12879
12880
29265
12881
29276
29282
12899
29284
29287
29289
29290
12908
29295
12916
12920
29305
12924
12928
12929
12936
12941
12943
29328
29330
12949
29334
12950
12953
12954
12955
12963
12967
12968
12969
29358
29362
29363
12979
12980
29364
12984
29369
12988
29373
12992
29376
29378
12999
29384
29385
13002
29387
13003
13004
29394
13010
29397
29399
13015
29401
13019
13022
13026
13027
13033
13034
13035
29424
29425
29427
29429
29433
29435
29436
29438
13057
29442
29445
29446
29447
29451
13069
13070
29454
13072
13073
13075
29459
13076
13077
13080
13081
29470
29475
29480
13097
29483
13102
29488
29492
13109
29500
29501
13120
13121
13124
29510
29514
13130
13133
29517
13134
29522
13140
13141
13143
13145
29530
29532
13154
29546
29551
13168
29553
29556
29558
29559
13185
13188
13204
13209
13217
29603
29609
13233
29619
13235
13237
29623
13239
29627
13244
29631
29632
13250
29638
29641
13261
13264
13267
29667
13287
13289
29674
13291
29676
13295
13296
13304
29698
13319
13322
29710
29713
13331
13334
13336
29720
13337
13338
29729
13349
29735
13351
29740
29741
29743
13360
13364
13365
29750
13366
29755
13371
29758
29762
13382
29767
13384
13385
13387
29772
13391
13392
29780
13398
13400
13401
29786
13404
13411
13415
13416
29803
29807
13428
29814
13432
13435
13436
13437
29821
13438
13439
29823
13441
13443
29828
13447
29833
29835
13455
29843
13461
29845
29846
29848
29849
13467
29852
29853
13470
13471
29858
29862
29863
29868
13485
29872
13495
29880
13498
29883
13500
29886
13506
13510
13512
13515
29900
13518
13520
13522
13525
29914
13534
13535
29922
13540
29925
29926
13542
13544
13548
29938
13556
13562
13567
29952
13574
13587
13594
13595
13600
13602
29992
13609
29996
13617
30003
13620
13623
13624
13626
30012
30013
30018
13634
13636
30025
13642
13648
30034
30036
13654
13655
30040
13659
30043
30046
13662
13663
13666
13673
30059
13677
30062
30065
13687
13688
13691
30081
30086
13705
13706
30090
13708
30097
13715
30100
13717
13719
30104
13721
30106
30110
30117
13733
30121
30123
30126
30127
13744
13747
30131
13748
13749
30136
13754
13757
30142
30144
30151
13768
13770
13771
13772
13776
30162
30164
30170
13791
30176
13795
13802
13806
30193
13813
30198
13814
13817
13825
30210
13832
13836
30221
13838
13839
30225
30238
30241
13857
13858
30250
13867
13868
30256
13876
13879
13880
13881
13883
30268
13890
30280
13903
13904
13907
13914
30300
13922
30308
13925
13926
13929
13931
30316
30321
13938
13944
30329
13946
13947
30333
30334
30337
13953
30340
13962
30348
13965
30350
13969
13970
13974
13975
13976
30363
30367
30370
13989
30374
13990
30377
30381
13997
13999
30387
30388
14009
14014
14015
14020
30405
30407
30408
30411
14027
14037
30424
30425
30426
30428
14045
30429
14052
14055
30442
14059
14063
30448
30449
30452
14074
14081
14082
30470
30471
30475
14093
14095
30487
30489
14107
14108
30492
30493
30498
30503
30505
30515
30526
30527
14145
30530
30532
30542
30543
30546
14163
30549
30550
30551
14172
30558
14178
14182
14187
14189
14191
14197
14200
30585
14204
14205
14208
30595
30596
30600
14216
30602
30604
30605
30606
14224
14225
30611
30615
30619
30620
30623
14241
14242
14246
30632
30645
30649
30655
14273
14274
30659
30663
14286
30672
30676
14294
14295
30687
14309
14318
14319
30703
30705
14323
14329
14333
30718
30719
14342
30729
30735
30737
30739
30746
14365
30751
14368
14369
30758
14383
14385
14387
14389
30779
14398
14401
14404
14407
14408
14412
14416
30801
30805
30810
14430
14433
30817
14434
30819
30821
30829
14448
30834
14453
30837
30840
30841
30842
30847
14468
30855
30856
30859
30865
14482
30870
30871
14488
30881
30885
30887
30889
14508
30892
30893
14511
30899
30902
14519
30908
14531
14533
30919
30921
14538
14544
14545
14546
30930
14549
14554
30946
30947
14563
14564
14568
14569
30953
30954
30964
30966
14583
30967
30970
30971
14589
30974
30976
14598
14600
14602
30988
30991
14608
30995
30996
30997
14616
31002
31003
31005
31007
14627
31015
31017
31020
31021
31022
31026
31031
31034
14651
31037
14654
31039
14656
31042
14666
31054
31055
14678
14679
31063
31065
31067
31068
31074
14694
31083
14708
14709
14718
31102
31106
31111
31114
14731
31120
14741
14743
14744
31134
31142
14763
14767
31152
31156
14774
31158
14777
31162
14779
14780
14782
14784
31170
14791
31181
31189
31190
14807
14809
14814
14817
31203
14821
31206
31212
14830
14831
14837
14846
31234
31235
31246
31248
14868
14869
31254
31256
14873
31260
31261
14885
14888
14891
31278
31279
14895
14898
14902
14907
31293
31295
14913
14914
31300
14918
31304
31307
31311
31314
14931
31315
14932
31316
31318
31319
31324
14943
14944
31334
31338
31340
14960
14963
31351
31354
31361
31362
14981
31368
14988
14990
31377
14995
14996
14998
14999
15000
31387
31392
15011
15019
31403
15022
15023
31408
31413
15029
15033
15035
31425
31426
31430
15046
31433
31434
31435
15059
31454
31462
31467
31469
31477
15094
15095
31481
15097
31482
31483
15103
15106
15109
31503
31504
15123
31513
15130
31515
31517
31524
31526
31528
31530
15150
15153
31537
15154
15155
15156
15157
31544
15160
31555
31556
31557
31559
15179
15187
31580
31584
15205
31595
15216
31602
15226
31613
31617
31621
31625
15241
15242
31629
31633
15255
15259
15262
15268
15273
15274
31661
31662
31664
15280
31665
31666
15285
15289
15296
31685
31689
15307
31692
15313
15320
31706
31709
31715
15334
15335
15340
31724
31729
15349
31738
31743
31757
15373
15375
31761
15380
31769
31770
31774
31776
31780
31781
15400
31786
31787
15408
31794
15414
31800
31803
31804
31805
15424
31810
15426
31814
15430
15436
31821
15438
31827
15444
15446
31831
15450
31837
15454
31844
15463
15464
15466
15472
15473
15474
31863
31865
31869
15489
15499
31886
31889
15506
31891
31892
31893
31895
15519
15520
31905
31909
15528
31915
31916
15532
15534
31918
15537
31924
15540
15542
15544
31928
31938
15555
15556
31941
15558
15562
15564
31952
15576
15579
31964
15588
15589
31976
31977
15593
15595
31983
31986
15603
15605
31993
31994
31998
15614
15620
32004
15621
15627
15634
15638
32024
15642
32033
32036
32040
15659
15664
32048
15666
32051
32052
32056
32059
32062
32068
15686
15690
15692
15693
32077
15704
32090
32091
32092
15716
32100
15720
15721
32107
32109
15727
15730
15733
15734
32121
32125
15749
15751
32136
32140
32149
15767
15775
15777
32164
32168
15788
32174
15792
32177
15794
15795
15796
32180
15798
32183
15801
15802
15804
15805
32190
15808
32202
15821
15822
32207
15823
32210
32211
15831
32222
32224
15842
15844
15846
15847
32235
32238
15855
32242
32244
32247
32248
32250
15867
32252
15870
15871
32259
15876
32260
32263
15886
32271
15890
32274
32278
15895
15897
15900
15902
32286
32287
32301
32307
15926
15931
32321
32323
32327
15943
32328
32330
15946
15949
15951
32338
32339
32341
32343
32344
32345
15962
32351
15968
15972
32358
15974
32359
15981
32366
15984
15985
32371
15988
32372
15989
15992
32376
32381
16003
16006
32391
32398
32402
32403
16027
32411
16039
32423
32426
16042
16045
32431
16047
16051
32437
32438
16054
16055
32443
16062
32448
16064
16066
32456
32458
32459
32460
16077
32462
16080
32464
16081
32470
16086
32474
16092
16098
16102
32487
32491
32492
16109
16115
32505
16123
32508
16124
16129
16136
32524
16141
16143
16144
16145
16150
32536
32537
16153
16157
32543
16159
16165
16169
32553
32555
16173
32559
16179
16186
32571
16189
16191
32579
16196
32581
16198
16199
16201
16203
32587
16204
16212
32599
32607
16223
16225
32615
32617
16234
32619
16237
32622
16243
16246
16248
16250
16251
32635
16252
32641
16259
32654
32661
32663
16279
16284
32668
16291
32675
16292
32677
32684
16303
32687
16304
32690
16307
16308
16310
16311
32698
16315
16323
16325
16337
16338
16340
16345
32730
16347
32737
16354
32740
16358
32743
16360
16361
32745
16366
16370
32756
32758
16375
32760
32765
10
0
130
197
229
183
265
140
477
142
14
5.95