190
512
0
1280
769
2
1027
1283
1541
5
1286
1801
269
1807
1296
1040
785
2067
20
1814
1559
2075
28
285
1823
1311
801
1825
546
802
1314
35
1571
2083
2084
1828
1830
41
1321
809
1834
1835
299
1581
558
303
304
2096
51
1075
2099
1589
571
575
1856
1344
2112
1090
1093
583
1608
1097
331
588
2125
845
2126
1871
2128
336
1361
1874
82
338
83
1365
853
2136
1884
2141
1373
1887
2143
1119
96
352
608
609
865
1122
354
1124
2148
868
2150
1640
1385
874
1133
365
1645
2160
1392
1395
1652
381
125
1405
1406
639
1152
640
385
1922
1154
1156
650
1167
1936
658
146
917
661
407
409
1689
154
414
671
164
420
165
1703
1707
1963
1453
942
430
1967
1458
1204
1719
185
1978
186
187
1980
1212
1469
190
1727
705
707
1989
1735
712
1224
201
1481
970
1484
464
2001
2003
1492
1237
1239
472
217
1498
227
486
1767
1255
232
1512
233
1513
746
1770
1516
1264
755
501
1269
2038
246
760
1530
2046
1790
11
85
101
134
8
59
43
75
46
111
31
159
0.12