607
0
1025
2
1026
1027
3
4
1029
1030
8
1033
11
1035
12
1036
1040
17
18
1043
1044
20
1045
22
23
1049
28
1052
34
1062
38
39
1064
1066
43
1067
46
1070
1071
1073
50
1074
1076
1077
1078
1079
56
57
59
1084
61
1088
1089
1090
67
1091
69
1094
71
1095
1096
73
1101
1102
1103
79
1104
1109
1110
1111
88
1113
91
93
1121
1122
100
102
103
105
1130
107
1131
1134
1137
115
1139
1141
1143
119
1144
120
123
1148
125
1149
1152
1153
1154
132
133
134
1158
1159
137
1162
140
141
1167
1168
147
149
150
1175
153
154
1178
155
1180
156
1181
157
1182
158
159
1183
1184
161
1186
1187
1188
1189
167
169
170
1196
1197
173
176
1200
178
1203
1205
184
185
188
1213
189
191
1216
192
1217
195
1219
198
1225
203
204
1229
1230
207
1231
1233
1234
1238
215
1239
218
1242
221
225
226
227
1251
228
232
1257
233
234
236
1260
238
1264
241
1267
1268
1269
246
251
1275
253
254
1279
1280
259
260
1284
264
265
268
270
271
272
1296
273
1297
274
1299
275
276
277
1303
1305
282
1306
283
284
1310
286
287
1312
1315
1316
292
1317
1318
294
295
1320
1322
298
299
1323
300
302
1326
303
1327
305
1332
1334
1338
315
1340
1342
320
1344
321
1346
1347
324
1349
326
1353
1354
332
1359
1360
1361
1362
341
342
1366
345
1370
347
1371
348
1378
1380
356
1381
1382
361
362
1386
365
366
1390
369
1396
372
373
1398
374
376
1401
378
1402
379
1404
380
1406
1409
1410
387
1412
1413
390
1415
394
1420
397
1422
1423
1424
401
1425
402
1426
403
1427
404
1429
1430
1431
407
408
411
1437
1438
415
1441
1442
1443
1444
1446
424
1451
1453
1454
431
1457
1458
1460
437
1461
1463
440
441
1465
1466
443
445
1470
447
1474
451
1475
452
1476
1478
455
1480
1483
1484
463
1487
466
1490
467
1491
1492
468
1493
1494
471
1495
1497
1498
476
477
1502
480
1506
483
486
487
488
1512
1515
1518
495
496
1521
499
1525
503
504
507
1531
508
1532
510
1535
1536
512
1537
514
1539
517
518
1543
520
521
1547
1548
526
527
1557
537
539
1563
1564
540
1565
1566
542
1567
545
1571
548
1572
1573
550
551
1576
1579
1582
1583
560
1585
1586
564
566
1590
1591
568
570
1597
1599
1600
578
581
582
588
590
593
598
599
600
604
605
606
609
612
613
615
616
621
622
623
624
625
631
638
639
647
652
654
666
667
668
670
671
674
676
678
679
681
684
689
690
692
694
696
698
700
701
703
705
707
708
709
712
718
719
722
723
724
725
729
734
738
742
745
753
757
761
763
764
765
768
780
787
791
792
795
796
801
804
807
808
809
811
812
816
818
819
820
824
825
827
831
832
833
834
842
843
844
847
848
849
851
852
855
856
857
864
866
869
872
873
876
879
880
882
883
884
891
895
897
898
899
902
907
909
910
913
915
917
919
927
928
931
932
938
952
953
958
960
962
966
968
969
972
973
977
978
981
982
983
988
989
994
996
997
1001
1004
1005
1007
1008
1009
1011
1019
1020
1021
1022
104
0
257
1
4
7
8
9
266
16
273
19
20
21
279
280
25
26
27
283
288
33
36
292
296
42
300
301
47
305
308
53
54
311
64
321
67
324
68
326
70
327
73
77
334
79
338
84
341
85
342
343
88
95
351
354
357
358
102
103
364
109
365
114
374
377
378
379
124
125
126
128
129
131
132
146
148
150
153
162
167
170
172
174
176
182
184
187
188
191
192
196
199
202
205
211
212
224
228
233
240
241
244
248
255
9.95