1834
2
4098
8194
8196
8202
12
15
4113
8213
4121
8217
32
4128
8227
8228
4134
8235
8236
4144
49
4145
51
55
8251
60
62
67
8260
4165
77
8269
4175
4176
81
8274
87
8280
90
8282
92
4190
4192
8295
8296
4201
105
8301
110
8302
112
4215
8313
8314
123
124
4222
129
132
8326
135
8328
8332
141
8337
4244
150
4246
153
4252
4256
4257
161
8358
8359
170
8367
178
4275
179
181
183
8378
4284
8383
4289
195
4292
4294
4299
4300
8399
209
4305
8405
214
8411
220
8414
4321
229
4328
4331
8430
8432
8433
4338
4343
8439
4347
4348
253
254
259
8451
8453
4358
4368
8464
8466
8467
4371
276
8468
4373
8469
4375
280
8474
283
8476
4385
4386
8483
294
4391
4393
300
4398
8496
8497
306
8498
4403
309
310
4406
8503
314
8506
8509
4420
8517
4423
4424
328
4428
336
338
4435
4436
4437
4438
8541
352
4453
4455
361
362
365
367
4471
8571
8572
8577
388
389
8582
4488
394
4492
8589
4497
402
4500
4502
8600
8604
415
8613
4523
8621
8622
432
8627
438
439
4535
4536
4538
8634
445
4541
446
4542
448
4544
8641
4547
4550
455
4554
461
8653
8658
4563
4568
4572
480
4579
4580
8676
485
487
8690
8692
4600
505
506
4605
513
4614
8711
4621
8717
527
4626
4627
4636
4640
8739
4645
8742
8743
554
556
559
4655
4656
4658
564
565
4661
4662
4663
4667
574
4672
8771
580
8790
8791
4697
8797
607
4703
8802
8807
4714
4715
4716
8816
625
4722
628
630
634
639
644
645
8838
4745
4746
8842
651
4747
658
660
8858
4764
669
8861
8863
4768
8867
4772
4774
679
8873
8875
691
692
4789
697
8890
4796
703
4799
4805
710
4807
8907
718
723
724
8923
733
742
8935
4841
747
750
751
8948
4853
8949
4854
8950
8952
4857
8956
4862
8958
4863
4864
8961
8963
771
4868
773
780
8972
782
8974
783
784
8976
4881
8978
8979
4884
8980
789
8981
8990
801
808
9000
815
817
818
4915
820
4919
9015
9017
9019
4924
830
9022
9023
4928
4932
9036
4941
9037
9040
4946
4947
9044
9045
856
9048
9049
4954
4956
9052
4959
9055
865
4964
4968
873
876
9070
4975
4976
884
4981
886
887
888
9080
889
4985
9082
4987
9084
9087
898
9091
902
4999
9095
9096
9098
907
5006
5007
5011
916
5012
9108
919
5016
9114
923
5019
924
925
5021
927
9119
928
930
5027
9124
934
9128
9129
5039
943
5040
9138
9143
5052
5054
959
9151
967
9159
968
5064
9160
970
5066
974
5071
976
5075
9174
9175
984
5081
989
5088
9184
9189
999
1002
5098
9194
5101
5102
5106
1016
1020
5118
5121
9217
1027
1031
5127
1032
1033
5129
5130
5134
5135
1041
9235
1045
9239
5146
9242
1051
5148
5149
1059
1062
9254
5162
9262
5167
9266
5174
5175
9271
1080
1081
1083
9278
1087
1090
1092
5192
9289
5195
9292
9294
9298
5203
1108
9303
5208
1115
5211
9308
9309
5214
5215
5219
5220
5226
1131
5227
1133
9329
1138
1142
5243
9339
1149
5247
1153
5250
5251
5252
9349
9351
5260
1165
5266
9363
1173
5269
5272
9369
9374
1182
1183
9375
9376
1188
1189
1193
1194
5291
5294
1199
5296
9393
5297
1202
1203
5299
1204
9400
5306
9404
5310
9407
5312
1221
1222
1224
1225
1226
9418
5323
9419
1229
9422
1235
9427
1236
9435
9438
1247
9439
1248
9440
9441
1251
5348
9445
5350
9447
9454
9455
5363
9461
5368
9464
9468
5373
5376
9472
1282
5378
1286
9479
9481
9486
1297
9490
9492
5398
5399
5406
5407
9503
1313
5410
9509
9510
5415
1321
1323
1325
1334
5431
1336
1337
5435
9531
1340
9534
5440
9537
5443
9539
1352
1355
5457
1363
5460
9558
1368
1369
1370
9564
1374
9568
5476
9572
5480
5483
1388
5488
1393
1394
1398
9590
5499
1403
9596
5502
9598
1407
5505
5506
1410
1412
9605
1417
1419
1422
1424
5521
5524
5526
5527
9623
9624
5530
9627
5533
5534
1439
5538
5539
9635
1444
1445
1448
5544
9643
1452
5549
9647
5555
1460
5557
5559
1465
9657
9659
9663
5571
1476
9668
1478
1481
1486
1489
5589
5590
9686
1495
5591
9690
1502
5600
9701
5607
9712
1521
1524
5620
5622
9718
1528
9721
1530
5631
9728
1540
9737
5646
1553
9745
9746
1556
5652
9750
9752
9753
1564
9759
5666
9762
1574
9766
1578
1585
5683
9781
1595
9787
5692
9794
9795
9796
5702
9800
9802
9807
5712
9809
5713
1618
5716
1620
1624
9818
9819
9822
1631
9830
5739
1644
5740
9837
5742
5745
9841
9843
1655
5759
5760
9856
1666
5762
1672
9867
9868
9869
5773
5782
9882
5788
5790
9886
5795
1699
9894
5799
5803
1708
5805
9905
5810
5813
9913
5820
1727
9919
1736
5837
5840
9938
1748
5844
5845
1750
9946
1755
5855
1760
1761
9955
5861
9957
5862
1768
5866
5868
1772
9965
5869
1775
5871
9969
1778
9970
1781
9974
5884
9981
1791
5887
5890
1797
9991
1800
5901
10000
1809
10003
1813
5912
10008
10009
10010
10011
5916
5917
10015
5921
5924
10026
5931
5933
1840
5937
10033
5947
10045
5950
1858
5954
5955
5958
5960
10059
1868
1872
1873
1879
5976
10073
5979
1884
5981
10077
5989
10087
5993
5994
5999
1903
6001
6004
10100
1912
10105
1916
6012
6013
1918
10111
6018
1924
1926
10120
1929
6026
6027
1933
1935
10127
1941
6037
1943
6039
10135
1944
10136
1949
6048
6052
6054
6056
6057
10154
6059
1964
6061
1975
1976
1978
1981
10179
6084
6088
1994
1997
10189
1999
10192
2002
2003
6101
2006
6110
6113
10211
10214
6121
6122
10221
2030
2033
10228
6136
6137
2042
10234
6141
2051
6148
10248
6153
6155
2060
6157
6163
10266
10267
10270
6176
2081
6184
10280
2090
6186
2098
2102
10294
6199
6203
10300
6205
10302
6207
10305
2115
10307
6213
6214
10310
2121
6217
6223
2128
2129
10322
2131
10323
6231
6234
10334
2143
2152
6248
10344
10352
10353
6259
10356
10358
6264
10361
6266
6268
10365
6272
10368
2178
6276
2181
6280
6281
10377
10383
2193
6289
2196
2205
2207
6304
2214
6310
6311
10407
2218
10412
6317
10414
10416
6321
10419
6324
2230
2234
6335
10432
6343
2248
6347
2252
6348
2253
2254
10448
2260
2263
2264
10456
6362
10460
6365
2273
10465
2274
2277
10470
10472
2285
6381
2287
2290
6387
2293
2297
6394
10492
6405
6411
10508
2316
6413
10509
2321
10513
10514
2324
2328
6424
10522
10524
2335
6431
6432
6433
6434
2339
6435
10532
2342
10535
2346
6442
2347
6444
10540
2357
6453
10554
10555
10556
2366
6462
6463
6465
6466
10564
6469
2375
10569
2380
2384
6483
6486
10582
6487
2393
10587
6492
2397
2399
6495
2401
6500
10596
2408
6505
6508
2415
6514
2419
6516
2424
6521
6525
10621
6526
2430
2432
2434
2436
6536
10634
2443
10639
2448
2449
6545
2450
10642
2453
10646
2460
10655
10656
10657
6563
6566
2471
10665
2477
10670
10674
6580
6582
2488
6587
10685
6590
10688
2499
6595
2500
6599
6601
10697
2507
2512
2514
6611
6612
2518
6620
6623
6626
10722
2532
6628
10724
2533
6629
10726
10728
6638
10734
6644
10741
6647
10746
10748
6653
10750
2561
10754
10763
10764
6670
10767
2578
10770
6675
10776
2585
10781
6690
10786
6693
10789
6694
10792
6698
2604
10797
2608
6704
2609
10801
10803
2612
6708
2613
2615
10807
10810
10816
6720
2625
2626
10819
6726
6730
10829
6735
10832
6741
6743
2649
2650
6749
10845
6750
10846
2655
10849
6754
10852
10853
6765
6766
2671
10869
2685
10877
2686
10878
6783
2690
10882
10885
10892
2701
2705
2709
2710
2711
6810
2715
6811
2717
10909
2723
6821
10918
10926
2737
10933
2742
6843
2750
6846
10943
10951
10952
6858
10954
6859
2767
6864
2769
10961
6866
6873
10973
10974
2783
2788
10980
10981
6886
6888
6896
2801
6898
2805
2806
6906
11006
11007
2819
11012
2823
6919
6925
11021
2832
11024
2836
6939
2845
6941
2846
6943
2848
6946
2850
6948
11047
11051
2862
6960
11057
11058
11061
11064
11065
2874
11067
6972
2878
6974
6975
11072
2880
11080
6986
2891
6992
11089
6997
2902
7001
11097
7003
2910
11105
2916
7013
11111
7017
7018
7019
11115
2926
7026
2931
11124
11130
7039
7041
7045
11142
11143
7048
11146
7051
2957
11154
2964
7061
11157
2974
11167
2980
11174
2984
7080
7081
11179
11180
11183
7089
2993
11185
11186
7091
2996
7092
11188
2998
7094
2999
7103
7105
11201
11202
7109
11209
11211
3020
7116
7118
11214
11216
11217
11219
3032
3033
7130
7132
3037
7133
11231
11236
7141
7143
11240
11244
3053
11245
7151
3056
11248
3057
11251
7163
3068
7164
11261
7165
3071
7170
3075
11267
3076
11268
11272
3084
7180
7181
11277
11279
11280
11286
3095
7192
7194
3098
7195
3100
7196
3109
7205
3113
11306
7211
3115
11308
7213
3121
11313
7218
7219
11320
7228
7229
11326
7231
7232
11328
11329
3138
11332
11333
7239
3146
3152
3153
7251
11360
11363
3174
7271
11371
3179
7275
11379
11383
7289
11387
7292
11389
11396
11401
7314
3223
7319
3225
11417
7323
7325
7326
11422
7332
7334
11431
11432
11441
3253
7349
3254
7354
7357
7358
11454
11455
7360
11457
3268
3269
7365
3270
3273
7372
7378
7380
3286
11481
7387
11483
7388
3293
11491
11494
11499
11500
7406
11502
11504
3313
3314
7413
3319
3320
7417
11514
3325
3327
11519
7424
11520
7431
11527
7432
3342
7438
3345
7442
11540
7445
7449
7453
3360
7469
7472
3385
7484
3389
7487
3393
7489
7492
3399
3400
3408
7508
7509
7517
7519
7526
7530
7532
3440
3443
7551
3459
7560
3467
7563
3471
7567
3472
7574
7575
3485
3487
7584
7585
7590
7591
3499
3505
3507
7611
7613
7615
3522
7618
7621
7623
3533
7632
3540
3546
7648
3553
3555
7654
7655
3561
7663
7664
7669
3577
7673
7676
7677
7678
3586
3587
3591
3596
3597
7693
7696
3604
3606
7707
7715
7716
3621
7717
7723
3630
3632
3633
3636
7732
7734
3640
3643
7753
7756
7758
7762
3667
7764
7768
7769
3678
7774
7780
3689
7789
3694
3695
7799
3707
7805
7806
7810
7820
7822
7824
3728
7825
7834
7836
3742
7839
7840
3745
7843
7847
3753
3757
3760
7857
3763
7861
3769
3771
3778
7875
7878
3784
3785
7883
7887
7889
3795
7891
3799
7896
7897
3810
7910
7915
3821
3823
3824
3827
3829
7926
3837
7945
7951
3856
7952
7961
7963
3869
3872
7969
7970
7974
7975
7977
3894
7990
7992
3911
3914
3918
3923
8026
8027
3933
3939
8036
3942
8043
8048
8053
3958
3962
8058
3963
3965
3969
3977
3992
3993
8104
8106
8107
4019
4020
4023
4029
8126
4032
8133
8135
4043
8142
4048
8144
4049
4052
4055
8151
4056
4057
4058
4060
8166
4074
4075
4077
4080
8176
8177
8185
4091
14
322
134
199
359
9
106
76
77
335
20
22
29
30
351
3.40