5623
16384
16385
16389
7
16396
24588
8206
32783
24592
24594
32788
20
8212
24598
23
8217
16409
32795
8220
16412
24604
29
32798
32799
24608
24609
16418
24610
24612
16422
24614
8232
42
32810
8235
44
46
24622
8239
32817
24631
32824
24634
32827
32828
24638
16448
64
8257
32837
16454
70
16455
8264
16457
32846
24654
32848
8273
8274
8276
16469
86
8279
24663
92
24668
32860
93
8285
32861
24670
32862
8291
8292
101
16486
16487
32871
32873
8298
8299
16491
8301
16494
24686
24688
32880
113
8308
118
24694
8311
32887
121
8315
32893
32894
8319
32896
16513
8323
16516
32900
24709
32901
24710
24711
136
16521
16523
32908
8333
16527
32911
144
32912
24721
32913
8339
32915
148
8343
32919
32920
153
16537
156
157
158
8355
16548
8357
16549
24741
8359
24745
32937
16556
172
16559
176
177
24754
179
24757
8375
16571
16572
16573
32957
16575
8386
32962
196
16580
8390
16582
8391
8392
24776
8394
32971
24781
16590
16591
24783
32975
16594
211
16595
8404
24790
8407
32983
8408
8413
16605
24797
224
24800
24803
230
24807
8427
24812
8432
33008
24817
242
245
24821
8438
24823
24829
255
8447
256
16643
8454
8455
16647
16650
33034
24843
16651
24844
273
33042
8467
16660
279
33047
8475
16669
24863
33055
33056
24866
16677
293
24869
33061
33063
296
8488
8490
24874
8491
8493
16686
8495
304
24880
8500
24884
311
312
8504
16697
8507
33084
16701
33085
33086
8512
8513
24898
16708
16709
24902
33094
327
8519
24903
8520
16714
16715
332
333
16717
8527
24912
16720
24913
16723
340
24916
24920
33114
24923
348
8540
24924
8543
24930
356
8549
33126
24934
24936
16746
8555
364
33135
16753
24946
33139
33142
8566
33144
8569
8570
16764
16765
24959
387
8581
24966
391
392
33161
8586
16778
24971
8591
16783
400
8599
24983
24984
16793
410
411
24987
8605
33181
8607
418
8610
419
16803
8612
16805
24997
16806
33191
33192
424
16808
8617
16811
8621
25005
432
435
33204
8630
8635
25021
33214
16831
16833
451
8645
8646
455
458
8653
16847
25039
25040
33232
25042
25045
16858
8667
16859
16860
33244
33245
8670
482
25058
484
16868
25061
486
33255
488
33256
16875
493
25069
25070
495
33265
33266
16885
16886
16887
25080
33274
33276
508
25084
25085
8703
16896
8706
516
16902
8712
16904
8714
523
16907
25100
526
8719
8720
16913
8728
537
16921
33307
542
546
16931
33315
8740
550
551
16935
8746
25130
33322
557
8749
558
16945
33334
572
33341
574
8767
16961
577
8770
16964
25158
8776
585
8778
8779
8780
33356
590
8782
16974
592
8785
16978
25170
33362
33363
16980
25176
8793
16985
603
16988
16991
8800
611
8803
33379
33381
8807
33383
17000
33386
17003
25196
622
8814
17007
25200
33392
25204
8821
33397
8822
634
33402
17019
25214
17023
17025
33409
17026
17031
25226
17035
652
655
8847
656
25232
657
8849
8850
660
8853
25237
25239
33431
17049
8859
33435
17052
669
33442
25251
25255
8874
684
17072
25266
17075
33461
17078
25272
33466
33467
33468
25277
17086
33471
8901
8902
25287
8904
8905
714
8906
715
17102
8911
33488
721
722
25298
33491
725
17109
33493
17111
33496
25305
8923
731
736
25313
739
8931
8933
25319
25320
33512
33513
8940
25326
751
17136
8948
33524
33525
33526
25337
17146
33531
17149
25341
25345
25346
771
772
8964
17156
8965
777
25356
33548
17165
33552
33553
17169
25361
787
8979
25363
17172
790
8985
25370
795
8987
33563
798
8990
25377
802
33570
25380
33572
805
25381
806
17191
25384
809
25385
17194
33578
25387
813
815
17199
25392
817
33585
9009
17201
33586
17203
33588
9015
33592
9016
9020
33596
17213
25405
9022
25409
33603
17221
25415
840
17224
841
25417
842
17226
17228
845
9038
17230
847
9040
850
25427
9044
25428
33621
33623
17242
25434
9051
860
17244
17245
33630
9055
25440
25442
9060
9062
9063
872
17256
25448
25450
33643
17260
17261
17263
881
9074
9077
886
25463
17272
892
33661
25470
17279
897
17283
17284
25479
17289
25486
913
916
25492
917
9109
25497
9116
17311
17312
33696
17314
33698
9123
17316
25508
933
25510
935
9127
17320
33704
9129
33706
33709
25518
9135
25519
17329
9137
33713
33715
9140
17332
33716
33717
17335
17336
25528
953
9145
33721
9147
9150
33728
33730
25540
33732
17351
9159
9160
9163
33740
9166
9168
17360
33745
25554
9171
33747
25557
982
17366
984
985
33754
33757
990
25566
9183
17377
33761
17378
25570
33762
9187
17379
33763
25573
33765
999
33768
33769
9194
25579
9196
9198
17390
25582
1007
33775
1010
25588
25590
33782
1016
25593
1024
33795
9223
25607
9224
33800
25610
17419
9229
25615
9232
33812
17429
17430
1049
9241
1052
1055
17441
25637
25638
25640
1066
1067
25645
9262
33838
33842
1076
33844
1081
25657
33849
33850
25661
17470
25663
9281
17473
9282
33861
17478
9287
17481
25675
9292
25678
17488
33873
33877
17493
17496
17497
1114
33883
9311
1120
17504
9314
25698
33891
25700
33892
17510
25704
17515
25713
1138
25714
1139
25716
9332
1140
33912
9338
9344
9345
33922
33923
1156
9348
17540
33924
1157
17542
1158
33926
1159
33929
25738
33931
17548
1167
25744
33937
25746
9362
17559
17561
1178
17564
17567
1185
25761
33953
1186
17570
1188
1191
33960
1194
17578
17579
9388
17582
1200
25777
1202
33970
17587
1204
17588
33973
1206
9399
17591
9400
33978
17595
33981
25790
25792
1218
1219
1220
17604
25797
9414
1223
25802
1227
33998
17615
1233
9425
25813
1238
25814
34006
17623
25816
1240
34008
34009
9434
9437
34013
34016
9442
9447
1256
17640
34024
25833
1260
1265
1269
34037
1270
34042
17660
17662
34046
25855
34050
1283
1284
1285
17671
1287
34055
9482
25866
9483
17676
1292
17677
25869
34061
1295
1296
1298
9492
25876
34068
1301
9497
34075
25885
9503
34079
1314
9506
9509
25894
34086
1320
17704
1321
9514
17707
25899
9518
34094
1328
17713
25910
34102
34103
9529
9531
1340
17724
17725
34109
9534
34111
1347
1350
1352
17738
9546
17741
25933
1358
34126
9553
25937
17746
25938
25940
17749
25945
1371
17758
25950
9569
34146
17763
25956
9573
25959
25960
9577
17771
9581
17774
25968
1394
9586
17778
34164
25973
17781
34169
25979
34171
17789
34173
1406
17791
34175
9600
17793
17796
1413
17799
1417
17804
34188
9613
17805
17806
34190
34191
1424
9616
34193
9618
9619
17811
34195
26004
9620
34199
9626
17823
1441
1442
1446
34215
17831
26023
9640
34216
26027
26029
26030
17841
1458
9651
34227
34228
1462
26038
17850
34235
9660
17854
17858
9668
26054
1479
9671
17863
1480
17864
17866
26059
9676
17869
9677
9678
26063
17871
17872
9683
34260
26069
34261
9687
17879
9689
9690
26074
17883
17884
26078
9696
1505
9698
34274
17890
26084
1508
9701
1510
9702
17896
9709
17901
34285
1518
26094
1519
26096
34289
26098
9715
26100
34293
1527
1528
9720
26104
34296
1529
17914
17917
17918
1535
9727
17921
9730
26114
9731
1540
9733
26118
1543
34311
34312
9738
1546
1547
17931
26124
17934
1552
34321
9745
17939
34325
26133
17942
34326
17943
26135
17944
1561
34329
26138
9755
9756
26141
1565
9758
17951
17952
1569
26145
34337
34338
9763
17958
1581
34351
1584
17970
34355
17973
34358
1593
9786
34364
26175
26177
9796
17989
26183
26185
1611
26187
34379
17996
17997
9808
1616
34385
1618
1619
34387
1620
9812
26196
9815
18009
34393
34397
26210
9828
18022
34407
26219
1644
1645
9837
26223
34417
9842
26227
34419
18038
26230
34423
9849
34426
9851
34427
34428
1661
26238
1662
18046
26240
18050
26242
18055
9865
1674
18059
26251
9869
9870
26254
34448
18065
18066
9876
18069
26261
9878
18072
9881
26268
1693
26269
26271
1696
18081
26274
18083
34470
1703
1704
18088
34472
1705
9897
9900
9901
26285
9902
18094
1711
26287
18101
26294
1718
9910
34486
1719
18104
9913
34489
26298
26299
26301
1726
9918
34494
18112
1730
26306
1733
26313
18127
9936
18128
26320
26322
9940
26325
18134
34518
18135
34519
34520
34522
34526
34529
34530
9955
26339
18151
9960
9961
1769
1771
18158
1774
18162
34546
34549
26357
18166
1783
26361
26364
26367
18177
18178
34562
1795
9991
34568
34569
9993
9996
1805
34573
34575
26384
26387
18198
26390
34582
34583
18201
26393
10011
1821
1824
34592
10017
26401
26403
34596
18215
10024
1832
26409
34602
34603
34608
18227
18230
10039
1848
34617
10042
18234
34620
34623
10048
18241
18242
10054
18246
26439
1863
18247
34635
1870
1871
34639
34641
18258
1875
18261
26454
34648
18267
10079
26464
18274
18275
18277
34663
18281
34666
1899
18283
26478
1904
1906
1909
34677
18294
10103
10104
1913
10105
1914
26490
10109
34685
1918
26494
34687
1921
34690
1923
1924
18308
34692
1929
18313
34697
1930
26506
18315
1932
26508
34700
1934
1935
34704
18322
10132
26516
10133
1942
34710
1944
18328
10138
1948
34717
26526
10143
10144
34720
26529
18337
1955
26531
1957
10151
10153
1962
26539
1964
18348
26541
10158
34735
34736
18355
10165
18365
34751
10178
10180
1990
18374
34758
26567
26568
26569
34764
1997
1998
2000
34768
10194
34772
26581
18390
34774
10199
34775
10200
2008
10203
2013
34782
18399
26592
34784
26593
10210
18402
2019
18405
2022
18409
34802
18421
10230
18422
26617
18427
2045
10238
2047
10240
26624
34817
18434
18435
26627
26629
18438
18439
2058
26634
10251
34828
34830
10256
34837
2069
10263
10264
2075
26652
10269
34845
2078
18463
26656
10273
26657
10276
2090
18474
18475
18476
10285
18477
18478
2095
10289
18481
2098
10291
2101
26677
34871
10297
18490
26683
26685
26689
18498
10307
26691
18502
10312
18506
2123
26699
10316
26700
2125
10317
26701
2126
26702
2128
2129
18513
26705
34897
2130
10324
18516
26708
34900
2136
18520
26712
18521
18522
34908
26717
34911
26720
26721
18532
34916
18534
18535
18537
26729
18538
26730
2156
2157
10349
26734
18543
26736
26737
34930
2163
26739
10356
18549
18551
10360
2168
2170
10363
2173
26750
26751
34943
34944
10368
10372
18564
10373
26762
34954
34955
2189
10381
26765
18574
26767
34959
2192
18578
26770
10388
18580
18581
2198
34966
34967
2200
18584
18586
10395
26783
2207
10399
34976
34977
18594
26786
18595
18598
10406
2216
18600
34984
10409
2218
2219
2221
10414
18609
10418
18610
18612
2229
10421
34999
2233
10427
26811
2239
18623
10432
35009
2243
35012
18631
26823
35017
35018
18635
2252
18636
26828
2257
18642
35027
26837
26838
35031
18648
10459
2271
10464
18656
35040
2277
10470
2279
18663
10474
26859
2285
18669
2286
35059
26868
2293
10486
18679
35063
10488
2296
26872
26874
2299
10491
26875
2300
26876
26877
10494
35070
10495
26879
2304
10499
35077
10502
2312
2313
10505
35081
2318
26895
2320
35089
26898
35091
18708
10517
35093
26903
2328
10520
10522
35098
35099
18716
26908
10526
18719
26911
26912
2339
18726
35110
26919
18728
26924
2351
26928
35120
10545
2354
18739
26931
35123
2357
10552
18744
26936
18745
26937
35130
10556
10557
18750
10560
18754
26947
10565
18758
2375
2376
10568
2379
35149
18768
26962
2387
35155
10580
35156
26966
35159
2394
10588
2397
18782
26974
26975
2405
2407
2410
10603
10604
18796
26992
35185
10610
18802
35187
2424
27000
10617
10618
18810
10619
18812
2431
10623
35199
2433
18817
18818
18821
2438
35206
18823
10632
27016
35208
2441
10633
18826
2443
2444
35212
35213
2446
18830
10639
10641
2451
18835
18836
10645
10646
10647
27031
27034
35226
10654
35230
10655
27039
27042
27045
2471
10663
27047
10666
27052
2477
10670
27054
27056
35248
2482
35250
2483
35252
35255
18872
2489
35257
2491
10687
18879
35264
10689
27073
10691
35268
2504
10696
27080
27081
2507
10700
10703
35279
27089
35281
27090
10709
27097
35290
18907
35291
2524
2525
27101
2528
18912
35296
10721
18913
18916
2536
18921
35305
18922
18926
35310
27119
2544
27120
10737
10739
2549
27127
35319
18936
10745
18937
35321
10746
27130
10747
10748
2559
27137
35330
35331
2565
18950
10761
35337
35338
18955
27147
27149
35341
2576
18960
10769
35349
35350
10775
35351
2585
10777
2586
10778
35354
2587
35356
27164
27165
27167
18975
35360
10785
27169
2594
10787
18979
35364
18981
27174
27175
35368
10793
27180
27181
27183
10800
18992
2609
27185
35377
2610
35379
2612
2614
35383
10807
18999
2616
10808
19000
10809
19001
27193
10810
35386
2619
2621
10813
35389
10822
19014
19015
2632
19020
2637
10829
10831
19024
27219
35412
19029
10838
19031
10840
19036
27228
19038
35422
2657
19042
19043
2662
19048
35434
2666
2670
2671
2672
19058
27251
10870
27256
19065
35451
2689
19073
27266
35458
10884
10885
27270
2696
27272
10889
27273
2698
2699
35467
19084
19085
2704
2708
27284
10901
27288
2713
2716
10909
2719
2720
27298
35490
27299
10916
10918
19113
27305
2730
2731
10924
19116
35502
10927
27312
19121
35505
19124
27317
10934
10935
10937
27322
10939
27323
2750
19135
35525
27337
19146
2764
27342
19151
19152
19154
2773
10968
2778
27354
35546
19163
27357
27358
35550
35552
27361
2786
10978
19170
27362
2788
19173
19174
2792
10985
27371
2796
10989
10992
19184
35573
2809
27387
2812
11004
27389
35582
2817
19205
35590
11015
19207
35592
19209
27404
2830
19214
27407
35601
2834
11030
19222
2842
27420
35612
19229
27422
11040
11041
27426
2851
27428
2852
19236
2853
11048
35624
2857
19243
2861
27447
27448
35641
11066
35643
35644
35645
2883
35656
27465
35658
35659
2892
2893
11086
19279
27471
11089
19281
35665
35670
2905
19290
35675
11100
35676
2909
19293
35678
11104
11107
35686
27495
2921
27497
27498
2925
11118
35696
27505
27510
11127
27512
19321
19322
35706
19323
27515
27517
27518
35710
35711
27522
35715
19332
11142
2951
19335
19336
27529
19339
11150
19342
11156
35733
35734
19351
35736
27545
19355
2972
19360
2980
27556
19366
2983
19368
27561
2987
35755
11180
19372
11181
2990
35758
19377
2994
27570
11188
19382
11191
19388
27581
19398
35782
19401
3018
11211
35788
27598
35791
35792
35793
11218
27602
27603
11221
19414
35798
35799
3035
11229
27620
3047
3048
35817
3051
35819
19436
11247
35825
19442
3061
19446
35830
3063
3064
19450
3068
3069
27648
27650
11269
27653
11270
27655
11272
3080
35848
3084
27660
35852
3090
11283
11290
19485
27677
19486
27678
35872
11297
3106
19490
11299
19491
27683
3109
19495
27688
3115
35883
19500
11308
11311
35888
3121
19507
27700
3127
19512
11321
3133
27711
19520
11329
19522
11331
3142
19526
11336
3145
19529
11338
3151
35920
19537
27732
3157
11349
27733
19542
27734
11352
27738
35931
35933
19551
11360
11364
3173
19557
11366
11367
19565
27757
35949
11374
3184
11377
3186
27762
3188
35956
11382
19574
19576
11386
3195
27771
27773
11390
3198
19585
27777
3202
35970
3203
27780
11401
3211
11404
27790
3215
27792
11411
19604
3220
35989
27799
35991
11416
27802
11421
3232
11425
3235
19619
3236
3237
27818
36013
11438
19630
11440
19633
27825
11443
19635
36020
27835
11452
36028
19645
27837
3262
11455
3264
36032
11457
27842
36034
11460
3270
27847
3272
19656
11467
3275
19659
36044
11470
36046
27855
19665
11475
36052
36053
27870
36062
19679
36063
19680
3296
36065
11492
36068
19685
3303
36072
19689
11499
27885
36078
3311
11504
11507
3316
27898
11515
36091
11519
19711
36095
11520
27904
27907
19717
3333
11525
11526
3335
36103
3336
11531
11533
3342
36110
27919
3344
27922
36115
11540
3348
3351
19735
11544
27928
11545
19737
3355
27931
11550
36128
19752
19753
36139
19755
3372
3373
27949
27950
11567
27957
19769
36154
3388
27966
36158
3393
36162
36163
11588
36165
3398
27974
19783
27977
3404
11596
11597
11601
11603
19796
27988
36180
11608
11609
36185
19802
3418
27994
27995
3421
11615
11617
28003
3427
36196
28005
28006
11623
36199
28009
36201
3436
36205
19822
28015
36207
3443
19827
36212
36214
36215
36217
19836
36220
3453
28029
19839
28031
36223
11648
28032
36224
19841
28033
11650
3460
36228
3461
36230
3464
28041
11659
28045
3470
36238
3471
36240
3473
28052
19861
36245
11671
19864
36249
3482
11675
19867
36254
3487
19871
28063
3490
36259
28068
11686
28070
28072
11689
19881
3499
28075
3502
28083
11702
3514
19898
36283
3516
11708
36285
11710
28094
36286
19903
3520
3522
28100
28101
19910
3527
19911
19916
3537
19925
11734
28121
11739
19933
3551
19937
36321
11746
36322
19940
3559
19944
3565
36335
11760
19952
28147
11765
36341
3574
28150
3575
19960
11770
19964
36348
28157
28158
11775
11776
3585
36353
3587
28163
11780
36357
3591
28169
3594
11786
19978
3596
11789
3598
11791
36367
11794
28180
11798
3607
36377
19994
28186
36379
3612
28188
11805
11806
19999
36383
28192
28197
3621
36392
28202
28203
20012
3632
20016
3633
36401
20019
28211
28213
3639
20023
3640
20025
3642
20026
36410
28222
36414
3647
20032
3650
28227
28228
36421
11846
20041
3658
20043
28235
36428
28237
28241
20050
36434
28243
36436
3670
20055
36439
3671
3673
36443
3675
11867
3676
28254
20064
28256
3681
20067
20069
11878
28264
11881
36459
11889
20082
3699
11892
11893
11895
28281
11898
3707
20091
28284
36476
11901
3710
11902
20094
20095
28287
3713
11905
28289
3714
28296
3721
20106
20107
28301
36493
3727
11921
36498
36499
28309
20119
36503
20121
36506
11931
3742
20126
20128
36514
11943
20135
36519
28328
36520
36522
3758
20142
3760
11952
20144
3761
20145
28337
28339
36535
3769
36537
28346
3771
20156
36540
20157
28351
3775
3776
36548
28358
28359
3785
36558
36561
20179
3798
11997
28382
11999
12001
12002
20195
3812
3813
36582
20198
20199
28392
20201
28393
12010
3821
20205
12014
20207
36592
28401
3826
36594
28404
36598
36601
36602
12027
12029
12030
28414
12031
3840
3842
20226
28419
12039
3848
20233
28426
20235
28431
20240
12050
3859
20243
36627
20244
12053
28438
36631
28440
3866
12058
20250
36634
36635
3867
28447
12065
3874
20259
28452
3876
12070
28455
3881
3882
36650
12076
20269
20271
36660
28470
20283
3900
20285
3903
20287
12102
20294
36681
12107
20303
12112
20304
3921
36689
12114
36690
3923
12115
28500
20309
36693
28502
3927
20313
28507
3932
28508
28510
36705
36708
36709
28518
20327
20328
36712
12140
28524
36717
3950
36720
3953
3958
36726
28535
3963
12155
12156
12157
3966
28544
28546
3972
12164
36740
28549
12166
20360
3977
12169
12170
28554
20363
20364
12172
36753
28563
20372
36756
3991
28568
3996
20380
36764
3998
28576
4001
20385
20387
28580
12198
12200
20392
28584
36776
12204
36780
4015
4016
36785
28595
12212
36789
28597
4023
12215
12216
28601
12218
20412
12220
28604
12221
28607
36799
12225
4037
36805
28614
4039
20423
12234
12235
20429
12238
12240
36817
12241
12245
20438
12247
36823
20442
12251
28635
36829
4062
20447
4067
20451
4068
4069
36837
4072
12264
36841
28649
20459
20460
36846
12272
20464
28657
4082
28658
4084
4086
12278
12280
4089
36859
28668
20476
20480
36864
4099
12297
12298
28682
4108
4111
20495
4114
36885
4118
20502
36886
20503
20504
36889
4122
20507
12316
4125
4126
12318
36895
12320
20517
4136
4138
20522
36908
4141
20527
28719
20528
36913
20530
28723
4148
36916
20533
12351
4163
4166
36934
12361
12364
28749
12367
36947
20564
12374
4183
12375
36951
12377
20570
28762
12379
20572
20573
36958
20575
28767
36960
4192
36961
20578
12387
20579
4197
20582
28776
20586
12400
4209
12404
36980
20598
36982
4215
4216
12410
28794
4221
36989
20607
20608
20610
36996
20615
28807
4232
12424
37000
12429
12430
12432
28823
4249
20634
4252
4253
37022
12447
28833
28834
4259
12451
37027
4260
4261
4262
20646
28838
28839
4264
37033
20649
4267
12460
20653
37038
37039
12464
28848
12465
20659
4276
37045
4281
20665
37049
4282
12474
28858
4286
28862
28863
4288
4289
37061
12485
37063
4295
12488
4298
28874
4299
12491
28876
20685
37069
20687
4304
37073
28882
12499
20692
4311
37085
20702
28894
12511
37087
28897
37091
20708
20709
28901
4328
4329
37100
20722
37108
4341
20725
28919
20729
37114
12539
28923
37116
12542
20735
28929
4354
28931
28932
37124
20741
28933
20743
4362
37131
20748
37132
28941
20750
20751
37138
4372
28948
12565
4377
20761
12570
4378
28959
37152
12577
12580
4389
28966
4393
4395
4396
37165
4398
20782
20783
4400
12593
28978
20787
37174
4408
37176
37177
4411
4412
20797
12608
20800
28994
37187
12611
4420
12612
28996
37188
20806
29000
12617
4429
12621
20813
37197
20815
37199
4434
12627
37205
37206
4439
4440
29016
12633
20826
20830
37214
12639
29023
4448
37218
20837
4454
29030
4455
20839
4458
20844
4463
20848
29044
4468
29045
4470
29046
37238
4477
20861
12672
12673
20865
20866
29058
4486
29062
12680
4490
12682
20874
20876
37261
12688
37265
37266
4500
29076
12695
29079
4506
29082
37275
37278
4511
12703
37282
4517
37287
20908
4525
29103
12724
4537
20921
12731
4539
12733
4542
37310
4543
4544
4549
4552
12745
29131
4558
4560
12760
4568
29149
37341
29150
12767
12768
12774
20966
4583
4584
12776
37353
29167
20982
29175
37367
29176
20985
4602
37370
29179
20990
4606
37376
29186
20994
20995
20999
37383
12809
37385
4618
4619
12811
37387
29196
12814
21006
4623
29199
29200
4629
21013
21014
37399
12828
37405
12830
29221
21030
4648
12841
4650
37419
37420
12845
29231
12850
21042
37426
29237
12853
4662
12856
37433
37434
37436
29247
12865
4673
37442
29252
4679
21064
21065
37451
21068
4685
37458
37461
12886
4697
4700
37473
12900
4710
12904
29288
37481
4714
4717
37488
29297
29298
21107
29299
12916
29308
12924
21116
37500
21117
29310
12927
29312
37505
37506
4740
12932
21124
4741
4746
4747
12939
29323
37516
21132
29324
21133
4753
21139
4757
4758
12951
37528
4761
29339
12956
4764
29340
37532
37534
4768
21153
37537
4771
4772
12964
21157
12967
29351
12971
4780
21164
37549
37551
21168
29361
12984
12986
21178
29371
4798
29377
21186
4803
29380
37572
29381
12997
37573
13000
4809
37583
4816
13010
29394
4820
37588
29401
29402
21212
4829
29405
37599
29409
13026
4835
37603
4837
4842
37610
29423
37616
29425
4851
21236
4855
29433
21242
21247
21248
21249
4868
13063
29448
13065
29449
13066
37643
37644
4879
21263
4880
37648
29459
4884
21270
21271
13079
4888
29467
37660
21277
21279
13091
13095
4904
37672
37674
37675
4907
29485
29489
4913
13108
13109
29496
29497
29498
21307
4925
4931
37700
21316
37701
13127
21319
29511
4937
21325
29519
37711
21328
21329
21330
29522
29523
13143
37719
21337
29529
29530
21339
4957
13149
21341
37725
37726
37727
4959
29535
13153
21345
21346
29539
21350
21351
21352
21354
13164
13165
37741
13166
4975
4976
21360
37745
13170
29554
29557
13177
29561
13180
21372
4989
21373
4990
29567
13184
21377
37763
4996
21381
4998
21384
21387
29579
29580
29581
29582
29587
13204
29588
13205
5015
37784
37785
37786
29594
37790
21409
13218
37797
5029
21415
13223
29607
21416
21417
37801
21418
29610
37802
37804
29613
37806
29616
29617
5042
21426
29622
13241
29625
29627
13244
13248
29632
37824
21441
21442
29637
13254
37831
37832
5065
21449
5066
21451
5068
37836
5069
29645
37837
29647
5074
37842
29651
21461
37845
29656
13272
21465
37851
13276
29663
5089
37858
21475
37859
5092
13284
13286
29670
5096
29672
13290
21482
29675
5100
37868
29677
29678
21493
29686
37879
29688
29689
21498
37882
13309
37885
21502
5119
21505
13315
5124
5127
21512
29704
37896
29709
5135
13327
21519
13328
29713
5138
13332
37911
13335
21528
13337
21533
29727
37919
21537
5156
37925
13351
37927
29736
29738
37933
37934
13364
37941
5177
21561
13370
5179
29755
37947
5181
21571
13381
29765
13385
29771
21579
29772
5198
21583
37967
37968
13395
37971
29780
21591
5208
37978
5211
13404
21596
21597
37981
5214
13407
21599
37983
13408
29793
5219
5223
21607
29799
21609
13421
29807
38000
5233
13425
21621
5238
13431
29816
29819
5246
13439
29825
5250
38018
38023
21643
5262
29838
13456
29841
38033
29842
5267
29843
13460
29847
21657
38042
38045
13471
5286
21670
5289
13481
13482
38058
38059
29868
5294
13487
21680
29879
21687
29885
38077
5310
13503
38080
5313
21697
21699
21701
29895
5321
13513
13514
21708
29900
21710
13521
38101
5334
38102
13529
13530
29914
29917
38110
38113
5347
38116
29925
5353
13545
21737
29929
38124
5358
13551
38129
5362
21746
21747
38133
13558
5367
21754
13564
5374
13566
29951
21761
5378
38150
21766
13575
38153
5388
21772
21774
29968
13588
21782
29974
5401
38169
13594
13595
29979
13596
21790
38174
21793
5410
38178
29987
5412
5413
29990
5415
38187
29996
38190
38191
5425
38194
21812
13621
21813
21814
5431
13625
5436
13628
21822
38207
21823
21827
5446
30023
5448
5449
13642
5451
21839
5456
30032
21841
21844
13654
30038
5463
30040
21851
5468
5472
21860
30053
13670
5479
30057
21866
30059
13680
21872
13681
5489
30070
5496
13690
30074
30076
30080
5505
30081
5507
30083
13702
21896
21903
13713
21909
13719
30107
13729
21921
5539
30116
13733
21927
30119
21929
13739
13740
21932
5548
5551
30127
30128
13746
30130
13748
21940
13751
21943
13753
13755
21947
21949
21955
21957
5577
30155
21964
5581
21966
5583
5584
5585
13777
5587
13779
21972
5588
13782
13787
30173
13790
21985
5604
5610
30187
13804
21996
5613
5614
21998
13807
30191
5617
30193
22002
5620
13813
22005
22010
22012
5629
5630
22014
22015
5634
30213
13833
5642
13834
13836
22033
5650
13842
30226
5652
13845
5656
13849
22041
13850
22042
5659
22044
5661
22050
22052
22053
22055
5674
13866
5676
22060
30253
22062
13872
5682
30259
5686
13878
5688
30264
5690
22075
5693
30269
13889
13891
5703
30279
30281
5710
22095
30288
30290
13908
13910
5719
30297
30299
13917
5726
30304
30305
30306
30307
22119
22120
5737
13929
30318
13936
13940
30324
5750
30328
5753
5756
5762
5763
30341
5766
22150
5767
30343
22158
5776
22160
30352
5782
30360
5785
13981
30366
5796
5797
22184
22185
13996
22189
30383
5808
14001
22193
30387
5814
14007
5822
30399
5824
30402
5828
14022
30407
22223
22225
5842
22226
22229
30421
14039
22235
5852
22239
30433
5861
14053
30438
14055
5864
14058
30444
22254
30446
14064
22256
14066
5875
5879
30457
14074
22268
14078
14079
14083
5893
5894
30473
22283
30477
5902
22288
30486
5913
30489
30490
30491
5920
22304
5921
14115
14117
14119
5929
22315
30507
14125
30509
14126
30517
22325
22327
30519
14136
30520
5946
22330
30524
22334
14144
14145
22338
5959
22344
5961
22345
5962
30541
5969
30547
5971
5972
22362
22363
30555
30557
5984
22370
22379
22380
30572
14189
22381
22382
6000
30577
22388
30581
6006
14198
30583
6011
14206
14207
30591
6016
6017
14209
30593
14211
22406
14217
6031
14224
6033
14228
14230
14231
30615
22424
22428
22431
30626
6057
22441
22442
30638
14256
6065
6069
30645
14262
30648
6074
14266
6077
14271
14279
22475
6092
30668
30670
6095
14289
22481
6098
14291
22486
30685
30686
30687
14304
22497
22500
6119
22505
14314
22506
30698
6125
22511
14322
22515
14324
30709
14327
6137
30713
6138
22522
14336
30720
14338
14341
30727
30728
6152
6153
14345
30730
14351
22544
30736
30737
14354
22553
30747
6174
14366
22558
6175
14367
30754
14374
6184
14377
6186
6191
22575
30773
22582
30775
30777
14394
30781
30782
14399
6208
30785
6210
14403
14404
22596
30789
6218
14413
14418
6227
22611
14421
6230
22614
30806
22617
30809
14428
14430
30814
6239
22626
22628
14439
30824
30828
6253
14446
6258
14450
14455
14456
14460
22652
14463
6275
22661
22662
6281
30857
6282
14474
14475
22667
22670
30864
6289
22673
6291
14483
14484
14486
6294
30873
6300
30876
14496
6304
6305
6306
14498
22690
30884
30885
22694
6311
14503
30888
14505
6314
14506
14508
6322
6323
30899
22710
6327
6328
22712
22719
14529
22722
6340
22725
22728
14537
14538
30922
14539
14541
30925
14542
30926
6354
30930
6355
22739
22743
30939
6366
22751
14560
6372
14564
14569
22762
6379
22766
22767
22769
14579
30965
6390
14586
14587
14588
30973
14591
30975
22784
6405
6407
14602
14603
30990
6415
30994
14611
6421
22806
22808
6427
6429
22814
22816
6435
14629
6439
31016
6441
22825
31017
6443
14637
22831
14640
14646
6455
6456
22840
6458
14650
6460
22844
22845
6462
6463
31044
22854
31046
31047
14665
6475
14667
14668
22861
6478
14673
22869
14681
6492
14692
6503
6507
22891
6509
31086
6510
22898
6518
14710
31095
14712
22904
31097
31100
31109
6537
14729
14731
22928
31120
31121
6547
6549
14742
22938
14749
31138
31140
6567
14760
14762
31146
22956
14770
14772
22964
6581
31158
31159
22968
31161
14780
14781
31166
22975
31167
22977
14787
22981
22986
6603
22987
31184
6611
14804
6614
22999
31192
23003
31195
6620
31198
31199
6628
31205
14822
31208
31210
14827
14828
31214
14831
31217
14834
31220
31224
23033
14842
31226
23035
6652
23037
31235
14852
6661
31240
23049
6665
6668
23053
31245
23056
31248
31250
6676
23062
6680
14875
23074
23075
6693
6697
6698
14894
31280
23093
31285
6711
14903
6712
31294
14911
6720
6723
23107
31300
31301
23111
14920
23112
23113
23114
23118
14927
14929
23122
23127
31324
31327
14944
31328
6753
31330
31332
14950
23143
31335
6760
31339
14955
6763
31342
6768
6772
6774
14966
6775
14968
23160
6779
23163
6785
14978
23172
14981
14983
31367
31368
6794
31370
6797
14989
6801
14995
23189
6806
23191
31385
15003
6811
6812
23197
23198
31391
23202
15012
6822
23206
23207
15017
23210
15020
23212
6829
15025
6836
23221
31415
6840
23224
6844
23230
15039
15041
31427
15046
31430
15047
23242
23244
31436
31437
15055
6863
31439
15056
23248
23250
31442
23251
6868
15063
23261
6880
23268
6885
23269
15078
31462
23271
15085
15089
23286
15094
15096
31481
23290
23292
15101
23298
23299
15107
6916
6918
31497
23306
31498
31499
31500
6925
15117
31501
31503
31504
15126
23318
6937
15129
23321
6938
15132
31518
15141
23333
31525
23337
15148
6957
6961
23346
15159
23352
23353
6970
6971
6972
31548
6973
23357
15172
23365
6983
6985
6986
6989
15181
31566
6994
23378
23379
23381
31575
7002
31580
23389
15197
23390
23392
31585
23394
31586
7011
23398
15210
23403
31595
23405
7022
23407
23408
7025
31603
15220
7031
31608
23417
23418
7034
7036
23423
23428
7046
23432
7051
15244
15245
31630
15253
7064
7067
23453
31645
31646
23455
15263
7075
23459
7080
15277
31661
15278
7087
31663
31664
15281
23473
7090
15284
7093
31669
7095
15291
7101
15293
15294
15299
31684
31685
23496
15307
31691
15308
7123
7128
15321
23515
7133
15326
31712
23523
7141
31717
15334
23530
31726
23537
31730
23541
15350
31735
23546
31738
15355
31741
23551
31745
31746
31753
23562
7185
15379
7195
15388
31772
7198
31776
23585
31779
7206
23594
31786
7211
15403
7214
15406
31791
31792
7217
7219
23603
23604
7221
15414
7223
23608
15418
23610
23611
23613
7229
31805
7230
23614
7234
23620
15430
23622
7239
23623
7243
31819
31820
7244
15437
23630
23638
31834
7259
7263
15457
15458
23652
15461
7272
23659
15470
15471
31855
7281
7284
15476
23668
31861
7286
23671
15481
23675
15486
15492
23687
7306
31882
7310
15502
7312
15507
31893
15510
31894
15512
7322
23706
31902
15519
15522
31906
23715
23717
31909
15527
31911
23721
15531
23727
31921
23730
23732
31924
15542
7351
31929
7355
15547
23747
23749
15559
23752
31946
15567
23759
31953
23762
31954
31958
31959
15580
7389
15581
15582
23776
15584
7393
7394
23779
7396
15590
7399
31977
15594
23786
15598
23791
7408
31987
7412
15604
23797
7414
23798
23799
7416
23800
7417
31996
23806
31998
31999
15616
32001
7426
7430
32009
32010
32019
15637
32021
7447
23831
15640
15641
7450
23834
32026
15643
32033
7458
15651
7461
23846
23847
15657
32045
15664
7473
15667
7478
7482
7483
15676
32060
15680
23875
7494
15686
23878
23881
15690
15691
15692
23884
7500
32076
7502
7503
7505
15697
23889
32081
23892
15702
7511
23895
23896
7514
32092
32093
32095
15713
23913
7530
32106
23917
15726
32113
7540
15732
32118
32121
32122
15744
32130
23940
15750
32135
15752
23944
7561
23946
32140
23949
23950
32144
32147
7574
15766
7576
15768
15770
7580
32159
7584
32160
15780
32166
7591
15784
7593
23977
23978
7595
7600
15794
32179
23988
7605
7606
32182
15799
32183
15801
23994
23995
7612
32188
7613
32191
7616
15810
24004
15818
24014
32208
24017
15828
15829
7641
24026
7645
15838
15839
7648
24032
15841
7650
15844
32228
32229
7653
32230
15855
7664
15856
15857
7667
24052
7671
7672
32248
24060
7677
32253
15872
32257
7682
32259
15876
32267
24077
32269
24078
7695
15887
24080
32272
15889
32274
7699
32276
15896
15901
32288
15907
24099
32292
7719
24103
24105
32298
15915
32299
7724
24108
15918
7727
15919
15922
7730
32308
15925
32311
24124
24127
15938
32324
24132
7750
32326
15943
32330
7756
24143
7763
24147
24148
15959
24152
15962
15963
15966
24161
24164
32357
7782
32358
7784
24168
24173
15984
15987
15989
7797
32375
24185
15996
7805
32381
7807
15999
16001
24193
16002
16004
32390
7815
16007
32391
7819
16013
32398
32399
24208
32400
16018
32403
32404
16021
16022
32406
16023
16024
24220
32416
16032
7841
24226
24228
16039
16040
7854
16046
16047
32432
7857
7860
32438
24247
32439
7865
32444
7870
32447
7874
16066
16071
32456
7880
32458
16077
32461
7890
16083
32469
7894
16088
32473
32475
24284
24287
32481
7905
32485
16104
24296
32490
16107
7915
32492
16111
24303
32496
32497
24306
16117
16121
24315
32508
24317
16126
24318
7935
16129
24321
7938
16132
7943
24331
16141
32525
24336
7956
7957
24342
24343
16152
16153
7961
32538
7963
7964
24349
32544
7972
16165
16167
32554
16173
16174
24366
16178
16179
7988
7989
24373
24374
7992
24376
16189
32573
7999
8000
32576
16195
8006
32582
8014
16207
24400
32592
24402
8019
32598
32599
8025
8028
8030
24415
8032
8035
24421
8040
16232
32616
24425
24427
16240
8050
8053
24439
8055
24440
32633
24445
8062
32638
16256
8066
32642
8074
8079
16273
16277
32661
8087
32663
16281
32666
24474
32668
16284
16287
8097
8098
16290
16291
32678
16295
24489
16299
24492
8111
24495
16304
16306
24500
32699
24509
16321
24514
8134
24518
8135
32712
16328
16329
16330
24523
32715
24526
32718
16336
32721
8146
32722
16339
16341
8151
8153
8154
16346
32736
8164
16357
32743
8169
24553
16362
32746
32751
8180
24564
24570
32762
16379
16383
9
432
0
178
211
229
184
221
14
239
8.36