548
4
1032
9
10
1035
1036
1037
1039
20
1047
1048
29
31
32
1056
1058
34
1060
37
1063
1064
1065
1068
44
1074
1075
54
1079
55
1080
57
1083
1084
1086
63
1091
1092
70
74
1098
1100
77
79
1105
84
85
1111
89
92
93
95
1120
1123
100
105
111
1138
114
1143
1144
122
1146
1147
126
1155
135
136
1160
137
140
1165
1167
144
1171
1173
1175
153
155
156
160
1186
1187
164
1190
166
1194
174
1198
1201
180
181
1206
182
1208
184
185
186
187
1212
191
194
1218
1219
195
196
197
201
1226
203
204
206
1231
1234
1238
1240
216
220
1247
1248
1249
229
230
1254
1258
234
237
1262
240
1268
244
1271
1274
1277
1279
258
259
260
261
263
1287
264
1289
266
267
1291
1293
1294
277
1302
278
1303
1308
1309
286
1311
288
1313
1316
1317
1318
295
296
1320
1327
304
1331
311
313
315
316
317
318
1343
320
1345
322
1348
1351
1352
1353
330
1354
1355
1357
333
1360
1361
338
1364
342
343
1369
1370
1372
1373
349
1374
1376
354
1378
1379
1386
1387
1388
1392
1393
1394
1396
1397
1399
1400
377
378
1402
382
1412
1414
395
396
1422
399
1426
409
410
1434
1436
1437
1440
1441
1444
420
1445
1448
425
426
1450
1454
1455
432
1456
433
1457
1458
1466
443
444
1469
447
450
1477
459
460
1485
1486
464
1490
1491
468
1494
472
1497
473
1498
478
1502
479
1503
1506
1508
1509
489
491
492
1517
1518
497
498
499
500
501
1531
509
1534
1535
1536
1537
1542
1543
520
522
527
529
1555
534
538
1562
1563
539
1564
1565
543
1569
546
548
1572
549
550
1575
552
553
1581
1582
559
1586
566
1590
567
569
572
573
1598
1601
1603
580
581
1606
1607
585
1612
1613
591
1615
1617
595
1620
1624
602
1626
1627
605
608
1633
612
1637
1638
615
1643
619
1647
623
1648
1649
1650
631
632
636
638
1662
639
640
1664
641
1665
642
643
645
1670
1674
1678
657
1683
659
660
661
662
665
666
1691
1692
669
671
1697
1698
1699
679
1706
1707
683
1708
1713
1714
691
692
1719
1720
697
1723
700
1726
703
704
1729
706
1732
708
1737
1738
1739
717
719
1743
1745
1749
1752
730
732
1757
733
735
1759
737
738
739
740
1766
1767
1768
745
1772
748
1774
1776
1777
1778
1779
1781
759
1786
1787
764
1788
1791
1794
772
774
1798
776
1800
1801
777
780
781
1808
1809
789
1814
1815
1818
1819
1820
798
1822
799
800
1825
1826
1828
806
1832
1834
811
812
813
815
1843
820
821
1847
824
1853
830
1855
833
835
837
838
840
841
844
849
853
860
861
863
865
876
877
878
881
883
888
890
894
895
896
905
907
910
911
914
917
919
920
922
926
934
937
944
948
950
952
953
960
968
969
974
976
977
978
985
987
988
990
991
995
996
998
1001
1003
1005
1006
1007
1012
1016
1019
1020
1021
1023
35
67
5
134
71
136
73
9
76
79
82
19
20
84
85
150
151
153
25
26
159
96
33
99
42
45
109
111
114
116
120
58
122
59
61
62
2.32