4395
32769
32770
24579
16387
24580
32775
16391
8200
24584
9
24590
32783
32784
8210
16403
8213
8214
16409
24606
16416
8225
34
8226
8227
24612
32805
37
32808
42
8235
49
16439
56
32824
16441
8253
62
8256
32833
16450
24645
32838
24647
72
73
24649
24651
24654
8272
83
32852
24660
86
24662
24663
24665
32859
8285
8287
16479
32865
8291
16485
16486
32870
32871
24679
8297
8299
24684
113
16500
8309
24694
8311
8312
16506
126
32897
32899
24707
132
8334
144
146
147
149
32917
8344
24730
8348
24733
8350
8352
32939
173
16558
24751
16560
32948
190
8382
8384
32961
195
16579
32967
24779
16587
203
204
209
16595
24787
211
16597
8406
16598
16603
219
24796
220
221
8413
16608
16609
16612
24804
8422
16615
16616
33000
24813
8432
33009
247
8440
8441
33019
16635
8447
16639
24832
8451
260
24836
8453
267
16652
24845
8462
272
33042
8479
33056
33058
8484
292
297
16682
8492
8493
8499
313
8507
319
33088
24896
8512
321
8515
24901
24903
333
33101
24910
335
336
339
16726
33115
347
33116
33118
33119
357
8550
24936
33129
16749
24941
368
16753
379
16765
8573
8576
386
387
391
8584
8586
16779
24972
33164
16785
24979
408
8600
33181
8606
33186
8610
418
16807
25000
427
33195
33196
8623
16818
25010
33203
25012
438
25016
16824
33212
16837
8648
8651
33228
461
463
33231
33232
25042
25043
33237
8665
25050
8668
477
33247
8675
25063
25064
489
33257
33258
493
33263
25073
8689
33267
502
8695
25080
8699
16892
16895
16896
25089
8705
16900
516
33285
518
8711
519
520
16904
8712
8714
8716
33292
525
33295
8720
528
16912
8721
16913
529
16914
33299
33300
33301
8725
534
33303
537
8734
25119
16934
25128
16936
25130
555
8749
557
558
25135
16946
563
33333
8759
573
575
8768
577
8771
25156
33355
16972
588
8780
589
16975
33361
8787
33364
8788
16982
599
33368
16985
601
33373
16990
16992
33376
25185
609
33380
16997
16999
8807
615
33384
25193
33387
620
622
33391
625
8821
25207
632
633
33404
17023
8832
25218
17026
33411
25221
8837
33414
8839
650
651
33420
17036
33421
8849
658
8856
17054
672
673
674
33444
8871
8873
33449
33450
8875
25260
8881
8884
17081
17082
25275
8891
25276
700
8892
704
705
706
707
33485
17106
8914
25302
25303
17111
728
8922
33501
33502
735
33504
25313
17121
743
33511
33513
33514
33515
17133
33519
8944
33520
753
33523
17140
763
8955
33532
25340
764
25345
8963
25350
777
17162
8971
25356
25359
8975
33551
25364
8980
8981
25365
17174
25368
33560
17177
793
33563
33564
8990
8991
17184
33570
802
25381
33574
17190
33576
808
33577
17194
17196
17197
25390
9010
33588
33589
822
17207
9018
9021
33599
17218
9028
17222
33606
25415
840
9032
17224
17225
33611
25420
845
846
17231
850
17234
853
9046
855
9047
33624
9051
33632
17249
33633
9058
33637
9063
9064
9066
9069
25454
25458
17266
9074
25461
17271
33657
25465
17276
25468
17277
893
33662
33668
25477
901
902
17286
25478
33670
25481
25482
910
17294
9103
17299
25491
9107
17300
25498
9115
9116
25500
9120
17318
939
17324
17327
33711
943
17330
25524
17332
33716
17333
9142
950
25527
25528
33723
9149
9150
33727
17347
25541
9157
966
25545
33738
17359
17364
25557
17366
33753
25564
25565
9181
989
990
25567
991
992
17379
25572
1002
33770
33772
33774
9198
25583
9201
25586
33779
17396
9205
33781
1017
9211
1019
17405
1022
1023
17408
9218
1028
33797
25608
1032
9226
17419
33804
1037
17422
9232
9239
1049
25625
9242
1050
17439
1055
25633
33828
9253
17446
17447
9259
1069
33837
9261
25646
25648
25659
1085
25672
17481
25673
9290
1099
17484
9292
9299
25685
17495
1113
33881
1115
17504
1123
9316
1125
17511
33895
25706
17515
17516
33901
1133
33904
1136
17521
1138
17522
25716
25718
33911
33913
9337
25727
33920
33921
9351
25736
1163
9356
25740
25741
17550
33937
17555
33940
9364
25749
1174
25755
33947
33950
33954
1186
9384
1192
9385
9386
1197
17581
9389
17584
9393
33972
9397
1206
33975
1208
9405
17598
9407
9408
17601
17602
9412
9413
17605
9415
25804
1230
33998
25809
34001
34002
9429
17624
25819
9436
17628
17629
34014
17631
17633
25827
1252
25829
1253
34023
1256
9448
9449
9453
17646
34033
1265
17652
34037
9461
9462
34039
9464
9466
17658
34050
25865
9481
17675
34061
9488
25876
34071
9497
9499
17692
17695
17696
34080
17697
25890
9507
17699
25892
34086
17703
34087
9513
25897
34094
9521
34099
17715
9523
9526
1334
34102
17719
17722
9531
1340
25918
1342
17727
34111
34112
25920
34117
25927
34119
25928
17736
9545
17738
34122
25932
9549
25937
34130
34131
1364
17749
17751
34137
25946
1371
17760
1383
9577
17769
34154
17772
1390
9587
17780
9591
17788
17789
34177
1409
25986
17796
9607
34184
17801
1418
9611
9612
9615
9617
1428
34196
34200
17819
34208
9633
26018
34213
34215
26023
34216
1448
1449
1451
17835
9645
17839
26031
17841
9650
1462
9656
26042
34245
34246
17865
9674
9677
26067
26071
17879
26072
9692
1503
17890
26084
34278
1513
34285
17902
34287
1519
17904
26096
26097
34291
1524
9716
17911
1529
34306
34309
26122
17930
9738
9739
1547
17932
26125
17937
1555
34323
26135
34327
17945
26137
34333
9760
17953
34340
9765
34342
1576
17962
26157
9783
1592
17977
9786
17979
17980
9788
9790
26174
1598
1599
34369
26179
1603
34371
9798
1607
34377
17998
18001
1619
1622
34394
9819
1627
9821
34397
9822
34398
9823
26207
18016
34401
18017
9827
34404
9828
18021
34407
26219
26220
18030
1647
26227
1651
26229
1653
34427
18045
34434
9858
9859
1670
34445
1677
34446
1680
18066
34450
18067
26260
26266
1692
9886
26270
26271
18084
26280
9896
18088
18089
18090
9899
34478
9906
9908
26292
1716
18102
34487
1721
26298
26303
9919
26305
34498
9923
18116
9926
34502
9928
9930
26315
26316
9936
18129
9939
9941
1749
9945
9947
34525
26335
34527
1759
34531
18151
34536
26344
9963
18160
9971
9972
18164
1782
26360
34552
18168
34558
18174
18178
1795
9987
34564
18182
1801
1803
10000
10002
1811
1813
34582
34586
26394
26395
1824
34593
10023
1832
10026
34603
10028
26415
18224
1844
1845
10038
1848
1851
34620
26430
26431
26433
26435
34628
26437
34630
18247
10063
1876
26456
1884
18269
34653
10078
1890
10082
26467
18281
34669
26478
34672
10098
26485
1920
18304
10113
34689
34691
34694
1928
10122
34699
10127
18320
18321
26513
34707
26517
26519
1943
26522
34714
1946
34715
26525
18334
1952
26529
34723
34726
18345
10153
34731
10158
18351
34736
18354
34739
18356
18359
10167
1975
18360
1978
10171
1981
1983
10176
18372
34756
34761
10186
1994
1995
34764
26573
18385
26579
2008
2009
26585
26588
10204
34781
10205
18400
10209
18402
34787
26597
18407
26600
10218
2029
18417
34801
18418
10227
26611
18420
26612
34805
26613
34806
34808
10234
26618
26619
10238
34814
26624
2051
18437
26629
10247
2057
10249
34826
18444
26636
34830
26639
18453
18454
2072
18458
26652
2076
2079
34849
34850
2084
34852
34855
26663
18471
18474
10283
26668
18476
2093
2094
18481
26673
2099
2100
10292
26683
2113
26690
18498
10311
2119
34890
10316
18508
18511
26705
18517
10330
26720
34914
26722
2148
10340
26727
18536
26729
10345
2156
2158
2160
26743
2167
2171
2173
34941
2175
18562
18567
10377
18569
34954
26762
18572
34957
2192
34962
18578
34964
2197
10391
2202
10395
26780
18588
2205
18590
2208
10401
2209
10402
18595
2211
26789
18603
34987
34992
26801
10417
2225
26802
10421
35002
26811
2235
26812
10429
18621
18623
18624
26816
2240
10434
35011
26821
26822
2247
35016
26824
35022
2254
10453
10455
2265
35035
10461
26848
2277
18662
2278
35048
18664
18665
2282
18667
2286
18670
18671
18672
10481
18674
10486
2294
35062
18679
35064
10489
35068
10493
35071
2305
2308
26886
2314
18701
2320
26899
2326
10519
26903
35095
10520
26906
35098
10524
2333
35106
26915
2347
35118
2351
10544
18737
2355
26931
10547
18740
35125
26934
18742
18746
10555
26942
10560
18754
2370
18756
26948
26949
18758
10567
26952
10568
26955
18764
10572
10573
18766
35151
2385
10578
18771
35155
35157
10581
35159
10587
26972
18780
35168
2402
26979
18788
35182
2422
35192
10617
27001
2427
35197
10621
2431
35199
10623
2433
2434
18818
35202
27010
10627
2436
2437
35209
18828
2447
35216
18834
10642
35219
35220
18838
27030
2454
27032
10649
35226
27035
2460
10655
35232
10659
27045
10662
27049
10665
10669
27055
10671
10673
35250
10674
10675
18867
2483
35253
18870
27062
27064
18873
27066
2492
35262
18879
18881
2498
10693
27079
2504
35274
18892
27084
10708
27092
10710
27094
2518
18905
27098
27099
35292
35294
10718
10719
10722
35300
27109
35301
18919
10728
27114
2541
2542
10735
27121
10737
35313
18930
35316
18933
2550
10744
18937
2556
18942
2562
35331
10756
18951
27145
35337
10762
27146
2570
18957
35342
2577
35345
2578
35348
10774
10775
27160
27161
27166
10782
10784
10789
10790
18983
35368
27177
10794
18987
35375
27184
27187
10813
10815
19009
10817
35399
35402
10827
2635
19022
2640
19024
35414
10839
2647
2648
35421
2654
10854
19047
27240
35435
19051
27246
10867
19059
10869
35445
27254
2678
35450
2683
2684
27261
10879
19076
10885
27270
2698
35470
35477
10901
2709
2710
10902
2712
10904
35481
2715
19100
27293
10910
2723
10916
35494
27302
2726
27306
19115
10924
2732
35500
35501
35502
2736
19121
19122
10931
19124
2740
19125
2741
35510
2745
27323
19134
10942
35522
27332
10949
27333
27334
10952
2761
19145
35530
2767
35536
10962
2774
2778
27355
10973
27358
19169
2786
2788
27366
10984
27368
2792
27369
10985
19178
2794
2801
35569
19185
10995
27380
2805
27384
2808
35576
35578
35579
19198
11006
2814
35583
11015
11017
19212
27405
19214
19215
11024
27411
19219
19222
35607
35611
27419
2845
11039
2849
11044
35620
11046
2854
2855
27431
19241
35628
19246
27438
35638
19257
2874
2875
11067
2876
11069
11071
19267
2885
19272
2892
19277
11086
27470
19279
27474
35671
35675
2909
2912
2913
11111
11112
27497
2926
19312
11120
35697
19313
11121
27507
27510
19318
2935
11128
35704
11129
11131
35708
19324
27519
27520
2944
19329
35716
11141
35720
27529
35723
2956
11150
19343
2960
2962
2964
27544
35738
11163
2973
35748
27556
19365
11173
35750
27560
35754
11180
11181
35759
11187
2995
2997
11191
11192
3003
3007
3011
27587
11206
27592
11211
19404
3022
27599
11219
27606
19415
11224
27608
3035
3036
11229
27614
19423
11233
3043
3044
27622
3046
3047
3050
27627
27630
3060
3063
35832
19448
27642
35835
3067
19451
35841
19457
35844
3076
19461
11271
27656
11274
35850
11277
35853
19471
3088
19474
35858
35864
27673
11290
11293
35876
11305
3116
11312
19510
27710
3135
19524
27719
11336
27723
27724
3149
11342
19536
11346
19538
3154
19547
35932
19548
27742
19551
27743
11361
19555
27747
27748
35943
27753
3177
35949
35951
35952
3184
11377
19572
19573
19574
35962
27775
11392
11393
3201
27778
19587
27780
3208
19594
27786
19595
3212
11405
19599
27794
3218
35987
11411
11412
3222
27800
11418
35995
11422
35998
36000
11425
36002
11431
11432
3241
19625
19626
19628
19630
19632
36018
11444
36021
11445
11446
36023
36024
11448
27835
3261
11454
11455
36032
19649
19650
3270
19654
19656
36041
36042
27852
36045
27854
36046
19662
3281
27859
3284
27864
11481
19674
11482
27870
11486
11488
11490
11494
11497
3306
27882
36075
3308
3309
27885
36081
27891
36086
3318
36088
11512
27897
11515
19707
11516
11520
3333
3336
27912
3339
27915
27916
3342
11539
36116
3349
27925
36118
19735
27929
3357
36127
19747
11556
19749
11563
19758
3376
36145
19761
36146
11570
19763
3381
27958
19769
19770
27962
19772
19775
36160
27969
19779
3398
11594
27978
19789
27983
3408
19792
27985
27986
3417
19802
3420
11612
36189
27998
11618
36194
28004
19813
36198
28011
3438
3444
19830
36214
11641
3451
3453
3454
28031
3457
19843
36231
11655
19848
36233
3469
11662
36239
11664
11665
3474
19858
19859
11668
11670
19865
36251
11677
19870
11679
36256
3488
19872
11682
19875
36260
36263
28071
11688
11692
11693
19885
3504
3506
19891
11702
28086
36280
28091
36285
3519
19904
11713
28107
36300
19917
11728
11731
28117
19927
19928
28124
36316
19934
19935
11743
3551
36319
19941
28143
28144
11760
3570
11766
28150
36344
28153
11771
36347
19964
28168
11793
28178
3603
11796
19988
28181
3606
19990
28182
3609
36377
11802
36379
3611
11806
36382
28193
36385
28194
28195
20005
3622
11815
28201
20018
11828
28215
36411
3647
36419
11848
20042
11851
3659
20043
28236
28238
11855
3664
20051
36437
11861
28246
11862
28249
11867
3676
36445
20064
3681
20069
28264
11880
20073
3693
36467
20083
36469
11894
20086
20088
36472
11898
3706
28282
20091
36475
28284
36476
20092
28285
28288
20097
3714
11908
20100
3716
3719
36488
20104
3721
11913
28301
11918
20111
36495
3728
20117
11925
3736
11933
36510
3742
3743
28319
28320
36514
20132
3754
11946
28330
11947
36523
20142
11954
20147
3766
36536
11961
20153
20155
36541
20159
3776
28353
11970
36547
36553
28362
3786
36555
3787
11980
28368
20176
11987
11988
28374
11992
36570
11994
11996
11997
28384
20193
28386
3810
3811
12005
28389
36583
28393
28394
28396
28401
20210
20212
3831
36600
12025
20217
3837
36609
28418
36610
36613
20230
36615
28424
36616
20234
28426
3851
3857
28434
12054
20247
36632
12056
28441
12059
28444
20256
36642
36647
3880
3882
12075
36655
36657
28466
3893
3894
20278
28470
36662
36664
12089
36666
28474
36668
28478
20287
3906
3908
12103
28487
3913
28490
20300
3919
3922
3923
36691
20309
36701
28510
20318
12128
3937
36706
20324
20326
12136
3944
20332
28525
28531
12149
36729
12154
3962
12156
12158
20351
28544
3968
12161
36739
28550
36745
12171
28556
3981
3986
36758
20375
12184
12188
12190
3998
28574
20384
20386
20388
12198
28584
12202
4010
36778
12203
4011
28588
12206
20400
4018
12212
20406
20413
28607
20418
28610
12228
28613
4040
36809
36811
12235
4044
36813
12238
28625
36820
28634
4059
12254
36831
20448
36832
36833
4066
36837
12262
4071
12264
4073
4075
28652
12277
20472
12280
28665
20476
12286
36867
28676
20485
36869
28678
4103
12296
12297
12298
28687
4112
20496
4117
12311
12317
20509
4126
36896
28705
36903
12330
36909
28718
36912
20529
4145
36915
4147
20533
4149
28726
4152
36921
20538
20539
28734
36928
4161
12358
12362
12367
12368
12370
4182
36950
20568
36954
20574
28767
12385
36961
28774
20584
12392
20586
12394
4202
12400
28786
12403
20597
36981
4215
28792
28793
12409
28796
36989
12414
28798
12419
12420
4232
20618
12427
12433
4242
28822
12443
28829
4253
28832
4256
12449
12450
28834
28835
28837
37029
12454
37031
37032
12459
28843
4269
4270
12463
12466
28851
4276
12472
20664
28857
4282
4283
12477
20669
20672
37057
37059
12484
37062
20679
12487
37067
28876
28877
20686
12494
28882
12499
37076
12502
12503
28890
37083
12509
28893
12511
12514
28899
12515
37092
20708
28900
20709
28903
4327
28904
4329
28907
12526
20718
4334
28911
28913
37106
12530
12532
4341
12533
28918
20726
37111
4350
12544
28930
4358
12550
28935
12552
4362
12555
12556
20748
12558
28943
20751
4370
4371
28949
12567
37144
20762
28958
28961
37155
28966
4395
20781
4397
4399
37167
37168
28978
4403
37171
20787
37172
37173
12598
28983
4407
12602
4412
20798
37183
20799
28994
28995
12612
20805
12617
4428
4429
20814
4432
37200
20817
4434
29014
37206
4438
29017
12633
12636
20828
37213
12646
4454
4455
20839
4456
20841
29033
20842
12658
4468
29044
37236
4469
37238
29046
4471
12663
12664
29052
29053
4478
20863
20865
29067
12684
12685
29071
12688
37264
12689
12692
37272
37274
4509
29085
20894
4514
37283
12711
20904
4520
20905
4521
4523
4525
37295
4527
37298
29109
12726
37303
20919
20927
20928
20929
29125
4549
20934
37320
4555
12747
37323
37327
12758
37338
20954
29146
20958
4575
29152
4579
20963
20964
4582
37352
20969
37354
37357
20975
4591
12785
12788
4596
20981
20982
29174
37368
12792
12793
12795
29185
20994
4612
29191
37385
12810
37386
21008
29201
37394
12819
29205
37402
4637
29213
37411
29220
21030
12842
4652
12848
37425
29234
21042
37427
12853
4663
21048
29240
12857
4667
12860
12861
29245
29246
12864
21061
12871
21064
4681
37451
29259
37452
29262
12879
12880
4691
37459
21076
4692
37461
21078
21083
4699
29275
4704
12897
37474
4708
37479
4712
12906
37482
29292
21102
12911
12912
21104
12913
21107
37492
37493
4726
29306
21119
4738
29314
29320
12942
37519
21135
12946
12947
37524
12949
21145
37533
12957
12958
4766
12964
21156
21158
29352
12968
4777
29354
37548
29356
29357
4785
37553
4787
37555
29364
21175
12984
37564
21180
12989
29375
21184
12996
21188
21189
12997
37573
29385
29386
37584
21202
29394
4819
21206
21208
4825
13018
4828
37597
4829
4831
29410
29411
29416
37609
4842
37610
29421
21230
4847
29424
4848
21237
29430
29433
21242
4859
37627
21248
37633
13059
29443
29444
13062
4871
21260
4877
29457
4883
21270
21273
4895
13088
29472
4898
21283
13091
21285
37669
13095
4903
13099
21293
13101
13102
37678
21295
4914
37686
21306
37694
37699
29507
13125
29513
13134
29520
21331
4951
4952
21337
37721
29530
4956
4957
4958
29535
29540
4965
37735
29543
21352
37739
4974
29552
29553
4980
21366
37751
37752
21370
4986
13179
13180
37758
4991
37759
4992
13184
37761
13189
21381
13191
29578
37770
21390
21391
13200
21393
13205
29590
37784
37787
5019
29595
13212
5021
21406
5023
37794
29603
37795
37796
21414
37798
37800
37802
37803
29612
13228
37805
13232
5042
37811
13235
37812
21429
29623
13241
29626
21435
37819
5052
29629
29631
21442
13253
21446
13259
5070
37842
21460
37844
13269
37846
5079
13273
37849
13274
5082
21470
29665
29669
21479
29672
13290
37866
21482
13292
29676
21485
21487
37872
13296
13298
29683
5107
21494
29686
13303
13305
37883
37884
37886
29696
29697
5124
13317
5125
13318
29702
29703
13320
13325
13326
37905
5137
37906
5139
29715
13331
29716
5141
21529
21532
5148
21535
37920
37922
13348
21542
37926
13351
13352
5162
21548
29741
13358
13359
29745
5170
5173
29749
5175
29752
37945
21561
37946
21564
21567
5190
37959
37965
5198
21583
37967
37968
21585
5201
29778
37981
21599
37984
29792
5216
5217
21604
37988
5221
29798
13416
21608
21609
29803
13421
29805
13422
29811
5237
29813
21622
21624
38010
21626
21627
13439
29823
29826
38018
38019
13444
21636
13445
5254
38023
21640
29836
38030
21648
5264
21649
29842
38034
13458
38039
13470
21662
38048
13473
38049
13474
5291
13487
5296
29873
21682
29876
29881
21691
13502
38082
5315
13508
38087
21705
5323
29900
38092
29902
29903
38096
13520
13521
21714
21717
5333
21722
38107
21724
29917
29920
13537
38116
13550
38128
21744
5365
29942
13565
13566
29955
29956
5380
5383
38152
13577
5387
29963
38161
38162
13587
13588
5397
29974
21791
5407
38179
13603
38181
5415
38185
5417
21804
5421
21807
13617
5426
13621
5431
13628
21822
5438
5439
30017
5442
5444
30020
30024
13641
13643
13645
13646
13648
5456
13650
13653
5462
13654
13657
13658
13659
21853
21854
13663
30047
30049
30051
21860
30056
30058
21866
13677
30063
21872
13680
30067
30072
30073
13691
21884
30078
13699
30085
30090
21899
21900
21902
30095
21906
13716
5527
30104
13721
21915
5533
13727
30111
21919
30112
13737
21931
13745
30129
13749
30135
30136
13756
30141
13758
30142
5571
30147
21960
5578
5582
30159
21973
5591
30170
5596
21980
13789
5611
21996
13807
5618
30200
5627
13825
5639
22024
22025
13834
30224
13841
13842
22034
13844
13845
13848
30233
22042
5660
22045
22047
5667
22053
30246
22060
22061
13869
22063
30257
5681
13874
5683
22071
13883
22076
5694
30274
30277
5702
30279
13896
22091
13901
5712
5713
13908
22103
13911
5722
30303
30304
22112
30309
30310
5739
30318
22129
30322
5747
13939
5748
13943
22136
5754
5756
13949
30334
30335
22144
13953
13955
13956
22149
5765
22150
30343
5771
22157
13967
22159
5777
30355
22164
22167
22168
5786
13978
30362
22170
30365
5791
22176
30368
30369
30370
13987
5795
30376
13993
14002
30390
22198
5822
22206
22208
14018
30403
30408
5834
14028
22222
30419
5844
5846
14040
30425
22235
14043
22237
30432
5856
22244
14052
30438
30441
22249
5866
30445
22257
14069
14074
14076
5884
22272
22273
14081
14084
14085
5898
22282
14093
30478
5911
5912
22300
30493
22309
30507
14137
14138
5947
22331
14140
22333
30530
30533
14149
5957
22346
22350
14161
22357
5974
14167
30553
14170
22364
22367
14175
5983
22375
30568
22384
22386
30579
6007
22391
30583
22392
30584
14201
6011
14213
22407
30603
30606
6030
22415
14226
30611
22419
30621
30626
14246
22439
14248
6065
6066
14260
22452
6070
14267
22460
6077
30658
14274
30661
14277
14283
6091
22478
14289
30673
6098
14291
22484
30678
14295
14298
14301
6113
22498
22501
30693
30705
22517
22520
22521
6139
14332
22524
30717
6142
30719
14337
30722
14339
6150
6154
14348
30736
30738
6164
22554
22558
30752
22561
14369
6177
22562
30755
14372
6182
6189
14384
6193
22578
6196
30775
30778
14398
22591
6207
6211
14404
22596
30790
22598
30792
6224
14419
22613
14422
14423
30809
30812
6240
14433
30821
14441
22635
6251
6255
30834
6260
6269
22654
6273
30850
22660
22664
14473
14475
22667
6285
22673
22675
14485
22678
14487
22679
6301
22685
14494
30879
22692
6313
14506
22700
6317
22701
14510
14518
22711
22713
14522
30907
6333
14528
30913
30917
14533
14535
14536
14541
6351
22736
6353
30932
22741
30934
6361
6362
30939
30940
14556
6366
22752
30944
14561
14562
14564
22756
14566
6375
6376
30952
22763
6381
30959
14577
22771
6389
6390
14586
22780
30975
14598
6407
30983
22792
6410
14606
6414
22799
6415
30993
6417
30994
14613
31002
14620
22818
6434
6435
14628
22821
22824
31020
22831
6448
31024
6449
14641
31026
14645
31031
6456
14650
6458
31034
31035
14652
22846
22854
6471
14668
14669
22865
31058
31060
6485
6487
6488
6489
31065
22873
6496
31073
6500
31077
22887
14695
22893
22894
22896
31088
6518
31100
22912
6531
6532
31119
6543
22928
14737
14744
22943
31135
14755
31140
31142
14762
22955
22957
6573
14766
31153
14771
22966
6582
31160
22969
6586
22975
14786
6594
22979
22987
22988
14799
22993
31186
31188
6614
31192
31195
6620
14813
23007
6626
6629
31207
6634
23023
31216
6647
14842
23035
31234
31237
31241
14860
6670
14865
23057
6682
6685
31261
6686
23079
6701
31284
14902
31288
23099
23101
14909
31294
31295
6720
31301
6726
6730
6731
31307
6734
23125
6743
31322
23130
6748
31324
6749
31326
6750
6752
14950
31335
14951
6760
31336
23144
6762
31340
23149
31341
14961
23155
23156
14968
14970
14973
6781
14975
23169
31362
14979
6787
6788
23172
31366
14983
31367
6794
31370
31373
31376
14993
14998
6807
6810
23195
6814
23199
6815
23200
6819
15011
6826
15018
6829
15021
6832
15025
31410
15029
31415
6841
6842
15034
6851
15043
23236
15044
31430
15048
15049
15051
23250
6867
15061
31446
31452
6877
31453
6878
23264
31459
6885
31461
23274
31467
31469
31471
31475
31478
31479
23287
23291
15100
31485
31487
15103
31489
15111
6924
23309
6930
23316
15126
15133
15135
23329
23330
23331
23334
23335
23337
31531
6956
15152
31537
15153
15156
31545
23353
6970
31547
31550
31551
15168
6977
23361
15171
15178
6989
23374
15184
15185
15186
23378
23379
31577
15194
23390
31582
23392
31586
15212
15214
7028
23416
31611
31616
31618
7047
15239
7051
7054
7055
31631
23441
31634
7060
7062
7063
15256
7066
31643
7069
15261
23456
7073
7075
15269
7080
7084
31662
23471
15280
31665
7090
15284
31669
31671
31674
7100
23485
15296
23490
7106
23493
31685
31687
15303
31688
7113
7115
31691
31692
23502
7118
7122
7123
15322
15323
31707
15327
23519
7138
23522
7139
15335
15336
23528
7152
15344
7154
31734
15351
31739
7164
23548
23549
23554
23557
31752
7177
7179
31755
31756
31760
15379
31766
23579
7198
31775
15391
31776
31777
23587
7203
31781
23589
15401
23594
7211
23599
23600
31794
7218
15420
31807
7233
23618
7234
15426
7237
31815
15431
23627
7249
23638
31831
15448
31834
23642
15452
7261
23649
23650
15459
23655
7271
23657
15467
31852
23661
15469
7279
23664
7282
23667
31860
23670
15481
15482
31880
7305
23694
23696
7313
7318
15513
31898
15519
31904
23715
31912
15528
31914
7340
15533
7343
15537
15539
7347
31924
23733
15541
7350
15542
15545
15547
31934
23743
31937
15553
7364
31942
23753
23755
15564
23760
7382
15574
31959
7384
15576
7386
23774
23775
15588
31982
23792
15600
7409
31990
15607
31992
7425
23810
23812
23815
23817
32013
7437
15635
7447
7450
15648
32035
15651
23844
32036
7463
23849
32052
7477
7479
23865
23866
32059
7483
23874
32067
7491
23876
7493
32069
7494
15690
32078
23887
15697
23891
7514
15707
32093
32098
15714
7525
32102
15718
23912
23918
15727
23926
15734
32118
23929
15738
7546
15740
7548
15745
15746
7554
32130
32138
7563
32139
7565
32142
23955
7579
32155
23964
32164
23977
7595
7600
32177
7601
7604
32185
15803
32189
23997
32190
15811
24004
32203
32205
15822
15823
32209
7633
24018
24019
7637
15835
32219
24029
32221
32226
7651
15845
7653
15848
15850
24046
32241
7665
15860
32248
15865
15866
24059
32252
24069
7686
7688
15881
24078
15887
15894
15895
32283
24093
15903
24097
32290
24098
15908
32292
7724
7727
7728
24114
24115
15923
32309
7735
32313
32316
24127
24131
7747
32324
24133
7750
24136
32329
7754
7755
7756
32332
32334
7758
7760
15952
24146
32342
7770
32348
32349
7774
24159
7777
32354
15970
7779
7784
24169
32364
7788
7793
24181
15990
24182
32374
15992
32378
15995
7803
32382
7810
24195
32393
32398
32399
24208
7826
7827
7828
7831
16023
32411
24220
16028
24221
24222
16030
16032
7840
16033
7843
16039
32423
24234
7851
32428
16044
24237
7855
32433
16049
16050
7858
16057
32442
7869
24258
7876
32452
16069
7880
24267
7884
16076
24271
7887
24272
16085
24282
32474
7898
24285
24287
7913
32490
16107
32492
16110
24306
32499
24308
16116
24309
32503
24311
24314
32509
7933
32510
32511
32517
24326
16135
7946
32523
24334
7951
7952
7955
16152
24344
32540
24349
7965
16159
7968
7970
7975
32552
7977
24364
24365
7982
24370
7988
24384
8002
8004
8005
16197
32586
32588
8012
24400
16213
16214
32601
8025
8026
16219
16220
24414
8035
24424
24428
8044
24430
32630
16246
16247
16248
8058
24444
24445
32638
32646
8070
24456
32648
16265
8075
8076
8077
32653
32661
24473
32667
16286
24480
24482
32676
16292
32677
8117
24507
16316
16323
32708
24516
16325
8133
24517
16331
24526
24529
32728
16346
24539
24544
24545
8162
32738
32742
32747
32749
8176
16375
24568
32762
24573
8191
6
448
1
421
302
175
383
9.94