4391
32769
32770
16387
24579
24580
16391
32775
8200
24584
9
24590
32783
32784
18
8210
16403
8213
8214
24
16409
24606
16416
8225
8226
34
8227
24612
32805
37
32808
42
8235
49
16439
56
32824
16441
16445
8253
8256
32833
16450
24645
32838
24647
72
73
24649
24651
24654
8272
83
32852
24660
86
24662
24663
24665
32859
8285
8287
16479
32865
8291
16485
32870
16486
24679
32871
8297
8299
24684
113
16500
8309
24694
8311
8312
8313
16506
126
32897
24707
32899
132
8334
144
146
147
149
32917
8344
24730
8348
24733
8350
8352
32939
173
16558
24751
16560
32948
16574
8382
190
8384
32961
195
16579
32967
24779
203
16587
204
211
16595
24787
16597
16598
8406
16603
220
24796
8413
221
16608
16609
16612
24804
8422
16615
33000
16616
24813
237
8432
247
8440
8441
16635
33019
8447
16639
24832
33026
8451
24836
260
8453
267
16652
24845
8463
272
33042
8479
33056
33058
292
8484
297
16682
8492
8493
8499
313
8507
319
33088
8512
24896
321
24899
8515
24901
24903
33101
333
24910
335
336
339
16726
347
33115
33116
33118
33119
357
8550
24936
33129
24941
16749
368
16753
379
8573
16765
8576
386
387
391
8584
8586
16779
33164
24972
16785
24979
8600
33181
8606
33186
16807
25000
33195
427
33196
8623
16818
25010
33203
25012
438
16824
25016
33212
16837
8648
8651
461
33231
33232
25042
25043
33237
8665
25050
8668
477
33247
8675
25063
25064
33257
33258
493
8687
33263
8689
25073
33267
502
8695
25080
8699
16892
16895
16896
8705
25089
16900
516
33285
518
8711
519
16904
25096
520
8712
8714
33292
525
33295
528
16912
8720
16913
8721
529
25106
16914
33299
33300
33301
8725
534
537
8734
25119
16934
16936
25128
25130
555
8749
557
558
25135
16946
33333
8759
573
575
8768
577
8771
25156
33355
16972
588
8780
589
25166
16975
33361
8787
8788
33364
16982
599
33368
16985
601
33373
16990
16992
33376
25185
609
33380
16997
615
8807
16999
33384
25193
33387
620
622
33391
625
8821
25207
632
633
33404
17023
8832
17026
25218
33411
8837
25221
33414
8839
650
651
33420
17036
33421
8849
658
8856
33433
17054
672
673
674
33444
8871
679
8873
33449
33450
8875
25260
8881
8884
17081
17082
8891
25275
25276
700
704
705
706
25283
707
17106
8914
25302
25303
17111
728
8922
25306
33501
33502
735
33504
25313
17121
743
33511
33513
33514
33515
17133
33519
33520
8944
753
33523
17140
763
8955
25340
764
33532
25345
8963
25350
777
17162
8971
33551
8975
25359
8980
25364
25365
8981
17174
33560
25368
792
17177
793
33563
33564
8990
8991
17184
33570
802
25381
17190
33576
808
33577
17194
17196
17197
25390
9010
33588
33589
822
17207
824
9018
9021
33599
17218
9028
33606
17222
25415
9032
17224
17225
33611
25420
845
846
17231
850
17234
853
9046
855
9047
33624
9051
33632
33633
17249
9058
33637
9063
9064
9069
25454
9074
17266
25458
25461
17271
25465
33657
25468
17276
17277
893
25470
33662
33668
901
25477
33670
25478
902
17286
25481
25482
910
17294
9103
17299
25491
9107
17300
25498
9115
25500
9116
9120
17318
939
17324
17327
33711
943
17330
33716
25524
17332
17333
9142
950
25527
25528
33723
9149
9150
33727
17347
9157
25541
966
25545
33738
17359
17364
25557
17366
33753
25564
25565
9181
989
990
25567
991
992
17379
25572
1002
33770
9195
33772
33774
9198
25583
9201
25586
33779
17396
9205
33781
1017
1019
9211
17405
1022
1023
17408
9218
1028
33797
25608
1032
9226
17419
33804
25613
1037
17422
9232
9239
1049
25625
9242
1050
17439
1055
25633
33828
9253
17447
9259
1069
33837
9261
17454
25646
25648
33843
25659
1085
25672
25673
17481
9290
1099
17484
9292
9299
25685
17495
1113
33881
1115
17504
1123
9316
1125
17511
33895
25706
17515
17516
1133
33901
33904
1136
17521
1138
17522
25716
9333
25718
33911
9337
33913
25727
33920
33921
9351
25736
1163
9356
25740
25741
17550
33937
33940
9364
25749
1174
33947
25755
33950
1186
33954
9384
1192
9385
9386
9389
1197
17581
17584
9393
33972
9397
1206
33975
1208
9405
17598
9408
17601
17602
9412
9413
17605
9415
25804
33998
1230
34001
25809
34002
34004
9429
17624
25819
9436
17628
17629
25822
17631
17633
25827
1252
25829
1253
34023
9448
1256
9449
9453
17646
34033
1265
17652
34037
9461
9462
34039
9464
9466
17658
34050
25865
9481
17675
34061
9488
25876
34071
9497
9499
17692
17695
34080
17696
17697
25890
9507
17699
25892
34086
17703
34087
25897
9513
34094
9521
17715
34099
9523
1334
34102
9526
17719
17722
9531
1340
25918
1342
17727
34111
25920
34112
34117
25927
34119
25928
17736
9545
34122
17738
25932
9549
25937
34130
34131
1364
17749
17751
34137
25946
1371
34142
17760
1379
1383
17769
9577
34154
1390
9587
17780
9591
17788
17789
1409
34177
25986
17796
9607
34184
17801
1418
9611
9612
9615
9617
1428
34196
34200
17819
34208
9633
26018
34213
34215
26023
1448
34216
1449
17835
1451
9645
17839
17841
9650
1462
9656
26042
34245
34246
17865
9674
9677
26066
26067
17879
26071
26072
9692
1503
17890
26084
34278
1513
26093
34285
34287
1519
17904
26096
26097
34291
1524
9716
17911
1529
34306
34309
26122
17930
1547
9739
26125
17937
1555
26135
34327
26137
17945
34333
9760
17953
34340
9765
34342
17960
1576
17962
26157
9783
1592
17977
9786
17979
17980
9788
9790
1598
26174
1599
34369
9794
34371
26179
1603
1607
34377
17998
9806
18001
1619
1622
34394
1627
9819
34397
9821
9822
34398
9823
26207
18016
34401
9827
9828
34404
18021
34407
1643
26219
26220
18030
1647
1651
26227
1653
34427
18045
34434
9858
9859
1670
34445
1677
34446
1680
34450
18066
18067
26260
26266
1692
26270
9886
26271
18084
18088
9896
26280
18089
18090
9899
34478
9906
26292
1716
9908
18102
34487
1721
26298
9919
26305
34498
9923
18116
34502
9926
9928
9930
26315
26316
9936
18129
9939
1749
9941
9945
9947
34525
34527
1759
26335
18151
34536
26344
9963
18160
9971
26355
9972
18164
1782
18168
34552
26360
34554
18174
34558
18178
9987
1795
34564
18182
1801
1803
10000
10002
1811
34582
26394
34586
26395
1824
34593
10023
1832
10026
34603
10028
26415
18224
1844
1845
10038
1848
1851
34620
26430
26431
26435
34628
26437
34630
18247
10063
1876
26456
1884
34653
18269
10078
10082
1890
26467
18281
34669
26478
10095
34672
10098
26485
18304
34689
10113
34691
34694
26503
1928
10122
34699
10127
18320
18321
26513
34707
26517
26519
1943
34714
26522
1946
34715
26525
18334
1952
26529
34723
34726
18345
10153
34731
10158
18351
34736
18354
34739
18356
1975
10167
18360
1978
10171
1981
1983
10176
26563
18372
34756
34761
1994
10186
1995
34764
26573
18385
26579
2008
2009
26585
26588
10204
34781
10205
18400
18402
34787
26597
18407
26600
10218
2029
18417
34801
18418
26611
10227
18420
26612
26613
34805
34806
34808
26618
10234
26619
10238
34814
26624
2051
26629
18437
10247
2057
10249
34826
18444
26636
34830
26639
18453
18454
2072
18458
26652
2076
2079
34849
34850
34852
2084
34855
18471
26663
18473
18474
10283
18476
26668
2093
2094
26673
18481
10292
2100
26683
2113
18498
26690
10311
2119
34890
10316
18508
18511
26705
18517
10330
26720
26722
34914
10340
2148
26727
18536
26729
10345
2156
2158
2160
2167
26743
2171
2173
34941
2175
18562
18567
18569
10377
26762
34954
18572
34957
2192
18578
34962
34964
2197
10391
2202
10395
18588
26780
2205
18590
2208
2209
10402
18595
2211
26789
34984
34987
18603
34992
10417
2225
26801
26802
10421
35002
2235
35003
26811
26812
18621
10429
18623
2240
26816
10434
35011
26821
26822
2247
26824
35016
2254
35022
10453
10455
2265
35035
10461
26848
2278
18662
35048
18664
18665
2282
18667
18670
2286
18671
18672
10481
18674
10486
35062
2294
35064
2297
10489
10490
35068
10493
35071
2305
2308
26886
35080
2314
18701
2320
26899
26900
2326
35095
26903
10519
10520
35098
26906
10524
2333
35106
26915
2347
35118
2351
10544
18737
26931
10547
2355
18740
35125
26934
18742
18746
10555
26942
10560
2370
18754
18756
26949
18758
10567
2376
26952
10568
26955
18764
10573
18766
35151
2385
10578
18771
35155
35157
10581
35159
10587
26972
18780
35168
2402
26979
18788
35176
35182
2422
35192
27001
10617
2427
35197
10621
35199
10623
2433
35202
18818
2434
27010
10627
2436
2437
35209
18828
2447
35216
18834
10642
35219
35220
27030
2454
18838
2455
27032
10649
35226
2460
10653
10655
35232
10659
27045
10662
27049
10665
10669
27055
10671
10673
10674
35250
2483
18867
10675
35253
18870
27062
27064
18873
27066
2492
35262
18879
18881
2498
10693
27079
2504
35274
18892
27084
27092
27094
10710
2518
27098
27099
35292
10718
10719
10722
35300
27109
35301
18919
10728
27114
2541
10735
27121
10737
35313
18930
35316
18933
2550
10744
18937
2556
18942
35328
2562
35331
10756
18951
35337
27146
10762
2570
18957
35342
2577
35345
2578
35348
10774
10775
27160
27161
10780
27166
10782
2591
10784
2595
10789
10790
18983
35368
27177
10794
18987
35375
27184
27187
10813
10815
10817
19009
35399
35402
2635
10827
19022
2640
19024
35414
10839
2647
2648
35421
2654
2658
10854
19047
27240
35435
19051
27246
10867
19059
10869
2678
27254
2683
2684
27261
10879
10884
19076
10885
27270
2698
35470
35477
10901
2709
2710
10902
2712
10904
35481
2715
19100
10910
2723
10916
27302
35494
2726
27306
19115
10924
2732
35500
35502
2736
19121
19122
10931
2740
19124
19125
2741
35510
2745
27323
10942
2750
19134
35522
27332
10949
27333
27334
10952
2761
19145
35530
2767
35536
10962
2774
2778
27355
10973
27358
19169
2786
2788
10982
27368
2792
10984
10985
27369
2794
19178
2801
35569
19185
10995
27380
2805
2808
35576
27384
35578
35579
2814
19198
11006
11015
11017
19212
27405
19214
19215
11024
27411
19219
19222
35607
27419
35611
2845
11039
2849
11044
35620
2854
11046
2855
27431
19241
35628
19246
35638
19257
2874
11067
2875
2876
11069
11071
19267
2885
19272
35658
2892
19277
11086
27470
19279
27474
35671
35675
2909
35679
2912
2913
11111
11112
27497
2926
19312
11120
19313
11121
35697
27507
27510
19318
2935
35704
11129
11131
19324
35708
27519
27520
2944
19329
35716
11141
35720
27529
35723
2956
11150
19343
2960
2962
2964
27544
35738
11163
2973
35748
27556
11173
19365
35750
27560
35754
11180
11181
35759
11187
2995
2997
11191
11192
3003
3007
27587
3011
11206
27592
11211
11212
19404
3022
27599
11219
27606
19415
27608
11224
3035
3036
11229
27614
19423
11233
27618
3043
3044
27622
3046
3047
3050
27627
27630
27632
3060
19445
3063
19448
35832
27642
19451
3067
35835
35841
19457
3076
19461
11271
27656
35850
11274
35853
19471
3088
19474
35858
35864
27673
11290
11293
35876
11305
3116
11312
11325
27710
3135
19524
27719
11336
27723
27724
3149
11342
19536
11346
3154
19538
19547
35932
19548
27742
11358
27743
19555
27747
27748
35943
27753
3177
35949
35951
3184
35952
11377
19572
19573
19574
35962
27775
3200
3201
27778
27780
3208
19594
27786
19595
3212
11405
19599
27793
27794
3218
35987
11411
11412
3222
27800
11418
35995
11422
35998
36000
11425
36002
11431
11432
19625
3241
19626
19628
19630
19632
36018
11444
36021
11445
11446
19639
36023
11448
36024
27835
36028
3261
11454
11455
19649
19650
19654
19656
36041
36042
27852
36045
36046
27854
19662
36048
27859
3284
27864
11481
11482
19674
27870
11486
11488
11490
11494
11497
27882
3306
36075
3308
3309
36081
27891
3318
36086
11512
36088
27897
19707
11515
11516
11520
11523
3333
3336
27912
27915
3339
27916
3342
11539
36116
27925
3349
36118
19735
27929
3357
19747
11556
19749
11560
11563
19758
3376
19761
36145
11570
36146
19763
3381
27958
11577
19769
27962
19772
36160
27969
19779
3398
27978
11594
19789
27983
19792
3408
27985
27986
3417
19802
11612
3420
36189
27998
36194
11618
28004
19813
36198
28011
3438
3444
19830
36214
11641
3451
3453
3454
28031
3457
19843
11655
36231
19848
36233
3469
3470
11662
36239
11664
11665
3474
19858
19859
11668
11670
19865
36251
11677
19870
11679
19872
36256
3488
19875
36260
36263
28071
11688
11692
19885
11693
3504
3506
11702
28086
36280
28091
36285
3519
11713
28107
36300
19917
11728
11731
28117
19927
19928
28124
36316
19934
19935
36319
11743
3551
19941
28143
28144
11760
3570
11766
28150
36344
28153
36347
11771
19964
28168
19979
11793
28178
3603
19988
11796
28181
3606
28182
19990
36377
11802
3611
36379
36382
11806
36385
28193
28194
28195
20005
3622
11815
28201
20018
11828
28215
36411
3647
36419
11848
20042
20043
3659
11851
28236
28238
11855
3664
20051
36437
11861
11862
28246
28249
11867
3676
36445
20064
3681
20069
28264
11880
20073
20083
36467
36469
20086
11894
36472
20088
28282
3706
11898
20091
36475
20092
36476
28284
28285
28288
20097
3714
3716
20100
11908
3719
36488
20104
11913
3721
28301
11918
36495
20111
3728
11925
20117
3736
11933
3742
11934
36510
28319
28320
36514
20132
28330
11946
3754
36523
11947
20142
11954
20147
3766
36536
20153
11961
20155
36541
20159
3776
28353
11970
36547
36553
28362
3786
3787
36555
11980
20176
28368
20177
11987
11988
28374
11992
11994
36570
11996
11997
28384
20193
28386
3810
3811
28389
12005
36583
28393
28394
28396
28401
20210
20212
3830
3831
36600
20217
12025
3837
36609
28418
36610
36613
20230
36615
28424
36616
20234
28426
3851
3857
28434
12054
20247
12056
36632
28441
12059
28444
20256
36642
36647
3880
3882
12075
36655
36657
28466
3893
3894
36662
28470
20278
36664
12089
28474
36666
36668
28478
3904
3906
3908
28487
3913
28490
20300
3919
12112
3922
36691
3923
20309
36701
28510
20318
12128
3937
36706
20324
20326
3944
12136
20332
3949
28525
28531
12149
36729
12154
3962
12156
3966
12158
20351
28544
3968
12161
36739
28550
36745
12171
3981
3986
36758
20375
12184
28571
12188
12190
3998
28574
20384
20386
20388
12198
28584
36778
4010
12202
12203
4011
28588
12206
20400
4018
36788
12212
20406
20413
28607
28610
20418
12228
28613
4040
12233
36809
12235
28619
4044
36813
12238
28625
36820
28634
4059
12254
36831
20448
36832
36833
4066
36837
12262
4071
12264
4073
4075
28652
12277
12280
28665
20476
12286
28676
20485
36869
28678
4103
12296
12297
12298
28687
20496
4112
4117
12311
12317
20509
4126
36896
28705
36903
12330
36909
28718
36912
4145
20529
4147
36915
20533
4149
28726
4152
36921
20538
20539
28734
36928
4161
12358
12362
12367
12368
12370
4182
36950
20568
36954
20574
28767
36961
12385
28774
20584
12392
4202
12394
20586
12400
28786
12403
20597
36981
4215
28792
12409
28793
28796
36989
12414
28798
12419
12420
4232
20618
12427
4237
12433
4242
28822
12443
4253
28829
4256
28832
12449
28834
12450
28835
20644
28837
37029
12454
37031
37032
28843
12459
4269
4270
37039
12463
12466
4274
28851
4276
20664
12472
28857
4282
4283
12477
20669
28863
20672
37057
37059
12484
37062
20679
12487
37067
37068
28876
28877
12494
20686
28882
12499
37076
12502
12503
28890
37083
12509
28893
12511
12514
12515
28899
37092
20708
28900
20709
4327
28903
4328
28904
4329
28907
12526
4334
20718
28911
28913
12530
37106
12532
4341
12533
20726
28918
37111
4350
12544
28930
12550
4358
28935
12552
4362
12555
20748
12558
28943
20751
4370
20755
4371
28949
12567
37144
20762
28958
37155
28966
4395
20781
4397
37167
20784
37168
28978
20787
4403
37171
37172
37173
12598
28983
4407
12602
4412
20798
37183
28994
28995
12612
20805
12617
4428
4429
20814
37200
20817
4434
4438
29014
12633
29017
20828
12636
37213
4454
12646
20839
4455
4456
20841
29033
20842
12658
4468
37236
29044
4469
37238
29046
12663
4471
12664
29052
29053
4478
20865
29067
12684
29071
37264
12688
12689
12692
37272
37274
29085
4509
20894
4514
37283
12711
20904
4520
4521
20905
4523
4525
37295
4527
37298
29106
29109
12726
37303
20919
20927
20928
20929
37317
4549
29125
20934
37320
37323
12747
4555
37327
12758
29146
37338
20954
20958
4575
29152
4579
20963
20964
4582
37352
20969
37354
37357
4591
20975
12785
4593
12788
4596
20981
20982
29174
37368
12792
12793
12795
29185
20994
4612
29191
37385
37386
12810
21008
29201
37394
12819
29205
37402
4637
29213
29217
37411
29220
21030
12842
4652
12848
37425
29234
21042
37427
12853
4663
21048
29240
12857
4667
12860
29245
12861
12862
29246
12864
21061
12871
21064
29259
37452
29262
21071
12879
12880
37459
4691
4692
21076
37461
21078
4699
29275
21083
4704
12897
37474
37479
29287
37482
12906
29292
21101
21102
12911
21104
12912
12913
21107
37492
4726
29306
29314
4738
29320
12942
37519
21135
12946
12947
37524
12949
21145
37533
12957
12958
4766
12964
29348
21156
21158
12968
29352
4777
29354
29356
37548
29357
4785
37553
4787
37555
21175
12987
21180
37564
12989
29375
21184
21188
12996
21189
12997
37573
29385
29386
37584
29394
21202
4819
21206
21208
4825
13018
4828
4829
37597
4831
29410
29411
29416
37609
37610
4842
29421
21230
4847
4848
29424
21237
29430
29431
29433
4857
21242
37627
4859
21248
37633
13059
29443
29444
13062
4871
21260
4877
29457
4883
21270
21273
4895
13088
29472
4898
13091
21283
37669
21285
13095
4903
13099
13101
21293
13102
21295
4914
21306
37694
37699
29507
13125
29513
13134
29520
21331
4951
4952
37721
21337
29530
29531
4956
4957
4958
29535
29540
4965
37735
29543
21352
37739
29552
29553
4980
21366
37751
37752
4986
21370
13179
13180
37758
37759
4991
4992
13184
37761
21381
13189
13191
29578
37770
21390
21391
5008
13200
21393
13205
29590
37784
29595
5019
13212
5021
21406
5023
37794
37795
29603
37796
37798
21414
37800
5034
37802
37803
13228
29612
37805
13232
5042
37811
37812
21429
29623
13241
29626
37819
21435
5052
29629
29631
21442
13253
21446
5070
37842
21460
37844
13269
37846
5079
13273
37849
13274
5082
13276
29665
29669
21479
29672
21482
37866
13292
29676
21485
21487
37872
13296
13298
5107
29683
21494
29686
13303
21496
13305
37883
37884
37886
29696
29697
5124
5125
13317
29702
13318
29703
13320
13325
13326
5137
37906
13331
29715
5139
29716
5141
13335
21529
5148
21532
21535
37920
37922
13348
37926
13351
13352
5162
21548
29741
13358
13359
29745
5170
29749
5173
5175
29752
21561
37945
37946
21564
21567
5185
5190
37959
37965
5198
37967
21583
37968
5201
21585
29778
37981
21599
5216
37984
29792
5217
21604
37988
5221
29798
21608
13416
21609
29803
13421
29805
13422
29811
29813
5237
38006
21622
21624
21626
38010
21627
13439
29823
29826
38018
38019
13444
21636
13445
38023
21640
29836
38030
21648
5264
21649
29842
38034
38039
38044
21662
13470
38048
13473
38049
13474
5291
13485
13487
5296
29873
21682
29876
21688
29881
21691
13502
38082
5315
13508
38087
21705
5323
38092
29900
29902
29903
13520
13521
5329
21714
21717
5333
21722
21724
29917
29920
13537
38116
38128
21744
5365
29942
13565
13566
29955
29956
5383
38152
13577
5387
29963
38161
38162
13587
13588
5397
29974
13596
5407
21791
13603
5415
38185
5417
29995
21804
5421
21807
13617
5426
13621
5431
13628
21822
5438
5439
30017
5442
5444
30020
30024
13641
13643
13645
13646
5456
13648
13650
13653
5462
13657
13658
21851
13659
21853
21854
13663
30047
30049
30051
21860
30056
30058
21866
13677
30063
21872
13680
30067
30072
30073
13691
21884
30078
13699
30085
30090
21899
21900
21902
30095
21906
13716
5527
30104
13721
21915
5533
21919
30111
30112
13737
21931
30129
13745
13749
30135
30136
13756
30141
13758
30142
30147
5571
21960
5578
5582
21967
30159
21973
30170
5596
21980
13789
5611
21996
13807
5618
30200
5627
13825
5639
22024
13834
30224
13841
22034
13842
13844
13845
13848
30233
22042
5660
22045
22047
5667
22053
30246
22060
13869
22061
22063
30257
5681
13874
5683
22071
13883
22076
5694
30274
30277
5702
30279
13896
22091
13901
5712
5713
13911
22103
5722
30303
30304
22112
30309
30310
5739
30318
22129
30322
5747
13939
5748
13943
22136
5754
5756
13949
30334
30335
22144
13953
13955
13956
5765
22149
22150
30343
5771
22157
13967
22159
5777
22164
22167
22168
13978
5786
30362
22170
30365
5791
22176
30368
30369
30370
13987
5795
30376
13993
14002
22198
30390
5822
22206
22208
14018
30403
30408
5834
22222
30419
5844
5846
14040
30425
14043
22235
22237
5856
30432
14052
22244
30438
30441
22249
5866
30445
22257
14069
14074
5884
14076
22272
22273
14081
14084
22277
14085
5898
22282
14093
30478
5911
5912
22300
30493
22309
30507
30516
14137
22331
5947
14140
5951
30530
14149
5957
30533
22346
22350
14161
22357
5974
14167
30553
14170
22364
5983
14175
22367
22375
30568
22384
22386
30579
22391
30583
22392
30584
14201
6011
14213
22407
30603
30606
6030
22415
14226
30611
22419
30621
30626
14246
22439
14248
6065
14258
6066
30643
14260
22452
6070
30649
22460
30652
6077
30658
14274
14277
30661
22472
14283
6091
22478
14289
30673
6098
14291
22484
14295
14298
14301
6113
22498
22501
30705
22517
22520
22521
6139
22524
14332
30717
6142
30719
14337
30722
14339
6150
6154
14348
30736
30738
6164
22554
22558
30752
6177
22561
14369
22562
30755
14372
6182
6189
14384
6193
22578
6196
30775
14392
14398
22591
6207
6211
14404
22596
22598
30790
30792
6224
6225
14419
22613
14422
14423
30809
30812
6240
14433
30821
14441
22635
6251
6255
30834
6260
22646
6269
22654
6273
22660
14473
14475
22667
6285
22673
22675
14485
22678
22679
14487
6301
22685
14494
30879
22692
6313
14506
22700
22701
6317
14510
14518
22711
22713
14522
30907
6333
14528
30917
14533
14535
22727
14536
6351
22736
6353
30932
22741
30934
6361
6362
30939
30940
14556
6366
22752
30944
14561
14562
14564
22756
14566
6375
6376
30952
22763
6381
14577
22771
6389
6390
14586
22780
30975
14598
6407
30983
22792
6410
30990
6414
14606
6415
6417
30993
30994
14613
31002
14620
6434
22818
6435
14628
22821
22824
31020
14638
22831
31024
6448
14641
6449
31026
14645
31031
6456
6458
14650
31034
31035
14652
22846
22854
6471
14668
14669
22865
31058
31060
6485
6487
6488
6489
31065
22873
6496
31073
6500
31077
14695
22887
22893
22894
31087
31088
22896
6518
31100
22912
6531
6532
6543
31119
22928
14737
14744
22943
31135
14755
31140
31142
14762
22955
22957
6573
14766
6575
31153
14771
6582
31160
22969
6586
22973
22975
6594
14786
22979
22988
14799
22993
31186
31188
6614
31192
31195
6620
14813
23007
6626
6629
31207
6634
6638
23023
31216
6647
14842
23035
31234
31237
31241
14860
6670
23057
14865
6682
6685
31261
6686
23079
6701
31284
14902
31288
23099
14909
23101
31294
31295
6720
31301
6726
6730
31307
6731
6734
23125
6743
23130
31322
6748
31324
6749
31326
6750
6752
14950
31335
14951
23144
31336
6760
6762
31340
31341
23149
14961
23155
23156
14968
14970
14973
6781
14975
23169
31362
6787
14979
6788
23172
31366
31367
14983
31370
6794
31373
31376
14993
14998
6807
6810
15003
23195
6814
6815
23199
23200
15011
6819
15018
6826
6829
15021
6832
15025
31410
15029
31415
6841
15034
6842
15043
6851
23236
15044
31430
15049
15051
23250
6867
31446
31452
31453
6877
6878
23264
31459
6885
31461
31467
31469
31471
31475
31478
23287
31479
23291
15100
31485
15103
31487
31489
6924
23309
6930
23316
15126
15133
15135
23329
23330
23334
23335
23337
31531
6956
23343
15152
15153
31537
15156
15157
31545
23353
6970
31547
23358
31550
31551
15168
6977
23361
15171
15178
6989
23374
15184
23378
15186
23379
31577
15194
31582
23392
31586
15212
15214
7028
23416
31611
31616
31618
15239
7047
7051
7054
31631
7055
23441
31634
7060
7062
7063
15256
7066
31643
15261
7069
23456
7073
7075
15269
7080
7084
31662
23471
15280
31665
7090
15284
31669
31671
31674
7100
23485
15296
23490
7106
31685
23493
31687
15303
31688
7113
31691
7115
31692
23502
7118
7122
7123
15322
31707
15323
15327
23519
23522
7138
7139
15335
23528
15336
7152
15344
7154
31734
15351
31739
7164
23548
23557
31752
7177
7179
31755
31756
31760
15379
31766
23579
7198
15391
31775
31776
31777
7203
23587
31781
23589
15401
23594
7211
23599
23600
31794
7218
31798
31800
15417
15420
31807
7234
23618
15426
7237
15431
31815
23627
7249
23638
31831
15448
23642
31834
15452
7261
15454
23649
23650
15459
7271
23655
23657
15467
31852
15469
23661
7279
23664
7282
23667
31860
23670
15481
15482
31880
7305
23694
23696
7313
7318
15513
31898
15519
31904
23715
31912
15528
31914
7340
15533
7343
15537
15539
31924
15541
23733
15542
15545
15547
31934
23743
7359
15553
31937
7364
7366
31942
23755
15564
7382
15574
31959
7384
15576
7386
31963
23774
23775
31982
15600
23792
7409
31990
15607
31992
7425
23810
23812
23815
23817
7437
32013
15635
7447
15648
32035
15651
32036
7463
23849
32052
7477
23865
23866
7483
32059
23874
32067
7491
23876
7493
32069
7494
15690
23887
15697
23891
23895
7514
15707
32093
15714
32098
7525
32102
15718
23912
23918
15727
32118
23926
23929
15738
7546
15740
7548
15745
32130
7554
15746
32138
32139
7563
7565
32142
15766
7579
32155
23964
32164
23977
7595
7600
32177
7601
7604
32185
15803
32189
23997
32190
15811
24004
7621
32203
32205
15822
15823
32209
7633
24018
24019
7637
32219
15835
32221
24029
32226
7651
7653
15845
15848
15850
24046
7665
32241
15860
32248
15865
15866
24059
32252
24069
7688
15881
15887
15894
15895
32283
24093
15903
24097
32290
24098
15908
32292
7724
7727
7728
24114
24115
15923
32309
7735
32313
32316
24127
7747
24131
32324
7750
24136
32329
7754
7755
32332
7756
7758
32334
7760
15952
24150
7770
32348
32349
7774
24159
7777
32354
15970
7779
24167
7784
24169
32364
7788
7793
24181
24182
32374
15990
15992
32378
7803
15995
32382
7810
24195
32393
32398
32399
24208
7826
7827
7828
16023
7831
32411
16028
24220
24221
16030
24222
16032
7840
16033
7843
16039
32423
24234
7851
32428
16044
24237
7855
16049
32433
16050
7858
16057
32442
16060
7869
24258
32450
7876
32452
16069
7880
24267
16076
7887
24271
24272
16085
7898
32474
24282
24285
24287
7913
32490
16107
32492
16110
24306
32499
24308
16116
24309
24311
32503
24314
16123
7933
32509
32510
32511
32517
24326
16135
7946
32523
24334
7951
7952
7955
24344
16152
24348
32540
7965
24349
16158
16159
7968
7970
7975
32552
7977
24364
24365
7982
24370
7988
24384
8002
8004
8005
16197
16201
32586
32588
8012
24400
32595
16213
16214
32601
8025
8026
16219
16220
24414
8035
24424
8044
24428
24430
16246
32630
16247
16248
8058
24444
24445
32638
32646
8070
24456
32648
16265
8075
8076
32653
8077
32661
24473
32667
16286
24480
24482
32674
32676
16292
32677
24496
8117
24507
16316
16323
24516
32708
24517
16325
8133
16331
24526
24529
32728
16346
24539
24544
24545
32738
8162
32742
32747
32749
8176
16375
24568
32762
24573
8191
6
448
1
421
302
175
383
