33
0
64
1
2
3
6
7
13
17
18
19
23
24
25
26
28
31
32
33
37
38
39
40
42
44
46
47
50
51
53
55
59
60
130
0
1
2
3
4
5
262
6
7
8
9
10
11
12
13
14
15
16
17
18
19
20
21
22
23
24
25
26
283
27
28
29
30
31
32
33
34
35
36
37
38
39
296
40
41
42
43
300
44
45
46
47
48
49
50
51
52
53
54
55
56
57
58
59
60
61
62
63
64
65
66
67
68
69
70
71
72
73
74
75
76
77
78
79
80
81
82
83
84
85
86
87
88
89
90
91
92
93
94
95
96
97
98
99
100
101
102
103
104
111
121
129
130
131
136
140
141
147
163
167
169
183
203
216
222
236
239
244
248
253
