1413
4100
6
4102
8200
6153
10
4106
4108
2061
4109
6160
8210
2067
8211
4117
22
2070
6167
25
4122
6171
27
8219
4124
2079
8223
8227
2085
4133
6181
39
2089
8234
2092
4140
46
2094
8240
4144
4146
6198
56
2106
4154
8250
6204
6206
63
64
8256
65
2113
66
4164
8260
4165
71
4167
72
4168
8267
76
4176
4178
6227
8275
4180
6229
8277
4183
2136
89
2137
8284
93
94
2142
4191
8287
96
2146
8290
8292
2149
102
8297
8298
6251
110
4206
2161
115
4211
8308
4216
2168
6265
2170
4218
8314
8316
6269
125
4221
4222
6271
8319
4225
6273
130
4226
6276
8326
135
8327
6280
8328
137
140
6285
4240
2198
153
2202
2203
4251
6299
6301
8349
158
162
4258
6308
2213
2214
2217
6315
8363
8365
6318
175
4271
6319
176
4273
6321
8371
4278
2231
4280
185
2233
6329
186
2235
2238
4286
2239
6338
6339
6340
2246
4294
199
200
4296
2249
203
2251
204
6348
206
2254
2257
210
2260
213
2262
218
2267
220
6365
222
2270
4321
228
2278
232
233
2281
4332
6381
4335
6383
241
243
244
6390
248
4345
2298
6394
252
2300
2302
6399
4352
257
4353
261
2309
263
2316
269
4367
2320
274
2323
6419
2324
4373
6422
280
281
2335
4384
4385
2342
6438
2344
2345
298
299
4396
2353
4401
6449
2354
4407
6456
4410
6458
315
6459
4413
6466
2372
2375
329
6473
2379
6475
4428
333
334
4430
4431
6479
4432
6480
338
2387
4435
4442
4444
6499
2404
6500
357
2405
6501
6502
360
4456
365
2413
6518
4470
6521
2427
4477
6526
383
4481
4482
4485
6534
6536
4489
394
2442
4492
6541
4495
4497
4500
2453
406
2455
2456
6553
411
4507
6556
2461
4510
2464
6561
420
422
2470
423
427
6571
2478
431
4529
4530
6579
2484
4532
4534
2487
6583
4538
443
4548
454
2502
6599
6603
4557
4559
2512
4560
2513
6611
468
4564
470
6614
6616
2521
475
2524
6623
479
2529
4579
6630
2535
4588
6636
2541
4589
2546
499
2549
502
2550
503
6647
504
2553
6651
508
6657
2563
517
4613
2567
6663
2569
6665
522
2573
4622
6670
2576
6673
6674
531
6675
4628
533
4630
6678
4632
2587
6684
541
4637
543
4640
2593
6689
6691
2597
550
2599
6695
552
4649
554
2602
556
6700
2608
6709
6711
4664
6713
2618
2619
573
4669
4675
580
6725
584
4682
6730
4685
2638
6734
2642
595
4693
2647
2648
6744
2649
602
6753
610
6756
2660
2662
617
2665
4713
618
619
4716
6765
624
2672
625
4724
2678
631
6775
2680
2683
635
6780
4739
2691
644
6788
645
2693
6790
647
648
6792
4747
6798
655
2703
4751
4752
657
4754
4755
660
6805
661
4759
665
6809
2714
6812
669
670
672
2720
4770
676
4776
6825
682
4783
691
4787
6836
4789
698
2747
6843
6847
6848
2753
706
708
6852
4805
710
712
6856
2761
714
2762
6858
2763
4814
719
6865
2770
723
6867
724
4821
6870
731
4828
6876
733
2783
4833
4835
6883
741
744
2793
6890
6891
2798
4848
755
2803
4851
6899
2805
4853
6902
4857
6905
6906
4859
6907
6909
6911
6913
4866
2820
774
2822
6919
775
776
777
779
2827
2829
4877
782
784
786
4891
4893
4899
6947
2853
4902
2857
809
4907
812
6957
6961
819
2867
4917
4918
6967
4920
825
4922
4924
829
4925
2879
835
837
2885
4937
6988
4942
2895
849
6997
854
855
857
2906
859
2907
7004
864
2913
4962
4964
4966
4967
874
7019
876
2924
4972
2927
7025
882
883
7028
2934
7030
7032
7033
4986
4987
4989
4990
895
7039
2944
897
2946
7043
4999
2953
5001
2954
7050
2955
5004
7053
910
2958
2959
2961
5010
7060
2967
5017
2970
2971
5022
7070
928
2976
7074
2979
934
935
936
937
2985
939
2987
942
5038
2991
2993
5041
7097
955
5054
3007
7103
3008
961
3010
963
7108
965
3013
966
3015
3016
970
5066
7114
3019
5067
7115
5068
7119
5074
979
3027
5075
7126
987
988
7132
990
3038
7134
5087
7135
5088
5089
996
998
7142
999
5102
1007
5104
1009
7161
5114
1019
3067
3068
7164
1021
7165
1022
5118
5123
7172
1033
1036
7181
5135
7184
5138
1046
3094
3095
5143
7193
7194
1051
3099
7198
1054
7201
5155
3110
1063
7207
1064
7209
7212
5165
3119
1076
3126
1079
3127
7223
5177
5184
5186
7235
5189
1097
3150
3152
5200
3153
5204
7253
1110
7255
1112
1114
5212
7260
7261
1119
1120
5217
1125
5221
3174
1127
3175
3177
5226
5227
5229
7278
5231
3184
3187
5235
7283
5236
7284
3189
7286
3191
7289
1149
1152
3200
1155
1157
1164
7308
3216
5264
7313
5268
3224
7323
5276
3230
1183
5280
1186
5284
7332
7334
7335
1192
1195
5293
1198
5294
7346
7347
3252
1206
3254
3256
7353
7354
5309
1214
5315
3268
3269
1222
1224
1227
7373
1229
3280
3281
1234
3285
5334
5335
7383
1240
3290
5343
5345
7394
1252
5348
1254
1255
3303
1256
5355
3311
7408
5364
7412
1269
5367
7416
1273
3322
1275
5371
7419
1276
5374
5376
3329
7426
7428
3333
1286
7430
7431
7432
5385
5387
7436
3340
1293
1295
7441
3350
1306
1308
7452
3357
5405
7453
7455
3360
3362
1316
5412
1318
3366
3367
3369
5417
1325
3373
1329
3379
1333
7477
1334
3382
3383
1345
7489
7492
3397
5445
1352
7499
1357
3406
5454
7502
7510
5464
5467
1372
1373
5469
7517
7532
7533
3439
1391
7535
5492
7540
1397
3445
1399
5495
7543
5496
7546
3453
7550
1407
3456
7553
7554
7555
3460
7560
5514
3470
5519
5520
1426
7572
1429
5525
7574
1431
7576
5531
3485
5534
1440
7584
5537
5538
3495
3497
3498
5546
1452
1454
1458
3509
7606
7607
3512
7610
7613
3519
1472
3521
7617
1474
5570
1476
1479
5575
1480
3528
5576
7624
5577
1481
7629
1488
5587
1493
7638
7639
3548
1502
3553
3555
1508
5605
7653
3558
5606
1511
5612
3566
5614
3568
5616
7666
3572
1525
5625
3578
5628
7677
1534
3582
5633
5635
1540
1541
7687
5642
1551
1552
3600
5648
1553
1556
7701
5655
3608
1561
5657
3610
7706
5661
3615
1569
1572
5668
1574
5670
3623
5671
1578
1580
3629
1586
5687
3640
1594
1595
5691
3644
3645
5693
1598
1603
3651
7749
1609
5705
5709
3663
7759
3664
1618
3667
3668
3669
1625
1626
3674
5723
1629
5725
3678
5726
3679
1633
5731
3684
5732
5734
5736
3690
5739
1644
7790
1647
5744
1648
5745
1652
7799
1657
7803
1661
3709
7809
1666
3716
7812
3717
5766
1671
5767
7815
1672
5768
5769
3724
5774
5779
1684
7828
3733
5781
7830
1690
3741
1694
5790
1695
3743
3745
5793
7841
1698
1699
1700
1701
3755
3756
5804
5805
1712
5808
1713
5810
1715
1716
5812
1717
1719
7863
1720
3768
1722
1723
5822
7872
7873
1730
3779
3781
1734
5831
1736
1738
5835
1741
1742
7886
3791
3794
5842
3797
5845
7895
5848
7896
1753
3801
7898
1757
5855
5856
1761
5859
5861
7909
1766
7912
7918
1775
7921
1780
5876
7925
5879
3833
1786
7931
3836
5884
5886
7936
7938
5894
7942
1799
7944
3849
3850
5898
1803
5899
7948
3854
7951
7953
3858
3861
1814
7958
1818
3867
3868
3871
5919
1826
3874
5922
7971
5926
7974
3879
5928
3881
5930
1835
3884
7981
1839
1840
3891
3892
5940
3893
3894
3895
7991
1848
7993
5945
3898
3899
7995
1854
8003
3910
5961
1866
3915
1870
8014
5967
8016
5970
5972
5976
3929
5978
8027
5980
8029
1886
8031
5985
5986
3941
8037
1894
1895
1896
3947
1901
3950
5998
8047
1904
3952
6000
6001
1906
3954
8052
6009
1914
1915
6012
1917
1920
8064
6018
8066
3972
1925
6021
1926
6024
1930
8076
6029
3982
6032
8081
1938
8082
8084
1942
6040
3993
6044
3997
1951
6047
6048
4002
1957
4005
4006
6054
1959
6055
1962
6058
8107
8110
4016
4020
8116
4025
6075
8124
6077
8126
4033
4035
8131
6084
1993
6090
1995
1996
1997
8142
2001
8145
4050
4051
6099
4052
2006
4054
6103
6104
8152
2012
6108
8156
6111
2016
4064
4065
8161
8169
4074
4076
2030
8176
2034
4083
2036
8180
6133
4085
4086
2042
6139
8189
6142
2046
2047
413
0
1
2
3
4
5
6
7
8
9
10
11
12
13
14
15
16
17
18
19
20
21
22
23
24
25
26
27
28
29
30
31
32
33
34
35
36
37
38
39
40
41
42
43
44
45
46
47
48
49
50
51
52
53
54
55
56
57
58
59
60
61
62
63
64
65
66
67
68
69
70
71
72
73
74
75
76
77
78
79
80
81
82
83
84
85
86
87
88
89
90
91
92
93
94
95
96
97
98
99
100
101
102
103
104
105
106
107
108
109
110
111
112
113
114
115
116
117
118
119
120
121
122
123
124
125
126
127
128
129
130
131
132
133
134
135
136
137
138
139
140
141
142
143
144
145
146
147
148
149
150
151
152
153
154
155
156
157
158
159
160
161
162
163
164
165
166
167
168
169
170
171
172
173
174
175
176
177
178
179
180
181
182
183
184
185
186
187
188
189
190
191
192
193
194
195
196
197
198
199
200
201
202
203
204
205
206
207
208
209
210
211
212
213
214
215
216
217
218
219
220
221
222
223
224
225
226
227
228
229
230
231
232
233
234
235
236
237
238
239
240
241
242
243
244
245
246
247
248
249
250
251
252
253
254
255
256
257
258
259
260
261
262
263
264
265
266
267
268
269
270
271
272
273
274
275
276
277
278
279
280
281
282
283
284
285
286
287
288
289
290
291
292
293
294
295
296
297
298
299
300
301
302
303
304
305
306
307
308
309
310
311
312
313
314
315
316
317
318
319
320
321
322
323
324
325
326
327
328
329
330
331
332
333
334
335
336
337
338
339
340
341
342
343
344
345
346
347
348
349
350
351
352
353
354
355
356
357
358
359
360
361
362
363
364
365
366
367
368
369
370
371
372
373
374
375
376
377
378
379
380
381
382
383
384
385
386
387
388
389
390
391
392
393
394
395
396
397
398
399
400
401
402
403
404
405
406
407
408
409
410
411
412
