604
0
2
1026
1027
3
4
6
1030
8
1033
10
12
1036
14
1040
1044
20
1046
22
1047
1049
1050
28
1052
1053
29
1054
33
36
38
39
1065
43
1067
46
1070
1071
1072
1073
1076
1077
1079
56
58
61
63
1088
1089
1090
67
68
1093
70
1096
73
1097
76
77
1101
1102
1103
79
80
1104
1107
1109
86
1111
88
1112
1113
93
1117
95
1119
103
1127
1128
105
106
1130
1131
108
1135
1137
114
115
1139
117
1141
118
1144
120
1145
125
1149
1152
1153
1154
132
1156
134
137
1162
140
141
1166
1167
1168
144
1169
146
149
150
1176
153
154
1178
155
1181
158
160
162
1188
1189
167
1194
1196
1197
174
1200
177
178
1203
179
1204
1205
184
185
1210
1211
188
1213
189
191
195
1219
198
1226
203
1228
1229
206
207
1231
1232
212
1236
213
214
215
218
1243
221
224
225
227
1252
1254
1255
1257
233
234
236
238
1262
242
1267
243
1268
1269
246
1271
1273
250
1275
1276
254
256
258
259
260
1284
1291
268
270
271
1295
1296
274
275
276
280
281
282
283
284
285
1310
1312
1313
291
1315
1316
292
1317
295
296
1320
1322
299
1323
300
1324
1325
1326
1327
305
306
307
309
1334
315
316
317
1341
1342
320
1344
1345
321
1346
1347
1349
1350
1351
329
332
1356
333
1357
1359
336
1360
1361
337
338
1362
339
1364
341
1366
1367
1368
1369
1370
347
1371
1373
352
1377
1378
354
1380
356
1381
1383
360
1384
1386
364
366
367
1392
371
372
373
1398
1400
1402
1404
1406
1409
1410
387
1412
1413
390
1415
1416
392
394
1418
396
1420
1421
1422
399
1423
1424
401
1425
402
1426
406
1430
1431
407
408
410
1438
414
415
1439
417
420
1444
421
422
1448
1450
1451
428
1453
1454
430
431
1455
432
1457
437
438
1463
440
1465
1468
445
1470
1471
447
1474
450
1478
455
456
1480
1484
463
1487
1488
1489
466
1490
1491
468
1494
472
1497
1498
475
477
1502
480
1506
483
1509
486
1510
487
1512
490
1521
498
502
504
505
1530
507
1531
508
509
511
1535
512
513
515
517
518
520
1546
523
1547
1548
527
528
1557
1564
540
1565
542
546
547
1573
550
1578
554
1579
556
1582
559
1584
562
1586
1587
564
1589
566
1590
1591
568
570
571
575
1599
579
582
584
587
588
590
592
594
598
604
612
615
625
628
630
633
638
641
647
652
656
657
662
664
665
666
668
669
671
673
674
676
679
680
681
683
684
689
696
697
698
702
703
705
707
712
714
719
721
722
723
730
733
738
745
746
754
756
759
761
762
764
769
776
780
787
788
795
798
801
803
804
805
807
808
810
811
812
815
817
818
822
825
826
829
831
835
838
842
843
847
848
849
851
852
855
857
858
859
863
864
865
866
868
869
870
873
875
876
879
880
882
885
886
887
893
894
898
903
906
907
908
909
910
916
917
920
924
931
932
935
936
937
938
943
948
952
953
957
960
961
962
965
966
974
975
976
978
981
982
983
985
987
988
989
992
993
994
996
997
998
1001
1009
1011
1012
1016
1018
1019
1020
1021
160
256
0
257
1
2
3
4
7
264
265
9
266
267
13
15
16
273
274
19
277
21
22
23
280
27
28
29
31
32
288
33
289
35
292
37
294
40
41
42
298
44
300
301
48
49
308
52
53
309
56
313
314
59
61
62
64
321
66
322
67
68
324
325
329
330
75
76
332
77
333
80
338
84
88
89
346
93
94
95
351
96
97
354
356
101
358
102
103
359
104
360
361
363
108
109
366
110
111
367
368
113
114
370
115
371
374
375
120
376
377
122
380
125
129
132
137
138
140
143
144
145
150
152
154
157
158
159
161
167
170
172
174
179
182
184
185
186
187
189
191
195
196
197
202
203
204
207
212
213
221
225
228
233
236
237
241
247
251
254
255
