184
513
1282
774
1542
520
1544
12
524
2060
1806
14
1553
20
1045
534
1046
2070
24
536
537
282
1820
543
799
801
34
547
1315
806
1830
807
296
1065
555
301
1069
2094
2095
817
1331
1587
2099
565
825
826
60
1340
829
2110
318
831
2114
1353
586
842
2122
1868
334
1616
2128
81
1361
339
2131
340
2132
341
87
600
857
1625
1883
1119
352
608
1377
356
1124
2149
1382
2150
1384
107
1131
108
2156
1645
366
623
1394
1395
1653
1910
375
1145
634
1661
132
1412
389
1414
2182
393
2185
141
1167
2191
144
402
1939
2199
1431
1688
1178
1182
1183
2209
1954
2211
676
1703
681
2219
428
1708
1454
1966
2222
431
1199
178
179
947
1976
1468
957
1981
449
962
1219
708
1477
1733
710
1479
1737
1227
460
1484
1485
1231
722
1746
979
1237
1750
215
984
985
729
475
988
2019
1764
1509
1254
487
744
2025
1002
1258
2030
1777
1778
243
756
501
2037
1527
248
760
1016
1275
2043
134
0
1
2
3
4
5
6
7
8
9
10
11
12
13
14
15
16
17
18
19
20
21
22
23
24
25
26
27
28
29
30
31
32
33
34
35
36
37
38
39
40
41
42
43
44
45
46
47
48
49
50
51
52
53
54
55
56
57
58
59
60
61
62
63
64
65
66
67
68
69
70
71
72
73
74
75
76
77
78
79
80
81
82
83
84
85
86
87
88
89
90
91
92
93
94
95
96
97
98
99
100
101
102
103
104
105
106
107
108
109
110
111
112
113
114
115
116
117
118
119
120
121
122
123
124
125
126
127
128
129
130
131
132
133
