190
1280
0
512
769
2
1283
1027
1541
5
1286
1801
269
1807
1040
1296
785
2067
20
1814
1559
2075
28
285
1311
1823
801
1825
546
1314
802
35
2083
1571
1828
2084
1830
41
1321
809
1834
43
299
1835
1581
558
303
304
2096
51
1075
2099
1589
571
575
2112
1856
1344
1090
1093
583
1608
1097
331
588
845
2125
2126
1871
336
2128
1361
1874
338
82
83
853
1365
2136
1884
2141
1373
1119
1887
2143
352
96
608
865
609
354
1122
868
2148
1124
2150
1640
1385
874
365
1645
1133
1392
2160
1395
1652
1405
125
381
1406
639
640
1152
385
1154
1922
1156
650
1167
1936
146
658
661
917
407
1689
409
154
414
671
420
164
165
1703
1707
1963
1453
942
430
1967
1458
1204
185
1978
186
187
1212
1980
1469
190
1727
705
707
1989
1735
1224
712
201
1481
970
1484
464
2001
2003
1492
1237
1239
472
217
1498
227
486
1255
1767
1512
232
1513
233
746
1770
1516
1264
755
1269
501
246
2038
760
1530
2046
1790
11
101
85
134
8
59
43
75
46
111
31
159
