1178
2050
4099
4
5
4105
6154
4110
8206
6160
2064
8208
4116
4124
2077
31
2079
4127
8223
32
33
34
8229
6181
4134
6182
2087
40
4136
2095
4147
2100
55
4152
6200
6202
8251
6204
2108
4157
6207
6209
8258
2115
8261
6215
6216
2121
6217
6218
8266
2123
4172
77
2125
8269
4175
4179
6227
8275
2132
4182
88
6232
6234
91
4189
6240
8288
2149
8294
8297
6262
120
6273
4230
4232
4233
139
4243
2196
4245
6293
150
158
4254
4255
2208
4258
2211
2212
2214
2215
6313
2219
6316
6317
2222
4271
2224
4272
2225
6321
179
2229
182
4281
188
192
4288
2241
2244
201
6346
6348
2255
4303
6351
2258
6355
2260
6358
2263
4312
225
228
2277
2278
4326
4330
6378
2283
6379
2288
242
4340
4341
2293
6390
247
6391
2296
249
6393
2298
2299
6400
258
2306
2307
2311
4360
265
2314
267
2316
6412
6413
6415
2323
4373
4379
287
4383
288
290
291
6438
6439
6440
297
2345
2347
303
2351
4400
6451
308
309
310
6455
315
4415
4417
2370
4419
2375
328
2383
6481
6482
4436
4437
2390
4439
4440
2395
4446
2399
6498
4452
6501
2406
363
364
366
4464
2417
2423
6520
377
6522
379
381
6525
383
4481
6529
4482
4484
2438
4486
6538
2443
396
2444
6540
401
6546
4504
4507
413
4509
415
418
4515
2468
4519
425
4523
429
2480
6578
4532
6580
2485
4535
440
6584
2489
443
2491
445
446
2495
4546
6594
2502
2505
4553
459
6610
472
2521
4569
6617
474
4572
479
4575
480
4576
481
6625
6626
2531
4581
6629
486
6633
2539
2540
4589
4591
6639
4598
4601
510
4608
6659
6660
2566
521
522
2571
524
6669
6672
4625
531
4628
4629
2581
6677
6679
2588
4637
6686
544
549
6695
4650
4651
6700
6701
4654
2608
4665
2618
571
2620
4668
575
2625
6726
586
4682
588
4684
4686
6734
2640
4688
2641
4689
595
6740
6742
2647
2648
2650
6746
603
604
605
606
6750
607
6755
615
2664
6762
619
2668
4717
2670
6766
4720
625
626
2678
633
2682
2683
4732
2685
639
4736
4738
2690
6788
645
6792
651
655
6799
4753
4755
660
661
2711
2712
6810
6814
4767
672
673
2722
6818
6821
6825
682
4778
683
2733
4785
692
699
4795
6846
704
6848
6851
4805
6856
713
6861
2767
6863
720
6864
6865
4824
2779
6876
6878
2783
4831
6882
739
6883
4837
4838
2791
2793
747
748
4844
750
6895
752
2801
6897
754
757
6901
2806
4854
6904
6907
764
2816
6913
771
2819
4868
776
6920
777
782
784
2832
4882
6931
788
6933
795
6941
797
798
4894
6942
6945
2850
6950
4903
6951
2857
810
2858
2859
812
2860
2861
814
6959
2866
6962
6965
2871
824
4923
6973
6976
833
2881
4930
2887
6984
6987
6988
4942
4945
4946
851
852
854
4950
2908
4957
863
2912
865
7009
4962
4964
7014
2919
7016
2921
2922
876
4976
881
4977
7025
4983
2937
4985
893
2943
4992
897
4993
4994
899
904
2952
5001
7051
5004
911
5007
5011
7060
917
2968
923
7067
2976
2977
931
932
7077
5034
7086
5040
5042
2995
2996
7093
2998
5046
3000
954
3005
5054
7102
7104
964
7108
3015
5063
7111
971
972
5069
5070
7119
3025
5074
5076
3033
3035
989
7134
992
993
7138
7140
999
7144
1006
1008
1009
5105
3058
5106
7156
3064
1017
5116
7170
7171
3077
7173
3080
3081
1034
7181
7183
7184
5137
7185
7186
5140
1045
3093
3095
5146
5147
5150
1056
1057
1060
5156
7204
3111
3112
5160
3113
7210
7212
1069
5167
3121
7217
7218
7222
1079
1081
5177
5180
1087
1089
5188
7236
1097
7241
7242
1102
3152
5201
7251
5205
3160
5211
7259
1117
3166
5217
7265
5218
3171
5219
7268
5221
5222
7270
5223
1129
7274
1132
1133
5231
1139
7283
3192
3193
5243
7291
3196
7293
3199
1153
7298
7300
1157
5253
1159
3212
5264
3217
5265
1170
3219
7319
5275
3228
5276
5280
7332
5285
7336
1195
3243
1199
5295
3248
7344
3256
3259
7360
3265
1219
1220
1225
5323
5325
1230
5327
3280
3283
5333
3285
1238
7382
7384
1241
7385
1242
7386
5339
1245
5341
5342
7390
1250
3300
7397
1256
5353
3306
7404
3309
7406
1265
3314
1268
3316
5365
1270
1272
3324
1277
5373
1278
7422
3331
7429
1288
3337
1290
1297
1299
1303
3351
5399
5401
1307
3355
5404
5405
1312
5409
3363
5414
1322
5419
5423
7471
7473
3378
7475
7477
5430
5432
7482
3388
1342
5439
7487
5441
7489
3394
1354
7498
1355
1360
3408
5457
7505
7509
5462
7510
7513
3420
3421
5473
5474
7522
3427
7524
5478
7530
1387
7531
7538
5491
5492
3447
7543
7552
1411
1414
5510
5513
5514
7563
5516
7567
1425
7570
3474
7571
7572
1431
7576
7581
3488
7585
1443
1445
7589
3499
1454
7599
7600
5553
3506
1462
5561
1468
1472
1473
7618
1475
1478
3526
5575
1480
7624
1482
7630
1488
5584
7644
5597
7645
1502
1503
3554
7650
1511
3560
3561
5609
5610
3564
5612
3566
7665
7667
1524
7668
3573
7670
7672
7673
7679
1536
7681
7682
3588
3591
1544
1545
1547
7691
1551
7699
7700
1557
3606
1560
5659
3612
3615
1568
5664
7714
3619
7716
5669
3622
7719
1576
5673
1579
1581
7726
7727
1586
3636
5684
7733
3641
5689
1594
7739
3644
5692
3647
1600
3649
5699
3652
1609
3659
1613
7759
3665
3666
7764
7775
3681
3689
7786
1645
7792
5744
1651
3699
5747
1654
7798
1655
5752
3704
1658
5756
5757
7806
3712
5760
5761
3716
3717
1672
5768
7817
3722
7818
5771
5772
5774
1679
5775
1680
3728
1681
3731
5782
1688
1693
7838
1695
3743
7839
1697
5794
7844
3755
7852
1709
3757
5805
5807
5808
3762
1716
5812
1717
1720
5819
1724
1728
5824
7873
5826
1732
3782
1736
5833
5835
3788
1743
1746
7890
1747
5846
5850
3804
1758
5854
5856
5858
3810
5860
3813
5861
7911
1769
1772
1777
3826
7922
3834
3835
5885
5890
7941
7943
1800
3849
5897
1802
3852
7952
7953
5906
3860
7957
3864
1818
3870
5919
5922
3877
1831
3879
5928
3883
1836
5934
3888
5938
7993
3899
7996
1853
1858
8002
1860
1861
1862
1864
5961
3917
1870
1877
8022
5977
3930
5978
8026
3931
8028
3934
1887
8031
3936
8035
3945
3950
8048
6003
3956
3961
6009
1915
6011
8059
8061
6014
1920
1921
8068
3976
1929
3977
8074
6027
6028
1934
3983
8082
1939
6038
3991
1944
8092
1950
8094
3999
8095
8101
8102
1959
4008
8104
6057
4010
1965
8109
1967
4015
1970
4018
4020
6070
1978
1979
6076
4029
8125
6078
6081
6082
1988
6087
1993
6089
1997
8141
6095
6098
4052
6100
4053
4056
6104
2009
2010
8155
8157
4063
6111
8162
4067
4068
8164
6119
4072
6120
6121
8171
8173
2031
8176
4081
2034
8179
4085
2039
8183
8185
8187
4095
180
0
1
2
3
4
5
6
7
8
9
10
11
12
13
14
15
16
17
18
19
20
21
22
23
24
25
26
27
28
29
30
31
32
33
34
35
36
37
38
39
40
41
42
43
44
45
46
47
48
49
50
51
52
53
54
55
56
57
58
59
60
61
62
63
64
65
66
67
68
69
70
71
72
73
74
75
76
77
78
79
80
81
82
83
84
85
86
87
88
89
90
91
92
93
94
95
96
97
98
99
100
101
102
103
104
105
106
107
108
109
110
111
112
113
114
115
116
117
118
119
120
121
122
123
124
125
126
127
128
129
130
131
132
133
134
135
136
137
138
139
140
141
142
143
144
145
146
147
148
149
150
151
152
153
154
155
156
157
158
159
160
161
162
163
164
165
166
167
168
169
170
171
172
173
174
175
176
177
178
179
