73
0
128
257
3
136
264
138
266
268
398
16
152
153
26
154
27
155
411
412
288
416
33
290
291
171
44
45
47
49
52
183
312
316
318
64
192
328
201
203
331
333
78
335
209
84
85
213
343
217
92
93
221
222
350
227
356
101
103
232
106
364
109
110
239
368
113
241
369
114
374
377
381
127
83
0
1
2
3
4
5
6
7
8
9
10
11
12
13
14
15
16
17
18
19
20
21
22
23
24
25
26
27
28
29
30
31
32
33
34
35
36
37
38
39
40
41
42
43
44
45
46
47
48
49
50
51
52
53
54
55
56
57
58
59
60
61
62
63
64
65
66
67
68
69
70
71
72
73
74
75
76
77
78
79
80
81
82
