1014
0
2050
2051
2055
8201
2058
2066
2068
22
2078
2080
33
8227
4135
10279
2088
10280
43
4139
45
10287
48
4146
4150
8250
59
6211
6214
4167
4174
2127
2130
2133
8278
88
2136
10329
90
94
2144
8292
8293
102
10343
10345
2157
112
8307
8308
117
2165
4214
10359
6263
8314
2173
8318
2176
2178
8322
2181
10374
137
10377
8333
2191
4239
148
2196
6292
151
6295
4251
159
2207
8357
166
6318
179
6324
10429
6336
2241
194
195
8387
196
4292
2245
6341
4294
205
8397
4303
6351
10449
211
2259
8403
213
6357
214
4310
8409
8413
10461
2270
10462
2274
228
4325
8421
2279
6376
10473
2282
6381
6385
2294
8438
10487
10488
250
4348
254
10495
2305
4356
6405
6409
266
6412
2316
8460
10511
272
10512
10513
274
8470
2330
283
6428
6429
8478
287
2337
8488
10536
4395
8492
4398
10542
2351
2355
6451
10549
6455
10552
8508
316
6462
2367
8512
2370
2372
6473
2378
4428
2384
10582
6488
6490
4442
348
6492
352
6498
10598
10600
362
2410
2412
4461
10607
4464
4468
6516
373
6518
4471
8567
8568
379
382
383
6527
2433
8584
4492
400
10643
10645
10649
6556
8604
4510
8607
2464
8609
10657
421
2470
424
6568
426
427
428
8621
2478
4530
4531
8627
10676
8630
440
2488
8635
445
6589
2494
6592
4547
452
4551
457
4553
458
459
2509
6605
10702
462
464
10704
466
10706
10708
4566
6614
10710
6616
2524
6620
8671
10723
2534
8680
2537
6633
490
2538
8682
491
8688
8689
8690
8693
4599
6649
508
2556
4605
8705
6658
8710
2571
10764
526
528
2579
6677
8732
6684
542
10783
548
2596
10789
10790
2599
10794
8747
10801
8754
563
8755
564
4661
566
4663
2618
4666
571
4669
10815
6723
10823
8777
10829
4686
2639
6736
593
2642
4697
4699
2656
611
612
10853
2662
615
6763
8811
8814
4720
8818
10874
10875
6781
2687
4738
10885
10886
2695
8839
8840
10891
2699
652
2700
6797
8850
2711
6810
6811
8859
668
8860
4767
10912
674
4770
2723
10916
10920
681
8873
2730
10923
10926
4787
8883
8885
8886
4791
696
4792
2745
6841
8891
4796
6847
2751
8901
4806
10954
8908
10956
4813
2773
4823
4826
10971
733
736
2788
743
747
6892
4846
4851
6900
10998
2813
11005
769
6914
11012
2822
8968
777
11017
11022
6927
8980
11029
6934
8982
794
2845
6941
6942
4895
8992
11040
2850
6947
8995
2853
6950
11047
808
809
2863
4915
820
9012
824
6971
2877
4932
4933
9030
2892
9036
11085
6992
9042
11092
853
9045
11098
4955
11099
860
11100
861
9054
11102
864
11105
9060
11109
7017
2923
7019
876
4973
879
2931
9076
886
7034
7035
891
9084
4991
9087
9089
899
2948
2950
904
5001
9097
907
11147
5004
11148
5006
9104
7060
5014
7066
11162
923
2972
925
7070
2976
930
7074
933
5031
7080
7081
11177
938
5034
11178
9131
11182
943
9136
945
5046
950
5047
11191
5051
11196
5053
958
9150
11199
11201
11203
7109
5064
5065
9162
971
3021
5069
5070
974
3025
978
3028
5076
5078
983
9177
987
5083
9182
9185
5097
1003
3051
5099
7149
5103
9199
1009
5106
7154
11250
1014
3062
5111
1018
7164
9214
1022
11262
1026
5125
1030
11271
11273
1034
3085
11280
11281
5138
1043
3097
11290
7199
3104
7203
5156
7204
1062
3110
11302
1063
5160
1066
1072
5168
1073
1074
3132
7230
9278
5183
7232
9280
3142
3143
7240
5194
3153
5204
5208
7256
1114
3162
7259
9308
5214
7262
5217
3172
3175
1127
9320
9324
3184
3188
7290
1149
3197
5245
3201
9346
3204
3205
5258
3211
1164
1166
1167
1168
3216
3218
1172
7316
1175
3225
9375
7329
1186
9380
5285
5287
3243
1198
3247
9393
5301
9399
7352
5306
1212
1218
1219
9412
9414
3272
5323
1230
7374
9422
5330
1235
3284
5333
9429
9430
3290
5338
5341
7389
7391
1250
5347
5349
3304
7400
7402
3307
1260
3315
1267
9461
9462
5368
3326
3328
3332
7431
5387
9484
7436
3342
3347
3349
7449
3354
3359
1315
1316
7460
9508
3366
7462
7465
7466
3376
5424
7472
5426
7480
1339
1340
3389
5440
5443
1347
5447
7496
1358
5455
1362
7506
3411
3414
1370
7515
1371
1374
1376
3424
3426
1383
5479
3432
5483
3437
3439
7535
1393
1395
9591
1406
1408
3460
5508
7556
7559
9608
1417
5513
3466
9617
7571
5527
3484
1438
1441
3492
1445
9639
7593
5552
9649
7603
9653
7605
1463
3511
5560
7609
9658
9662
7617
3524
3543
5593
1499
7643
5596
3549
5599
1505
5603
9699
3560
1514
7662
9711
9714
3574
1528
7683
9735
9736
3596
3606
9750
3612
9756
1571
5668
5676
1581
3629
5678
5680
9776
3633
3635
5683
1588
3636
5684
1590
1591
9785
5690
3645
9789
1601
5697
5698
3655
7751
3659
3661
1614
5715
7765
7768
1633
3681
5730
1635
7779
7780
7781
1641
7785
1642
3692
5741
7790
3695
3697
7793
7795
1652
3704
5761
1668
9861
3717
1673
9865
9866
7822
3726
7823
1680
1682
7827
1687
1689
1690
1692
3741
1694
1700
5800
1709
3761
1719
3771
3773
9918
3778
7881
1738
7882
7887
3795
5844
9940
7894
3800
1753
3807
9954
1764
9958
7912
1771
1772
1773
1774
7918
1775
7920
1777
3825
1788
5886
1791
5889
3845
9989
3849
9993
1803
1804
3852
5903
3857
5910
3864
5912
10009
10016
5925
3881
3884
10029
1838
1839
1840
10032
7984
10034
10037
5946
1852
10047
1859
1860
8004
10053
3912
8012
10061
5966
10064
8020
5973
5978
5991
8039
10089
5995
1901
1903
3953
6003
3958
3962
8059
3970
3974
3976
6026
3980
10124
1933
1937
3985
8086
10134
1943
8087
10140
1949
4000
6051
1956
4004
4010
10155
1965
4014
10159
1970
8114
4022
10169
4041
6090
6091
10187
8140
6093
1997
1998
1999
8146
10194
2003
2007
2009
8156
8160
8161
10209
2027
4078
8174
6130
4083
2036
2037
2039
6136
2040
8185
2044
6140
2045
2
17
46
