438
1024
1
2
6
7
8
1036
12
1037
14
1038
2063
15
1041
18
19
21
24
1049
1050
29
31
33
1060
37
1063
40
1065
1070
2094
1074
1078
54
2104
1080
56
1081
57
1083
1084
60
1085
2109
63
1087
2111
67
1092
72
76
1100
77
79
1105
81
1107
1109
2137
1113
91
2139
2143
95
97
2146
100
1127
2152
2153
106
1130
1132
2156
1133
110
2158
113
2164
117
1142
2166
120
1145
1147
2172
125
129
1154
133
2183
138
139
1167
1171
1175
158
1196
1197
174
178
1203
1205
185
1211
1212
189
1215
194
1219
196
1221
200
201
1226
204
206
1233
1234
1237
224
225
1251
231
1257
234
236
1270
247
1273
251
252
1277
257
1281
1284
1285
1287
1290
267
268
1294
1297
273
277
279
282
1308
284
287
294
297
1325
1326
1327
304
306
308
311
313
314
1339
1341
317
1343
320
321
1345
323
329
1354
1361
1362
341
344
345
1369
1377
353
1379
1380
1381
360
1388
1390
1394
1396
380
382
386
387
388
1413
389
1423
1424
1425
401
1427
1431
1432
1438
415
1440
421
423
1447
426
430
1454
431
1462
1463
1466
1467
448
451
1475
468
469
1495
471
475
1500
1502
1506
482
485
1512
1517
1519
1521
498
1522
502
506
508
509
1534
514
517
518
519
1544
525
1550
1554
531
1557
534
535
1560
1566
1571
551
552
555
558
559
1584
562
1587
1589
1592
572
574
1599
576
1601
578
580
1606
1611
592
594
597
599
1627
604
1628
606
1634
1636
1642
627
628
630
1655
1657
642
643
1668
1672
650
1681
657
1682
660
661
665
1690
1698
1699
1700
679
1705
682
1707
1708
684
1719
700
1728
705
1729
710
1735
713
714
1738
1739
715
1740
716
1743
1755
733
1757
737
743
1768
745
747
1771
1772
1773
753
754
756
1788
1793
772
1797
776
777
1803
782
787
1812
789
1817
793
797
1823
804
1832
810
814
1839
818
821
1849
1850
828
833
1863
841
1866
1868
1869
847
850
852
1880
1892
869
1894
871
872
877
1901
879
881
1911
893
1918
895
1920
1921
1922
901
1933
1939
917
1942
1945
1947
1951
928
937
940
1965
1966
944
946
1970
1972
1973
950
1978
1980
1984
963
1990
1995
973
976
977
2001
2002
979
2004
2010
986
2012
988
2023
1000
1007
2034
1011
2036
1016
2041
1018
2043
1020
1022
2046
19
32
96
163
99
4
7
136
72
138
44
47
111
81
114
19
84
20
122
60
