509
1025
7169
1026
3
5125
5126
6151
5129
7178
11
3084
6160
4117
6165
7191
27
2076
5151
6179
1064
3112
1065
3116
44
4140
7212
48
6195
7222
5177
5180
4160
5184
1089
2113
1090
6210
1094
2119
4171
6219
1102
80
4176
2129
83
3157
6231
1113
1114
3162
6234
2139
2141
2142
2143
2144
2146
104
1129
4203
5228
4213
118
6262
7286
7289
122
1146
1148
2173
1152
5249
1155
4227
2180
7301
135
2183
3209
6283
2190
1167
3215
146
148
3220
3223
4248
3225
5276
6302
159
6307
2215
2219
6315
177
4278
7350
6334
1216
3267
6342
3272
6348
2254
1233
209
5329
2258
4307
2261
214
2263
6361
5339
6364
222
223
2271
6367
1249
3298
229
5349
1258
2282
5354
2285
4336
5363
244
4342
248
1275
255
1282
261
2311
5383
1290
268
4365
2318
4366
3343
4369
278
4374
280
1309
4382
5406
6431
5408
5410
6434
1315
3364
2342
300
6446
2351
1330
4403
310
6454
6456
315
2363
2364
6462
6463
4419
2371
5443
3402
4426
335
338
5462
5463
1369
2396
5471
2400
3427
3429
362
6506
3435
364
5484
5488
6514
2423
378
5499
386
3458
6530
2435
1416
6538
4491
2444
5517
2446
399
5520
410
413
1437
6558
5534
1439
3488
420
1448
2478
2479
4529
4531
1468
1470
5568
450
5572
3527
2506
3530
6603
461
6608
6610
1492
1500
3549
3552
5601
483
5607
5612
1517
2547
3578
4605
3582
1535
2561
1541
3590
6664
3592
3593
3594
4618
3601
3603
6675
4628
5652
4633
3610
4636
2589
3613
3615
2593
2595
2598
4649
3627
4652
5677
3631
1584
6707
1592
6712
1597
2621
575
2624
2625
3650
1604
5700
3653
6725
3658
5708
2637
3666
595
3669
3670
3675
1630
3678
607
1633
4706
2663
1645
1648
5749
4727
5753
5754
6778
639
640
642
1668
647
650
2698
1676
655
4751
4752
1682
5779
1684
3737
4764
669
5790
5791
3745
3746
2723
2724
6820
678
4774
679
3751
4778
6826
2732
685
5806
689
3761
4785
694
695
1719
2743
5817
1722
1723
2759
3784
6860
717
5839
1745
3797
2778
2780
3808
1761
5859
2788
741
2791
5863
3818
6890
1771
5867
3821
2798
5871
1780
6900
760
761
1789
2814
6910
2815
3839
4863
1792
5890
2819
4873
1803
2827
3852
6924
6925
5902
3856
6931
4885
4888
6936
6938
3868
3869
1822
799
6945
805
4901
6951
3881
810
2858
6956
3885
2866
2869
4918
6967
1852
3904
6976
5953
1864
5961
849
2897
5973
1879
5975
7004
2914
866
7013
3943
7015
5992
7019
1903
3952
7024
4982
1912
895
2944
4993
1923
902
2950
3974
4999
3978
1932
7053
5009
7065
2970
7067
6047
7071
6049
5032
7081
2987
7083
1971
1973
4021
6070
7097
954
3002
7099
4028
3008
1986
4036
1990
6086
7111
5067
3020
4044
976
6102
4057
7130
987
4059
7131
3036
4060
4061
992
4064
4065
2028
6128
2033
6130
7155
3062
7163
3067
1022
5118
7166
5
34
83
182
377
239
