5726
3
16387
24580
8197
6
8198
24582
7
24583
16392
16395
12
8205
24590
16399
16
24592
18
16402
20
21
16407
16408
16411
24603
16414
24606
32
8225
16418
35
8227
16419
24611
36
8228
24613
8231
24615
8232
16427
8236
24621
46
48
24625
50
51
16435
52
16436
24628
16437
16438
58
8250
16443
16445
64
16449
24644
8260
24645
24646
72
16456
24648
8265
75
8268
77
16464
24656
8273
24658
16466
16467
24659
16468
8278
8279
16472
8281
16473
24665
8283
93
8285
94
8286
24670
95
16479
16481
24674
16484
24677
16486
16487
105
24682
16490
24684
111
16495
24688
8305
8307
16501
16503
120
16504
24696
8316
125
126
8319
16514
24706
24707
8324
133
16517
135
16519
8329
24715
24717
24718
147
8340
24725
150
8343
152
8344
16536
8346
156
24732
16541
158
8350
159
16544
24736
164
165
16551
16552
24745
16555
24747
16556
172
8364
16562
8371
180
8374
8375
24759
8376
8377
24761
186
187
8380
8382
8384
16577
8386
24770
196
8389
198
8392
24776
16585
205
207
8399
16592
8401
24785
8404
16596
215
16600
216
24792
218
16602
24795
221
8414
8415
227
8419
16612
24804
16613
8422
8424
16616
16617
24809
234
235
8427
24813
238
24814
239
24815
8432
16624
16628
24820
8437
8443
24831
256
8450
8451
24836
261
264
24840
16649
24841
8459
24843
8460
269
8461
16653
270
271
24847
273
16658
24850
275
24851
276
16661
8471
280
8474
8475
24859
284
16668
24860
16669
289
24865
290
24867
291
8484
16676
16678
8487
24873
8491
8493
16685
302
24878
8495
304
305
8498
24883
309
24886
8504
313
24892
16701
24893
8510
16708
8517
16710
8520
330
24907
8525
16717
334
8529
24916
341
8533
342
346
16730
24928
355
24931
356
357
24933
358
8551
360
24937
363
8555
365
8557
16749
16750
24943
369
16753
16756
16757
16758
16760
16763
382
383
8577
8578
8580
16773
24967
24968
16777
8586
16778
16779
396
8588
16781
8590
399
16784
16785
24977
16786
24978
404
8596
24982
407
16793
410
24986
8603
16795
24987
412
8607
8608
24993
418
419
16803
8612
16805
8615
16807
25000
429
431
8623
16815
432
16816
8626
25011
438
25014
25017
442
8634
16826
16827
8636
8637
16829
25021
25023
447
25025
8642
8646
25030
456
16840
16841
459
8651
463
25040
8656
25041
25043
470
8662
16854
25046
16855
16856
16858
16860
477
25054
8671
16864
8676
8677
8678
487
25064
8681
16875
8684
16877
8686
495
16880
16881
25073
16883
25075
16885
8694
503
8699
25085
8701
16893
8703
8705
16897
8706
8707
8708
16900
517
8710
8712
521
16907
25100
16909
16910
25102
16912
16916
25108
8726
16920
25112
25115
8732
25118
8735
544
25120
8741
8742
25129
16939
25132
8749
16942
560
16946
564
8756
16948
565
16950
567
16951
568
25145
570
16954
16956
8764
25148
575
578
16962
8773
25163
25164
8781
590
8784
16976
8786
8789
598
25174
16984
602
8794
25179
8796
25181
8799
8801
8804
16996
613
8805
25193
8810
622
17007
8816
25201
628
17013
8823
8826
17023
25216
17029
17033
652
17036
25228
17038
25230
17039
8848
658
17044
661
17048
666
8858
25242
667
17051
668
17052
8862
8864
17056
25250
8867
25252
677
678
17062
682
8874
8875
684
685
8877
17069
17070
686
25264
689
8881
17074
25266
8884
694
25270
17079
25272
697
8892
17084
17086
705
17092
8902
17094
25287
8904
25290
25291
17100
717
719
17103
17104
8913
25298
723
17110
8921
17117
25309
734
25310
736
25313
17124
741
8933
17128
8940
17132
25324
749
751
25329
25330
756
25333
758
25334
17144
761
8953
17149
8957
766
8958
769
8962
773
774
775
777
779
780
8973
17165
17166
783
17169
25362
8981
8982
791
25372
17182
25376
25377
802
8994
17187
804
25380
17189
17193
17194
9003
9004
9005
17199
17200
9010
821
822
17209
25402
830
831
17215
25409
9026
17218
836
837
9030
839
9033
17227
25419
9036
25422
17231
17233
25425
851
9043
852
17236
9046
855
17239
25431
9048
17240
9049
17241
9050
859
9051
17243
25435
860
9052
17244
861
25437
9057
25441
866
9058
17255
873
25449
9066
17259
17263
25458
883
9075
17267
9076
887
25466
9083
892
9084
9088
17281
9090
9091
17283
901
9093
9095
905
9097
9098
25484
25485
910
914
17298
25492
917
25497
25500
925
926
17312
25504
929
25505
930
9124
25508
9125
17317
25509
935
9129
17321
17322
939
942
9138
25525
951
25527
952
9144
9146
17338
9147
957
9150
959
9151
961
9153
9156
25542
970
972
974
17360
977
17361
25553
9173
25557
17368
987
9182
25566
991
25569
17381
25575
25576
17390
25582
25583
1009
9202
1013
1014
1015
9207
9208
17402
9210
1019
9212
25596
17405
9214
17406
25598
1023
1024
9216
25600
17409
1026
1028
17415
25607
1033
9225
25611
1035
1037
17421
1041
1042
17426
1043
9235
9237
25621
9239
17431
9242
17434
25626
17435
17437
25631
1056
1057
9249
17441
17445
25641
1066
9258
25642
1070
9262
17454
25646
1071
17455
1072
1073
1074
9266
25650
1076
25653
9271
25660
25661
9278
25663
1089
9281
17474
9284
25668
17479
9289
9290
17482
1099
17483
17485
9294
25679
25682
17492
25684
25686
17496
9305
25689
17498
25694
1120
9312
25697
9315
17510
17513
1132
25710
9327
25711
25712
9329
25714
1140
1142
9334
1146
1147
25723
17532
17533
17534
9344
17536
9345
1154
25732
17541
1158
9350
1159
9351
9352
25736
25740
1165
9357
17552
1171
17555
25747
1172
25749
25752
17561
25753
9370
9371
17564
1181
25757
17566
1183
9376
9379
25763
17572
25764
9383
17577
25769
25773
17581
1199
9391
17583
1202
9394
25781
1206
9398
25784
9401
25785
17594
9404
25790
25791
1217
17604
9413
1225
9417
1227
1228
25804
1229
25808
17617
9426
1234
9427
9428
17620
1238
9430
17622
17624
1242
1243
17627
9436
1246
9439
1249
9441
9443
25828
9445
25833
9451
17644
9455
1264
25840
9459
17651
1268
25845
1273
9469
25853
17662
25854
1279
25855
9472
1281
17665
25857
25858
17669
25862
9479
17671
17673
17677
25871
17680
25873
25875
17686
25878
17687
1305
25882
1307
17694
25886
25888
25889
1314
1315
9507
9510
25894
17704
1321
9513
9514
17707
9516
17708
9517
1329
17713
9522
17715
17716
1335
25911
17720
25912
1337
9529
25915
9531
1341
17725
25917
17729
25921
9538
25922
1348
25924
9542
17737
9550
25934
25935
25937
9555
17748
17749
25942
1367
17753
17754
9567
17762
17763
1380
17765
25961
1386
9579
17772
25964
9584
25968
9585
1394
9587
17782
25976
17785
1402
9595
17788
1407
17791
1410
9602
25986
17795
1414
9608
1417
17801
25994
17803
25997
25998
1423
26000
1425
26001
9619
26003
9621
26005
26006
17815
9624
17817
1434
17818
17821
9631
1440
9632
9634
9635
17827
17829
1446
26023
1448
1450
17834
1455
1456
9650
17842
1459
9651
17843
17844
9655
26039
17848
26043
26046
1472
9666
9667
17860
26052
9669
1483
26059
1485
1487
26065
26066
1492
9684
17876
26070
9688
1497
1500
1501
17887
17888
9699
1509
17894
17895
17896
17899
1516
26092
1518
1519
17903
26095
17905
1523
9717
1526
1527
9719
17911
9722
17916
26108
26109
17920
9729
26114
9731
1540
17925
26117
9735
1545
9737
17929
26122
17932
17934
9742
1551
17935
26127
1552
9746
1555
26132
17943
17944
17945
17946
9755
1565
17950
9759
1568
17952
9761
17954
1572
1576
9769
17961
17964
26156
1581
9774
9776
1585
26161
17970
9779
26163
1589
9782
9783
9787
17979
1596
1597
1598
1599
17984
9793
17985
1602
17987
26182
17992
17993
26187
26189
26190
1617
9812
9813
18005
18006
26198
26200
1625
9817
1626
1628
26205
9822
26207
1632
9825
18018
9828
18020
26213
1638
26215
18024
1641
26218
1644
18028
18031
1648
9840
1649
9842
26226
1653
18038
26232
18041
26233
1659
26235
1660
1662
18047
26239
9857
9858
26242
1670
9862
26246
9863
1672
9865
9866
18058
26251
9867
18059
1676
18062
18063
26259
9876
26262
1693
26270
1695
26272
9890
18082
9891
9893
18085
9894
1704
9896
1705
9897
1707
1711
1712
18096
1713
18097
9907
9908
9909
18102
1721
9915
18108
1725
18110
9921
18116
26308
9926
26311
1738
1739
18123
1740
26316
1742
26318
18130
1746
1749
9941
1750
9942
26326
1752
18136
18138
26330
1757
1758
26334
18143
26338
26339
18148
26340
18149
18150
26343
9960
1769
9961
26345
9964
9965
9966
1776
18161
9970
18163
26356
1781
26361
9980
18172
26368
18177
1794
18178
18182
1799
9991
1800
18184
9994
9996
9997
18190
1806
1807
10000
10001
18194
1811
18195
18196
18199
1817
1819
10012
1821
10013
18205
18206
26398
18207
26400
1827
26404
18213
26406
18216
26409
18219
10028
26413
1839
10031
26415
26418
10036
26421
1846
18230
1848
18232
26424
26426
1853
1854
1858
18242
1859
10051
26436
10054
18246
26438
18248
1866
18250
26442
1867
1868
1869
10061
18253
26446
10064
18257
10066
18258
10067
18259
26451
26454
26455
10071
10072
18264
26456
1882
10076
10077
26461
10078
18273
1890
18275
26468
26470
18279
18280
26472
18281
10090
26474
1899
1901
26477
1903
18287
10096
26480
1905
18289
26481
18293
1912
10104
18296
10105
18298
10107
10108
18300
1918
26495
18306
26498
10118
26503
1929
26506
1932
10124
10127
18319
1936
1937
10129
26513
18322
10132
26516
26517
1941
1942
1945
10138
10141
18333
18334
26526
1952
18336
26528
18339
1957
10149
18342
1959
1964
10156
1965
18350
1967
18353
26545
10165
26549
18359
1975
26553
1979
10171
10172
26556
26557
10176
18368
1989
18375
18376
1993
26574
18383
18384
26578
10198
2008
26585
26586
26589
26590
2015
10208
18404
18405
2023
10215
10216
26600
2028
18412
2029
26605
2030
18415
2032
18416
26608
18417
18418
26610
2035
18420
2036
10228
26612
2037
18421
2040
10232
10233
2042
26619
2044
26620
10237
18430
10238
26622
10242
18434
26627
2054
18438
2055
10247
2056
10248
10249
10252
2061
18446
10255
10258
18451
10259
10262
26647
2072
18457
18461
10270
18462
26657
26658
2084
2085
26661
10278
18473
26665
2090
2092
18476
2095
2096
2097
26673
18482
10291
2100
10293
10296
2105
26682
18491
26683
10301
18493
10302
10304
26690
18500
10308
2117
18502
18503
2121
10313
2122
2123
18508
26700
26701
18510
18511
2130
26706
2132
10324
2134
18519
18524
26716
26717
2142
10337
18530
2147
26723
2150
2153
18538
26730
2155
10347
10350
10351
18545
10355
10356
18548
2165
10357
2167
26748
2173
26753
18563
18565
2183
2185
10377
18569
2186
18570
18571
10380
2191
18578
10387
26771
10389
2199
26776
18587
26779
26781
2206
10398
10399
18591
26784
26785
10405
26789
10406
26790
2216
2217
10409
2220
26796
18607
2224
10418
10419
2228
18615
2233
26812
26815
18624
10433
26818
18627
2245
18629
2246
26822
10440
26824
18636
26829
10448
18640
26832
18643
2261
26838
2263
2267
18651
2269
26846
10463
18655
26850
2278
2281
26857
18667
26859
2284
26861
10478
18670
26863
2288
10480
26865
2290
26869
10488
2298
26875
26876
18685
2302
2304
26881
18690
10501
10503
10505
18697
10509
18704
10513
10515
2324
26902
26903
18712
10522
10523
2333
26911
10528
18722
26914
10532
2342
2343
18727
26920
2347
18732
10541
2353
26931
2357
10549
18742
26934
2359
2360
26936
10553
18745
2362
18747
26941
26944
2368
18753
18754
2371
18756
18759
2380
2381
18766
2382
2383
2385
10578
18771
10580
18773
26967
2392
26968
2393
18777
10586
2396
10589
10590
2399
18783
18784
2401
10595
2405
10597
18790
2408
10603
10605
18797
26989
18798
10606
10613
18805
2422
10615
2424
2425
27001
27004
2430
10623
27007
2432
2434
10628
27012
2437
2438
18822
27014
18827
27020
27021
18830
27022
27023
10640
27024
10641
18833
10647
27033
27034
2459
18843
10652
27037
2464
10657
27041
2467
2470
10667
2476
10670
10672
18865
2482
10674
27058
18870
18871
2489
27066
18875
27068
2492
10684
18876
2494
10686
27070
2496
2498
2499
10691
18884
2501
27077
10696
27081
2506
10698
10699
27083
10700
10701
18893
2510
18894
2512
18897
2514
10707
18899
2516
18900
2517
18902
27094
2519
10711
27095
2521
10713
2523
2524
10716
18909
18910
27104
10721
18916
2535
10727
2536
18920
2540
10735
18927
10736
18928
18929
27121
10738
18930
27122
18932
2550
18937
2555
2556
10750
18944
2564
10756
2568
18952
27144
18956
27149
10766
2576
18962
2579
27155
10772
18964
2583
10775
27159
27160
2585
18969
10780
18973
2590
18975
27167
10784
2595
10788
27172
18981
27173
2598
18982
27174
2599
18985
2602
27179
10796
10797
10800
2609
27187
2612
2613
2618
10810
19002
19004
2621
10813
10816
10817
27201
10818
27202
10823
10824
2636
19023
2641
27217
10835
10836
19029
10840
2649
10841
10844
10845
10846
2655
2656
10849
2659
19045
27238
27240
19049
10858
27242
10861
27245
19054
19055
10864
27249
2675
19059
2676
10871
2681
10873
2682
10874
2685
2687
27263
2688
10880
19074
2692
27268
19081
10890
10891
27275
10892
10893
2702
10896
19088
2705
10897
27281
27282
27283
19092
2709
2710
27286
27287
10903
10905
19097
2717
2718
19102
2719
27295
10912
2722
10914
10915
27299
10917
10920
27304
27307
10924
19116
2733
10926
10928
27312
10930
2740
2742
27319
2744
2745
27323
27324
2750
2753
19137
19138
2755
27331
27335
10952
19144
27336
10953
19148
2767
19152
2769
10961
2770
10962
19154
2771
10964
19156
10966
2776
19162
10971
19163
19165
27357
27358
19168
27361
2786
10978
10979
10980
27364
2791
19175
2793
19178
27370
10987
27372
27373
27374
27375
27376
10993
27377
19187
27381
19190
19191
19192
11002
27386
11003
2811
19197
2814
27394
19207
11016
11017
19210
27402
11022
27411
2836
11029
11030
2839
11031
27415
2840
27417
2841
2843
19228
27420
19231
11040
19232
19233
11042
2851
27428
19237
11046
19239
19245
2863
19247
11057
27441
19250
27442
27446
11063
2871
27447
11064
19256
2873
19257
19258
27450
2875
19260
2877
11072
2880
11073
19266
27458
11076
27461
27462
11079
19272
27464
11081
19273
11084
2894
19278
27470
19279
2900
19284
19285
11095
2904
19288
19289
2905
27489
2914
27490
27491
11107
27492
19302
19304
27498
11115
27499
27501
2926
27504
2929
27505
2930
27508
2934
27510
2935
27511
19323
2940
11133
11134
27518
11135
11137
27522
2948
11140
19332
11143
19335
11144
2954
19338
11149
19341
27533
11151
19343
27535
2960
11152
19347
11158
19351
27543
19353
27545
2970
11163
2978
27554
2979
11174
11177
19369
27561
2986
27562
19373
2990
11182
27567
11184
2995
11187
19380
27572
19381
11190
27577
3002
27579
19388
19389
19390
27583
11200
3011
19396
11205
3015
3016
3017
3018
11210
19402
27594
3019
3022
27598
27602
3028
11220
27604
11223
27609
27610
27613
3038
3039
3042
3043
27619
19429
3047
11240
11241
3050
27629
19437
27630
11247
19439
19444
11254
11255
11256
27641
3065
19449
19450
27642
19454
27647
3075
11267
19464
19465
19469
3087
19471
27664
3091
27667
3092
19476
19477
19478
11287
11288
11289
3098
27675
11293
3102
11294
19486
19487
27679
27680
19489
27681
3106
19491
19492
11302
3112
11304
19496
3113
19499
3116
19500
19501
27694
3119
3121
19506
27699
27700
3124
27701
3126
19510
3127
19511
3128
3130
11323
11325
11327
19519
19523
11332
19525
11334
27721
11338
27722
3148
27726
19536
11345
27732
3157
27733
11351
27735
3160
3161
11353
27737
3163
27739
19548
11357
3168
11360
27744
19553
3171
19555
3174
3175
19559
19561
19563
27758
27760
11378
3187
11379
27763
11381
27766
27767
3193
19577
11388
27776
3204
19588
3205
3206
27782
11399
19592
27784
19593
27786
19596
3213
11405
27789
3214
19598
3215
11407
19599
11409
3218
11410
3219
19603
27797
11414
19607
27799
19608
27803
3228
19613
11424
11426
19620
27812
3238
19623
3240
27817
3244
11436
11437
11438
27822
19631
3247
27826
11444
27829
27832
19642
11451
11453
11455
11458
27845
3270
27847
3272
11465
19658
27852
11469
19662
11472
11476
27860
11479
3288
11480
3289
11483
3292
3294
27870
19679
3296
27872
27873
19681
3298
11490
19682
27874
27875
11494
3303
11496
11498
11499
19692
11501
27885
11502
19696
3313
19698
27890
11508
27892
3322
19707
3327
11521
3331
27907
3332
11525
11533
19725
3344
11537
19729
19730
19732
3349
27925
3352
11544
19737
19739
3356
19740
3362
27938
19747
11559
19752
27944
11562
27946
19762
11571
27956
27958
11575
27959
3384
19772
11581
11583
27967
3392
3394
27970
3395
27971
27972
19783
27976
3402
11597
19789
11598
27982
27983
3408
3409
11602
27986
27988
19797
27990
11611
11614
11615
19808
28000
28002
28005
3431
11623
11624
19816
28008
11625
19817
3434
19818
28010
28011
3436
19822
3440
3441
11634
3443
28020
19829
28022
28024
3449
28025
3450
19834
28028
3454
19838
11647
19841
11650
19842
11651
3459
28036
28037
3462
28039
11657
19849
3466
28042
28043
3468
3469
19854
3474
11666
19858
28050
11667
19859
11669
3477
19864
19866
3486
11678
28063
19873
28065
11684
19877
19878
28071
11688
28072
3500
28079
11697
28081
28083
11700
19896
11705
19898
19899
3518
11712
3521
3524
3525
11717
28101
11718
19910
3527
19911
11720
19912
3531
19916
11725
19925
28118
11735
19927
11736
19931
3553
19937
19938
28130
11752
19944
28136
28137
11758
19950
11759
11763
28148
3574
28150
28153
3580
3581
28157
11777
19972
28165
19977
11786
11788
19980
3597
28175
19984
19985
3603
19988
11797
19991
3609
11801
11803
11804
28188
19997
3615
11807
20000
11809
3618
11812
20004
20007
28200
28204
3629
20013
11822
20015
28208
11825
11828
28213
11830
28214
20023
11831
3641
11833
3642
11834
28218
3646
20030
28223
11846
20039
20041
11850
3660
28238
3663
20047
3664
20048
28240
20050
28242
11861
3671
20056
3673
20057
3675
11867
3676
20064
11873
20066
28259
3684
20077
3696
11894
11895
20089
3707
3709
11901
20093
20096
11909
11915
3724
11916
3725
20111
11922
20114
20115
3732
3733
3734
11928
20121
20123
11932
11935
11936
20128
3745
20130
3748
20132
3751
11945
20140
3758
11950
11954
20146
20147
3765
3766
3767
11959
11964
3773
3774
3775
11968
20160
3777
3784
20168
11978
11979
20172
20173
3791
3794
11987
11989
11990
20183
3800
3801
11993
20186
11996
3807
3809
3811
20196
3816
12008
12011
12013
3823
12015
12017
3826
20210
20211
12021
3830
3834
20220
20221
3838
12030
3841
20227
20231
20235
12044
12049
20241
12051
3860
20244
12053
12055
3864
20248
3865
20251
12063
12066
12067
20259
20260
20263
3881
3883
20270
20274
12084
20276
3893
12086
3895
20279
12095
3905
12097
12098
3907
12102
20295
3913
20297
3916
20300
3917
12109
20301
20303
3920
12113
12115
12117
3926
12122
20314
20317
12127
3937
3939
20323
3941
3943
12135
3944
3945
12137
20329
12138
3947
12141
12142
20337
3954
3955
12148
20340
12151
12153
3970
3972
12164
12167
3976
20360
20362
20364
3981
12173
3982
20366
3983
3986
3989
12181
12182
12184
20376
12186
3998
20382
20383
4000
20389
4006
20391
4008
20394
20398
20400
12210
4021
12213
12214
4023
20409
4026
20413
4029
12221
4030
4031
12226
4037
20421
4038
4039
20423
4040
4043
4046
20431
12240
20432
4049
12241
20433
4052
12245
4054
12246
20440
4058
20449
20450
4068
4070
4071
12264
4072
12266
4075
20460
12269
20462
4080
12274
4085
12279
12281
12282
12283
12285
4094
20480
12289
12294
12296
20488
4105
20490
12301
12306
20501
4118
12310
4122
4124
20509
4126
20513
4134
4135
20521
4139
20524
4143
4146
12339
4148
20535
12346
4155
12347
20540
20541
20542
20544
4161
20545
4165
4166
12358
12361
20553
4170
12366
20558
4175
12367
20559
20560
12369
20561
4178
4179
20565
12375
20569
4186
12378
20570
20571
12385
4194
4197
12389
12390
4201
20585
4202
4206
4207
4209
12402
12403
12404
4213
12407
4217
12411
4223
12415
12416
20610
4227
4230
12422
12423
20615
12428
20623
4239
20624
12435
20630
4247
20631
4248
12441
20634
20635
4253
4255
12447
12452
20648
4266
4271
20659
12469
20662
4280
12472
4284
20668
12477
12479
12481
20673
4291
20675
20676
4295
4296
12488
12489
20683
4300
4302
12494
4303
12497
20693
12502
12505
12506
4318
12510
4319
20705
4322
12514
20708
4326
12518
12519
4328
20712
4329
12522
20716
4334
12528
20720
12530
20723
4340
12534
4343
12535
20727
4345
20730
12541
4351
20735
4352
12546
4360
20745
20747
12556
12559
4370
12563
12566
20758
4375
4377
4378
4382
4387
4388
12581
4389
20773
12583
20775
4392
20777
20779
12590
4400
20784
12593
20789
12597
12599
12600
4409
4411
4412
12604
20796
4413
20797
4416
12610
4419
12612
12615
20807
4425
12618
20810
4427
4432
4434
12627
4436
4439
12631
4442
20828
4446
20832
20834
20835
4452
20836
4455
12649
12650
20844
12655
20847
4464
4467
4468
4469
12662
4471
4472
12664
12666
20858
4478
4479
20863
20864
12673
4484
4495
4503
12697
12698
4507
12699
20892
4511
4514
12707
4516
20906
4526
20910
12720
4531
20916
12729
4542
20926
20927
12739
12740
20932
4550
12744
20939
4558
12751
4560
12753
12754
4563
12755
20948
20950
4567
12759
20955
4572
12765
12767
20961
12770
20962
4580
20966
4583
4589
12781
12782
12783
20977
12787
4596
4597
20982
4599
12791
4601
12793
12798
20995
12805
20997
4616
21000
12810
4622
12815
4626
12819
4629
12822
21015
12824
12826
21018
4636
12828
21020
4637
4639
12832
21024
21029
12838
4647
4649
4650
12842
4651
21035
4652
4653
4654
21039
4656
21043
4659
12854
12858
21052
12863
21055
4672
12865
12868
4682
21066
21067
12876
21068
4685
4686
21071
12881
4690
21075
4692
12884
21076
21078
4696
21082
21086
12897
4707
4711
21095
21097
4714
21098
4715
21102
4718
21103
12913
4723
21107
4724
21111
4729
12921
4731
21115
4732
12924
4733
12925
12927
4736
12935
12938
4748
21132
4749
12941
4751
21135
12946
21142
12952
21144
12953
4763
12955
21149
12958
12959
12961
4771
4772
4774
4776
4779
4783
12975
4785
21169
4786
12979
21172
21173
4790
21177
4794
4796
4801
12994
12996
12997
21189
4809
13003
4812
4817
13009
21201
21202
13016
13018
21210
4827
4828
13020
21212
21213
21214
13023
21215
4832
13026
13027
21219
13028
21220
4838
13030
13034
21226
4844
21231
4851
4852
4853
21237
13046
4856
13048
21242
4859
13051
21244
21246
21248
4865
21249
13060
21252
13061
4870
4871
4873
21257
4876
4877
13069
21261
4878
21263
4881
13073
13076
4886
13078
21270
4887
4890
21274
13083
13084
4893
4895
4896
4897
4898
13091
13093
21289
13103
13104
13107
21301
4917
4922
13114
13115
4925
13118
21310
4927
13119
4928
13121
13122
21315
4934
4938
21324
13134
13136
21328
13137
13138
4946
21336
4953
13146
21341
21342
4962
13154
21346
4967
21352
4970
21355
13166
4975
4977
13169
21363
13172
21365
4982
4985
13177
21369
4987
13179
21371
4991
13185
4996
21381
13190
4999
13191
21383
21384
13193
5004
21388
5006
13198
21391
13201
5011
5016
13212
13213
21405
5024
21413
13223
21417
5034
13232
5041
13238
5047
13240
13242
21434
5051
21438
5058
5063
5066
21451
13263
5075
13267
21460
21465
5082
21471
5087
5089
13281
21473
5095
21481
21484
21485
13293
21486
21490
13299
21496
5113
13305
21497
5114
13306
5117
5119
5120
21505
13319
21511
13324
5137
13329
21523
5140
13334
13336
13337
21530
5148
13342
21534
5156
21544
5161
5162
13355
5165
13361
21554
21555
5173
5174
21559
21560
13369
5178
5179
21563
5181
13373
13374
13378
5188
5189
21574
5193
5196
21580
5199
21583
5204
21589
5206
21590
5207
13400
13402
21594
13403
13407
13410
13411
5220
21604
13413
5224
13418
5230
13423
13426
21618
13428
13429
13431
5241
13433
21625
5243
21629
21631
5248
13440
21634
5251
21638
5254
5255
21639
13449
13451
5261
21647
13456
21649
13459
5269
13462
21654
5271
5275
5278
13470
21663
13475
5284
13476
21671
5289
5290
21678
13487
5296
13488
5297
13490
5299
5302
21687
21688
13498
13499
21692
5309
21699
21701
13510
5320
13512
21704
5323
21707
21709
13518
21710
13523
21716
13526
21718
13527
21722
5341
21726
13535
13539
5350
5351
5353
21738
5355
13548
21740
5358
21742
13551
21746
5363
13559
13561
13564
13569
21761
13571
21763
5380
13573
5383
13575
5389
13583
13584
13586
5396
13589
21781
13590
13593
21786
13596
13601
5410
13602
21794
5411
21799
5418
13610
21802
5419
13611
21805
5422
5424
13618
21811
5428
5430
5431
21817
21820
21823
13632
21824
5441
21825
13634
21829
5447
21831
13640
21834
5453
21840
5457
5458
13653
21845
5464
21848
21849
5468
13663
13665
13667
21860
13669
21862
5481
13673
21866
13675
5486
21870
21872
21874
5492
13686
5496
21885
5502
21886
21887
5504
5506
5507
21893
5510
13703
5513
13706
21898
13707
21900
5517
5518
13714
13715
13717
21909
13722
5532
13724
5533
21919
5536
13728
21921
5538
21922
5539
13733
21925
13735
21929
13738
13742
5551
5553
13746
21938
13752
21946
5565
5566
21951
21957
21958
5576
5577
13770
21963
5580
13774
21970
21973
21975
5592
21977
21980
21984
5602
13797
21989
21991
13800
5613
13808
22001
13812
22004
22006
5627
5628
22013
13824
13826
22018
5636
22023
13832
22024
5644
5645
5647
5648
13840
22032
13843
22035
5655
5656
5660
5661
5662
13854
22047
13857
5667
5669
13863
22055
22056
13868
22060
13869
5678
5682
13874
22066
22068
22069
5687
22071
13880
22074
5691
22080
5698
13890
22082
13891
22084
5700
13892
5704
13896
5705
22089
13905
5713
5717
5720
13913
22105
22107
5724
5725
5726
5727
13920
22112
5729
13924
13926
22119
5735
22122
22123
13932
13933
13934
13935
5745
22129
5746
22131
22132
13940
5749
22133
5751
13943
5757
13949
13950
22142
5760
13957
5766
5767
13960
13962
5775
13969
13970
5780
22165
5782
22166
13975
5784
13976
13977
22170
5787
22173
5789
5791
22175
13985
5794
13986
13987
5796
13988
5798
22183
5800
22186
22191
14005
14006
5817
22202
5819
14011
14012
5822
22206
14015
14016
5825
14017
22209
22210
14019
14022
5831
14024
5834
22219
22221
22222
22223
14032
22225
5843
14036
5848
5849
22233
22236
14045
5858
14050
5863
22255
14064
22256
5875
14067
14069
22261
14074
22266
14076
5885
14080
5889
5891
22276
14086
14088
22281
22284
14097
5909
5911
22296
5913
22297
14106
5916
5919
14111
22306
14119
22311
5928
14120
5930
14125
5936
22321
5938
5941
14133
5943
14135
5944
22330
14139
14145
5955
22339
5958
22349
5966
14158
5968
14160
14164
22356
5973
22359
5977
5979
14175
14179
5988
22373
5990
5991
22376
14185
14187
5998
14191
22383
14192
6002
6003
14199
6008
14203
6012
14204
14205
14206
6022
14214
22408
22411
14223
6033
6034
6036
14229
6040
14233
22427
14236
22428
6045
6048
22432
22434
14246
22439
22440
22441
14251
6060
14252
6062
14254
22446
14259
22451
6071
6072
22456
6073
14265
6075
22459
22460
6077
22465
14274
22466
6083
14275
14277
6091
14285
22478
6095
14287
14289
22482
6102
6106
6107
14303
6113
14305
22497
14306
6115
14309
14310
22503
14312
22504
14315
6123
6124
14318
6127
14319
14323
6133
6134
14329
6139
14332
6142
14334
6143
6144
6145
14339
6149
22542
22544
14353
22546
6163
6165
14357
14359
6168
6169
14364
22556
14366
6175
14371
22563
6180
14372
14373
22565
6183
22570
14379
14380
22572
14381
22573
14382
22574
6191
14384
14387
14391
22583
14392
22585
14394
22586
22588
14397
22589
6206
14398
22590
14400
22592
14406
22598
14409
22601
6221
6223
14416
6225
6227
6228
6229
14421
14422
6231
22617
22619
6236
22621
6241
22625
6246
6247
14439
6250
14443
6253
22638
6255
22639
22641
14450
14451
6260
22644
14454
14455
14456
22649
6266
22650
6268
6269
14461
6271
22655
6273
6279
6284
14478
6288
6291
14483
14484
22683
14492
14494
6306
14498
22690
6308
14507
6320
14512
6321
6323
6326
6328
22713
6330
22714
14524
6333
22718
22722
14531
14533
22725
14534
14538
22730
6348
14540
14542
6352
6355
6359
22743
14552
14553
6362
22749
14558
6367
14560
14561
6371
6372
14566
6375
14567
14574
14576
14577
14578
22774
6391
14583
14585
22782
14592
22785
22786
14596
22788
22789
6407
14603
6412
22796
6416
6419
14611
14613
22808
14617
6426
22810
6427
22815
22817
6435
22819
6436
22820
6438
14630
6439
14631
6440
14632
6441
22825
14639
22831
14640
14641
14643
6453
14645
22839
6457
22841
14650
6462
22851
22852
6470
14662
22854
22855
6472
6475
14668
22860
14669
14673
22865
6483
22871
14680
6491
14683
14685
14688
14689
22882
22885
14696
6509
22896
6513
14706
6515
22899
14709
22901
22902
14712
6521
22905
6523
6524
22908
6525
22909
22912
6529
14721
22913
14723
22920
14730
6541
6544
22931
22933
6551
6552
14745
14747
6557
6558
14750
22943
22945
14754
6564
6565
14757
22953
14763
14765
22957
14766
14768
14775
22967
14782
6595
6601
14793
6603
14795
14798
6609
6611
6612
14804
6613
22997
6616
6617
23001
14810
14820
6628
6630
14825
14826
23019
23020
23022
14837
14838
23030
6652
14844
6654
14846
23038
23040
14849
14850
14853
6665
23049
6666
6667
14859
23052
14861
6672
14866
6676
6677
6679
23064
14873
6682
14874
23067
14876
6688
6689
23073
6692
6694
14886
6697
23081
6699
14893
23085
6702
14897
23090
14899
23091
14900
14901
14902
6711
6713
14907
23101
23102
14911
23104
6722
6724
6725
14917
14919
14922
14925
14927
23120
23121
23122
6741
23130
14939
23131
6749
23135
23136
23138
6755
14947
14948
14949
6759
14951
23143
14952
23147
6764
14960
23152
23154
14964
14965
23157
23160
6777
14969
6778
14971
23167
6784
23170
6790
23174
14985
14990
6799
6800
6801
14995
14996
23189
14999
23191
6808
15001
6810
23194
6811
15003
15004
23196
6815
23199
6816
6818
15010
23202
15011
15014
23206
6823
15015
23211
6827
15019
6828
23213
6830
15026
6837
23222
15033
6844
23228
15037
15040
23233
6852
23239
15048
6859
23248
6864
6866
15060
15061
6872
23259
15068
6877
15070
23262
15072
6884
23268
15077
23269
6886
6889
6896
15089
6898
15092
23284
6901
23287
15097
6906
6909
23293
23296
6913
6914
23298
15107
15109
23302
6919
23308
6925
23310
15121
15122
23320
15132
15133
6942
15134
6943
23328
15137
23331
23332
15141
6950
23335
6953
23338
6955
15147
15150
23343
6961
23345
15154
23347
15155
15158
15160
15161
6971
6972
15166
23360
15169
6979
15171
23363
6981
23365
15174
23371
15180
15181
15182
15184
6993
15186
23380
6999
15191
7002
15195
15196
23389
23392
15201
23394
15204
23396
7014
15206
7015
15208
23400
7018
15210
15211
23403
23404
7024
23409
23410
23411
7028
23416
15224
15228
23420
15229
23422
7042
7044
15239
23431
7056
15249
15250
7059
23445
7063
7065
15259
23452
23455
7076
23460
23461
7079
15272
23466
15275
15277
23470
7088
7089
23473
7090
15284
15286
15287
23483
23485
7102
7103
7104
15296
23489
7106
23490
23491
7110
23497
15306
7115
7118
15310
7128
7137
15329
7138
23523
15337
23531
15342
23535
7153
15345
23537
15346
15347
23541
15351
23544
23545
15354
23547
7165
7167
7169
15362
23555
23558
15369
7178
7181
15380
15383
7194
23578
7195
15387
23579
7199
15391
23585
23590
15402
23594
23597
23606
15416
23608
7227
7232
23620
23621
7238
23622
15432
15435
23628
15437
7247
15439
23635
7254
23638
7256
15448
15451
7260
15453
15456
7265
15457
23649
7267
7269
15462
7271
7275
15472
23665
15476
23668
7287
23673
15482
23679
7297
7300
23687
15496
7306
15498
15500
7311
23696
7315
23700
15509
7321
7322
7323
7324
7326
23710
15520
7329
15521
23714
15525
7335
7338
23723
15532
7342
23726
15535
7345
15537
15538
7347
7348
23732
7349
23737
23739
15549
15551
7360
15552
7361
15554
23746
15556
7366
23751
23752
7374
7377
23761
23767
7385
15577
7386
15580
23772
23773
23775
7392
7393
15587
7397
23786
7403
15597
23789
7409
15601
23794
7411
23795
7412
7413
7414
15606
15609
7422
23809
7426
23812
15621
15622
7433
23817
7434
15627
23824
7445
23832
7451
7452
23839
23840
15653
7462
23846
7463
15655
23847
23848
7467
15660
7469
15661
23856
15665
7474
15666
23858
7475
23864
7481
15673
7482
23869
23870
7487
7488
23872
15681
15684
23876
23877
23879
15688
23882
15691
23884
7502
23887
15695
15697
23891
7520
15712
7522
7524
15716
23910
23912
23915
7532
7533
23917
15726
23918
15727
23921
15730
23923
15735
7544
23928
15738
15744
15747
23941
23944
7561
15753
23946
7565
15757
15758
15759
23953
15764
7575
15768
7576
15771
15774
15776
7585
23969
15779
23972
7589
7593
23977
7594
7596
23980
15794
7603
15797
23989
7607
15799
15802
15805
7618
7622
7623
24010
15819
15821
24013
24014
7633
24018
7635
15832
24024
15834
15835
24028
15838
7646
15839
24031
15843
24035
15845
15846
7656
24040
15849
15851
24043
24044
15854
7663
24051
7670
24061
24063
24064
7682
15874
24068
7685
15878
7687
15879
15880
24075
15884
7693
7694
24078
15889
15890
7701
15893
15894
24088
7706
7707
24092
15903
15904
15905
7717
15909
7718
7722
15914
15916
24108
15922
24114
7731
24115
15924
24118
24119
24121
15933
7742
15934
7744
15937
24129
7747
7748
15942
7751
15943
7752
7753
24138
15946
7756
7757
15949
15952
24147
7765
15958
24151
24152
15961
7771
15963
15964
15966
24159
24161
15970
7779
7781
24165
15974
24167
24172
15985
7796
15988
24180
7797
7798
24186
24189
15998
24190
16000
7809
16005
7814
16008
16010
7821
16013
24205
7822
16014
24207
7829
16021
7831
7832
16026
24218
24219
24220
7837
24221
7839
16031
24228
7845
16038
16041
7850
7854
16046
24238
7855
7856
16049
7864
16058
16060
16061
24253
7870
7871
16063
24257
7874
7879
7880
24264
16074
7891
7892
7893
16085
24277
7894
16087
7896
16088
16089
7898
7899
24283
16092
16096
16099
16100
16101
16102
7912
16104
7914
16106
7915
24299
16108
16111
16112
7923
16116
24309
24310
16121
24314
7931
16125
24317
7936
16130
24322
16133
24326
24327
24328
7945
16137
24330
7948
16141
7951
7954
24338
16148
7958
7960
24344
16155
7965
24350
24351
7970
16163
24355
16164
16166
16167
7977
16169
7978
24362
7979
24363
24366
7983
7985
7992
24376
7993
7994
16186
7995
24381
24382
16190
8001
16193
24387
24388
8008
24392
16202
8011
24395
16206
8015
8016
16211
8020
16212
8025
16218
8029
8031
24415
24416
16230
16231
24424
8040
16233
16234
16239
24434
8050
16242
16245
8054
8055
16247
24439
16248
16249
8058
8060
24446
24449
8066
8067
16259
8072
8076
16268
24460
16269
8082
24468
24473
8091
24476
8093
16285
8095
16292
24485
16294
24487
8110
24494
8112
24497
16306
16307
24501
24506
24507
8132
8133
8135
8136
8137
8138
24523
8140
16333
24525
24526
24527
16336
8150
16343
24539
8156
16348
24541
24543
8162
8163
8165
24550
8169
8171
16364
24556
8174
24558
8175
8178
8180
8184
16381
16383
24575
11
128
225
390
264
457
443
203
429
478
14
383
