408
1026
2051
3
5
8
2056
9
1035
2060
13
1040
2065
2066
2069
22
26
1050
28
1054
2079
1056
33
2081
1058
1060
1064
1065
2091
1069
47
2097
49
2098
1075
54
56
1084
2112
2118
2119
71
1097
75
1103
1105
1106
82
2130
2131
83
2134
86
88
1112
2142
2144
97
100
2149
2150
1126
104
2156
1135
112
1137
118
2168
2169
2171
1150
1151
1152
2182
1160
140
2189
1165
142
144
1169
2194
148
1175
1176
154
1180
157
159
162
1188
165
1190
2217
1195
2225
1203
2231
184
1213
189
2243
1228
205
2255
208
1233
1234
2259
2262
215
216
2264
1241
2267
1248
1250
2276
228
1253
230
1256
233
1257
2282
1260
2286
241
2292
1272
2297
253
254
1280
1281
257
263
267
1292
2316
2317
1294
270
2319
1296
272
274
1301
2334
289
2341
293
297
1321
1322
2346
304
1332
2362
316
319
2368
1345
1346
2371
1349
329
2377
1353
331
1359
2384
2385
337
1366
2394
1370
346
1371
2396
349
353
1379
355
356
358
1382
2407
2413
368
2417
369
1395
372
2423
375
1402
2431
1410
2434
389
390
2438
1416
2441
2443
2446
1426
404
409
1436
419
423
1453
429
431
433
1464
1465
1466
1467
443
1472
450
453
456
1482
1483
459
460
1488
468
469
1493
471
1496
1498
480
481
1507
497
503
505
1529
1531
1534
1537
518
523
1552
529
1554
543
1568
1570
1571
548
1574
558
559
1583
561
1588
1593
1606
1614
597
601
1643
624
625
628
1653
1654
1657
634
1660
638
1664
1665
642
1669
648
1673
1676
1680
657
1685
663
1690
666
667
1691
1692
668
672
674
679
1703
681
1706
1710
1716
1720
697
703
704
1731
1741
1742
718
727
1754
733
735
1759
741
742
1766
743
1771
1773
749
751
1781
1784
764
766
770
776
777
1805
782
1807
784
785
1810
788
1814
1818
795
801
802
1827
804
1829
806
808
1843
1845
825
1850
1855
1856
836
1864
842
1877
858
1882
864
869
871
1899
1902
883
1911
1913
890
1915
1917
1928
911
912
916
1941
918
1944
1950
932
1960
1965
943
1970
1974
1977
1984
961
963
1989
966
1993
1998
975
976
980
2011
993
2018
1003
1004
1005
2033
2034
2035
1018
1021
2047
17
96
1
34
101
6
134
8
138
107
48
112
18
19
53
86
122
125
