456
2049
1027
2051
1028
9
1034
2059
1036
16
2066
2070
2071
30
2079
1056
1062
1063
44
2094
2095
57
2108
1088
1089
2115
68
2117
1093
1096
2120
2124
77
1102
2129
83
1107
2132
1109
1112
1113
2137
93
2145
1121
98
2151
105
1134
1137
1139
119
1143
120
122
1146
1147
124
125
1149
126
2176
1153
131
133
1159
135
2185
1163
1164
140
142
143
146
2197
151
2201
1177
1178
2203
2205
2206
2207
162
1189
2214
1190
2216
2218
170
171
175
1202
178
2227
181
1206
2230
1207
2231
1208
2235
190
195
1220
197
198
1225
1226
204
2255
2259
217
1246
2271
225
2275
2276
1253
230
1254
234
2282
2285
238
239
2287
241
2290
245
2294
248
2298
1278
2303
2309
263
2313
267
268
2317
1294
2319
2328
1306
2332
2333
2335
1314
2338
2339
291
2343
1320
297
1321
1322
2349
2351
1331
1334
1335
311
2361
316
317
2365
2366
1343
2369
321
1346
2372
2373
328
330
2379
1356
1357
2381
337
2386
341
2394
2395
2397
1374
2399
352
1377
354
2403
357
359
363
2412
367
2416
2417
1396
2423
1399
1400
376
378
385
1409
1411
388
2436
1414
1418
1421
397
2447
401
402
2455
1434
1435
2465
420
1445
2469
2470
1448
1449
429
432
434
1460
2485
1461
2488
2489
441
1466
2490
446
2494
2495
1474
450
2500
453
455
456
459
2507
460
1484
1485
461
2510
2512
2513
465
468
1494
472
2520
2521
2522
1499
1500
477
1502
2529
1505
483
488
1513
1517
2543
1521
499
2550
503
1528
1534
2561
514
519
1544
521
2569
535
1562
2586
539
1564
2588
2589
2591
551
552
554
2603
1581
1582
559
1584
1585
564
2612
1589
1592
572
1596
577
1602
1607
583
1613
594
596
1622
1627
613
1643
625
1649
626
629
1658
638
1663
1669
647
652
1677
655
656
1681
661
1685
662
1691
668
1695
1696
673
674
675
684
1712
1714
692
1717
1718
694
1728
1729
1732
708
1733
1736
713
714
1739
1743
731
740
1765
1767
744
745
749
1773
753
1783
1786
1788
764
1794
1797
777
781
786
1810
787
1818
799
1825
802
804
1828
1832
1834
813
1842
819
1843
1844
1846
823
824
825
1849
1855
1860
1867
1868
1869
1871
853
1877
855
1887
864
867
1892
876
877
884
1908
888
893
897
901
1926
1928
904
1929
910
1939
920
928
1959
1963
940
1964
1965
953
957
1984
1988
968
1992
1993
970
1994
1997
975
2001
2007
984
986
2012
990
996
997
998
1001
1002
1007
2039
161
0
1
2
3
4
5
6
7
8
9
10
11
12
13
14
15
16
17
18
19
20
21
22
23
24
25
26
27
28
29
30
31
32
33
34
35
36
37
38
39
40
41
42
43
44
45
46
47
48
49
50
51
52
53
54
55
56
57
58
59
60
61
62
63
64
65
66
67
68
69
70
71
72
73
74
75
76
77
78
79
80
81
82
83
84
85
86
87
88
89
90
91
92
93
94
95
96
97
98
99
100
101
102
103
104
105
106
107
108
109
110
111
112
113
114
115
116
117
118
119
120
121
122
123
124
125
126
127
128
129
130
131
132
133
134
135
136
137
138
139
140
141
142
143
144
145
146
147
148
149
150
151
152
153
154
155
156
157
158
159
160
