615
0
1026
1027
3
4
8
9
1033
11
1035
12
1036
1039
1040
18
1043
20
1046
22
1047
1049
1050
28
1052
1053
32
33
1060
38
39
1064
43
1067
1068
46
1070
1071
1072
1073
1074
1076
1077
1078
1079
56
57
1084
61
63
65
1089
1090
67
1091
68
69
1093
72
73
1098
1099
1101
1102
1103
79
80
1107
1109
1111
88
1113
91
1115
93
95
1120
100
101
1125
105
1130
1131
113
115
117
1141
1142
118
120
1145
121
123
125
1149
1152
1153
130
132
133
134
1159
1161
1162
140
141
1167
1168
144
1172
150
153
154
1178
155
1180
156
1181
159
1183
1184
161
1186
1187
1188
1189
167
169
170
1196
1197
173
1199
176
1200
177
1201
1202
1203
181
1205
1206
183
1207
185
186
1211
188
190
191
1216
192
193
1217
195
198
200
201
1225
1227
1229
1230
207
1231
1232
209
1233
210
1237
1238
215
1239
216
218
1242
221
223
224
1248
225
226
227
1251
1257
233
234
235
1259
236
1260
240
1264
241
1267
243
1271
248
1273
250
251
1275
1276
1277
254
1279
258
259
260
1284
1285
264
265
269
1294
1296
1297
1298
275
276
277
1303
281
1305
282
1306
283
284
1310
286
1312
1315
1316
1317
1318
295
1322
1323
300
1324
302
1326
1327
305
1332
309
1334
1336
1338
316
1340
1342
320
1344
321
1346
1349
1350
1353
1354
332
1357
1360
1361
337
1362
341
342
1366
344
345
347
1371
348
1375
351
352
354
355
1380
356
1381
1383
1386
1390
1392
369
1396
373
375
376
1401
378
1402
379
1406
383
1407
1410
387
1413
394
1420
1422
1423
400
1424
401
1425
402
1426
403
1429
1430
1431
407
408
1436
1437
1438
1439
416
1440
1441
1442
1444
1446
1448
1451
1453
429
1454
430
431
1456
433
1457
1458
1459
437
1461
438
439
1463
440
441
1465
1466
1468
1469
1470
1471
447
1472
1473
451
452
454
1478
455
456
1480
1482
1484
463
1487
465
466
1490
1491
468
1493
471
1495
472
1497
1498
474
475
476
1501
1502
481
482
483
1507
485
486
487
1512
1516
1520
1521
1524
501
504
1528
505
507
1531
508
1532
510
1535
1536
512
513
514
1538
517
518
520
521
1545
523
1547
1548
526
527
530
531
537
539
1564
1565
1566
542
1572
549
1573
550
1576
1577
1578
1579
1584
1585
1586
564
565
566
1590
568
1592
569
570
575
1599
578
581
582
584
588
590
593
598
600
604
605
606
608
609
612
615
621
622
626
628
638
639
645
647
652
653
654
657
658
664
665
666
667
668
670
673
674
675
676
679
681
685
689
691
694
696
698
700
702
703
705
707
709
715
722
723
724
725
729
733
734
742
745
746
747
750
753
754
757
759
763
764
769
777
779
780
781
785
787
788
791
792
796
797
801
802
803
807
811
812
816
818
823
825
826
831
832
834
835
838
841
842
843
844
847
848
849
851
852
853
856
858
863
866
868
869
872
873
876
879
880
886
897
902
903
904
907
908
909
910
916
917
925
928
938
943
951
952
953
957
958
960
962
966
968
972
973
975
976
978
980
981
982
983
984
988
989
992
994
997
1000
1001
1005
1007
1009
1011
1020
1021
1022
108
256
257
1
2
259
3
4
7
9
266
268
16
273
276
21
23
282
283
27
28
285
288
36
292
38
296
42
300
47
49
305
308
53
309
62
64
65
67
324
69
72
73
77
334
82
339
341
342
343
88
345
350
95
97
356
100
101
357
358
102
103
363
364
109
110
368
114
373
378
379
125
126
131
132
134
138
147
148
153
154
155
157
159
162
167
171
173
174
176
182
187
190
191
192
196
199
204
205
211
212
215
217
219
228
241
244
248
252
1.53