1835
4096
0
4100
8197
4104
4107
13
16
4115
8215
25
4126
4130
37
4134
41
8237
4143
48
4147
4151
62
4158
8256
4161
4162
8258
4166
4167
4178
4180
8277
4181
87
90
8283
94
4197
103
104
4205
8304
114
8307
4212
4213
8311
4215
8312
121
135
4234
4237
8342
151
4247
4252
4255
159
4259
4260
4261
4265
4266
171
8364
8366
4273
8379
187
8380
8385
198
4297
8395
4300
4301
4302
217
8415
4321
8419
4323
4324
228
4327
8424
4337
243
247
8442
253
8445
4350
8448
4353
258
4355
259
4356
8452
4358
8458
267
8460
4365
271
4370
275
4372
276
278
281
8479
291
292
298
302
8499
311
315
4414
4417
8517
333
4432
8529
4438
8534
345
346
4442
4445
349
8543
8544
4448
4450
8546
8549
8557
368
8562
8564
4472
4473
378
8574
4479
383
8576
4481
8578
4483
8581
389
8582
8583
4488
395
4493
8592
406
412
8605
4511
416
8610
4515
4522
426
4525
430
8623
432
8625
8628
438
8630
440
8633
8634
443
4540
8636
4543
447
449
450
8644
457
8650
459
8651
460
8654
4561
8658
467
4565
8662
8663
4568
8666
4575
486
4586
4589
8686
4592
4593
500
501
504
8697
507
8699
8701
511
8704
4609
8708
4612
4614
4616
8713
522
8714
8716
4620
525
4622
527
4625
4626
530
532
4629
8727
4631
535
4632
8733
4638
544
4643
8740
8741
554
4650
8747
4652
4654
8751
560
8752
563
8764
4668
573
8769
582
8777
8779
4689
594
4690
4691
8787
8788
4700
4707
4708
8804
4709
8805
8807
618
621
8814
622
8817
4722
627
4724
4725
8823
8824
635
4734
8830
639
649
655
662
8854
4760
671
672
675
8871
4776
8875
687
8884
8887
8889
4795
699
4804
8901
4805
714
8911
4817
8915
8920
732
4829
4830
735
8928
4833
4842
8939
748
8942
751
752
8946
8950
4854
4856
762
8956
4862
4863
4865
8962
771
8964
4869
775
779
4876
789
8985
793
4891
4892
797
8997
4906
9003
813
817
9009
818
819
9011
4918
827
4925
830
831
4927
9023
4931
4933
9029
9030
840
4937
842
9035
9036
845
4941
9037
847
4945
4950
857
4953
860
864
4960
9056
869
4968
9064
9068
9071
4980
4983
888
889
9082
9083
4987
9084
4988
9087
897
901
9094
902
5000
5001
906
908
9102
5008
5009
914
9106
9108
9109
9110
918
5014
9111
5016
5017
921
9115
5020
925
926
9118
936
9130
5034
9131
9133
5037
944
5041
9139
947
9142
9146
956
5052
9150
5057
9154
964
9156
9160
5064
969
9162
972
5069
5070
9168
979
5075
9172
9174
5078
983
985
987
5085
5086
9182
991
5088
9187
9188
5092
997
9195
1004
9196
5102
5104
1008
9201
5107
1013
5111
5113
1019
5116
1022
5118
9215
1024
1026
9221
9226
1034
9229
1039
1040
9232
5136
1041
5139
1044
5141
1046
1052
5150
5151
9248
5155
5156
9254
1062
5162
9260
1070
9264
5168
9269
1081
5177
5178
5185
1093
1094
9287
5195
9292
5196
9294
9295
1103
9297
1110
5207
1112
9304
1117
5220
5224
5226
9323
5228
9325
5229
1134
1135
5231
9328
5233
9337
9345
9349
9351
1160
5258
5262
1167
9362
9364
1172
5269
9367
9369
5278
9376
1189
5287
5290
1197
5298
5299
1206
9402
9407
5313
1218
1220
5318
1224
1225
9419
1228
1229
5326
1231
9424
5331
5333
5334
5335
5337
1243
1244
9439
5344
5345
9442
5353
9449
5360
1265
9459
1270
1271
5368
5370
9468
1276
9469
1280
9472
9473
9475
9476
5384
9483
5388
1294
9486
5390
5394
9491
5401
5403
5406
1311
1312
9509
5414
1319
9515
5424
1330
5427
9523
9524
1334
9526
5433
9530
1340
9532
1341
1342
9537
5442
1346
9540
1348
1356
9551
5455
9552
9555
5460
5462
5464
9560
5468
1373
9565
5472
1378
5476
5477
9574
9578
1387
9580
5486
1398
9591
9592
5499
1406
1408
5505
5512
9609
5513
9610
9611
5519
1423
9616
5523
1428
5527
9625
9629
5540
1444
1448
1449
5548
5552
5553
9650
9653
9655
1467
9662
1471
5568
5571
9668
1482
1488
5589
9689
1499
1500
5597
1502
1504
9698
9699
5606
1512
5612
9710
1519
9713
5618
5621
5625
9722
5627
1532
1534
5631
1536
9728
9729
1538
1540
9733
5639
9740
5646
1551
5647
5648
9744
5649
5650
5653
5658
9755
5660
1567
9762
9765
5671
1575
9770
9771
9772
9773
1581
5680
9778
5682
5685
5686
5687
1594
5690
9790
1600
9798
5707
1613
5710
5711
9811
9812
5717
1623
1624
5721
5726
1631
5727
1633
9826
5732
5735
1642
5741
5743
9841
5746
5748
1654
9846
5752
1656
5753
1660
9858
1667
5766
1672
9868
1681
5778
9874
1684
1686
1687
9879
9881
9887
9893
5800
9897
9905
5811
9914
9916
1724
1725
5823
5825
5830
1734
5835
1742
5840
9938
5845
5847
1752
1755
1756
5858
5859
5862
1769
9964
1774
5873
1778
1779
5876
5878
5879
9977
1787
9980
5890
9989
1799
1800
5896
1802
5899
1804
10001
5907
1816
10011
1820
10012
1822
10019
1830
5926
1832
10026
5931
1847
10041
1852
5949
5952
5953
5958
1863
10056
5963
5964
1869
10061
10062
1870
10063
5969
10067
1880
10077
5985
1893
5994
1899
10092
1900
5998
10094
1906
6002
10101
6005
10103
1914
10106
1916
6012
10109
6015
10113
6018
10116
6025
6026
6030
10128
10129
1939
6042
6043
10140
10142
6047
1953
1955
10151
6062
6064
10161
10162
10165
10167
10169
10172
10177
1985
1986
6083
10181
10187
10191
6097
6098
10194
2003
6099
2004
2005
6104
2009
10204
6112
2023
2030
10229
6134
2042
10235
10239
10243
6149
2055
6151
2056
6156
2061
6158
2062
10259
2067
10260
2069
6166
6183
10279
2087
2090
10286
6191
6193
10290
10294
6201
2107
10299
10306
10308
10311
6217
6223
6227
2133
2137
10330
10331
2141
6238
2142
6240
10336
6243
2150
6246
2151
6248
10349
10350
10354
2162
10355
6261
6264
10365
10367
6276
10375
6279
6280
10376
10380
10386
6293
2200
2202
6299
6304
2208
10401
6308
10405
10406
10407
6311
10416
2226
6322
10421
6326
6327
6328
2236
6335
2241
10434
2242
10437
10441
6350
6352
2257
2258
10451
6356
2260
6359
6362
2274
6376
2284
2286
2287
10479
2294
6397
6398
10494
10495
2306
10500
6407
10503
10505
2313
6409
6410
10507
10508
6412
10510
2320
6421
6423
2328
10520
10521
10522
6427
2334
6434
2338
6437
2342
10535
2344
6440
2351
10544
6451
10547
6453
6455
10551
2362
6463
10560
6465
10563
2372
6475
10574
2382
2383
6487
6488
2393
6489
2394
6494
6495
2401
2403
6505
10602
10605
6510
10610
6518
2423
10616
6521
6522
6523
10623
2434
2435
10629
10631
2440
6536
10633
10637
6543
2447
6550
6551
10647
10648
10650
10653
10656
6561
6564
6565
10664
2473
2475
2476
10669
6573
6577
10674
10678
10681
2489
6586
2491
10686
6593
10689
10692
2500
10694
2506
10698
10699
2507
10702
6609
10709
6613
10711
10713
2523
6619
10721
10725
6630
10728
6633
10731
6643
2547
10742
10743
10746
10749
10750
6658
2565
6664
2573
2574
6670
10769
2578
6674
2583
6680
10777
6682
2586
10778
6684
10782
2592
10785
2595
2598
6695
10792
6697
6700
2605
2606
6708
2612
6709
2613
10811
6717
10814
6718
2629
6725
10823
2633
6731
6734
10831
2644
10840
6744
6746
10844
2655
2658
2659
10853
2663
2666
6767
10864
10865
10867
10868
6773
2677
6780
10876
10877
10883
6787
6788
6790
10890
6796
10892
2700
10893
6798
2705
6804
10900
10901
6808
6811
2716
2719
6816
10916
10931
10932
6838
2743
6842
10938
2751
10947
2758
10950
2761
6858
6859
2763
6862
2766
2770
6866
6869
6870
2775
2778
10972
10980
2791
6888
10984
6889
2797
6894
10991
10992
2801
10995
6899
10998
6902
10999
6906
11002
11008
6913
2817
6916
2821
2822
6919
2824
6921
11021
2829
2837
11031
6941
11039
6945
6947
11048
2856
6953
2859
6957
11053
6961
11059
11063
6968
6969
6970
11073
6979
2884
6982
2888
11080
2889
6988
2892
6989
6992
2898
6995
2901
11093
11094
2902
7000
11097
7006
11106
2914
11109
7018
2922
7021
11118
7024
11120
2929
2930
2931
7028
2934
11127
7031
7033
11132
11133
11136
11138
7043
11139
11141
2949
2950
2952
2955
2961
7059
11155
11156
2966
11160
7066
11164
2974
11166
11171
7076
7077
11173
11174
11176
2984
7082
7086
2992
7090
7091
7092
11189
11194
3002
11195
11199
3009
7106
11203
11205
7112
3016
11208
3018
7115
11211
3029
11221
7129
11227
11228
7139
11235
7141
7142
11240
11242
11243
3053
7149
11249
7153
3064
7160
3065
7162
7164
7167
11265
11273
3082
11275
3085
7183
11281
7186
7188
3095
11288
7193
7194
7196
11295
11297
7202
11298
7203
11301
11302
3110
7208
7211
3118
7216
7222
11321
7226
11331
7236
3142
11334
11337
7242
3146
7243
7247
3152
11345
3159
11353
3164
7260
7262
7264
7266
11362
11365
11371
7275
3180
7277
11374
7280
7281
7285
7289
3196
11390
3199
3202
7300
11398
3207
3208
7304
3213
11405
3214
7310
11415
11416
7321
7325
11425
11426
3234
7330
7334
7336
3242
7338
3245
11438
11439
11441
3249
7346
7347
3254
3259
3260
7357
3262
3264
3265
7362
7368
3275
11468
11470
7374
3278
7380
3287
11479
11482
3290
3292
3294
7391
11487
3295
11488
3305
7401
11497
3306
7407
3311
7408
3313
11510
3318
7417
3321
7419
11516
3324
11517
3328
7425
7426
3334
11526
7430
7431
7433
11530
3343
3346
3347
11540
3352
7450
7452
3359
3360
3361
3362
7474
3378
7476
3381
3383
7496
7497
3403
7499
3410
7508
7516
3423
7522
3427
3428
7527
3432
3436
3438
7534
7535
7548
7553
7556
3461
3463
7569
3476
3479
3482
3483
3486
7585
3490
3493
7591
7593
3498
7594
3509
3516
7617
3523
7624
3529
3530
7626
7636
7638
3544
7645
3553
3559
7660
3569
7670
7671
3577
3583
3584
7680
3587
7690
3595
7692
3600
7698
3605
7709
7713
3620
3621
3623
3626
3627
3628
7725
7726
3632
3637
7734
7735
7747
7752
3662
7761
3666
3669
7770
7775
3680
3681
3682
7781
7783
3689
7798
7799
7804
7805
7806
3714
3719
3720
3721
7818
7820
3735
7833
3741
7839
3747
7844
7847
3752
3755
3771
7873
7874
3778
3781
7882
3789
3791
7894
3800
3801
7900
3806
7918
3825
7925
3832
7931
3836
7934
3849
3850
3853
7951
7953
7954
3859
3860
3862
7961
3866
3868
3871
7974
7976
3882
3885
7991
7993
7994
7996
7997
8003
8005
8014
3919
8016
3922
3926
3932
8030
8031
8032
3936
3940
8037
8040
8044
3949
3954
3955
8052
3963
8059
3965
3968
3973
3977
3984
3985
3989
3991
8087
3995
3997
4001
4002
4015
8117
8118
4022
4023
4024
8123
4028
4029
8128
4033
4036
4038
4039
8136
4044
8150
4057
4058
8156
8167
4072
4073
4075
8176
8177
8182
4088
4091
8190
14
166
266
298
331
334
367
243
147
19
309
216
285
287
383
9.73