4300
16384
32769
32770
16387
24580
32775
24584
9
24590
15
32783
32784
17
18
16403
8213
32789
8215
32794
16416
8226
34
32803
24612
37
32805
38
24616
32808
8235
8238
51
56
16441
8252
8253
62
8254
32833
24645
32838
8263
72
24649
24651
8268
77
8270
24654
8272
16467
24660
32852
16469
86
24662
24667
32859
8284
16476
8285
94
8286
8287
32863
24674
8291
24676
16485
16486
32870
24679
32871
8298
24684
8301
16496
113
16500
24694
8311
8312
8313
16506
126
32897
24707
32899
132
8334
144
24722
147
16533
32917
16538
24730
24733
158
8350
162
24747
32939
173
16558
16560
24754
32948
185
16574
8382
24767
8384
32961
195
16579
8388
8390
203
24779
204
24781
8400
209
24787
16597
16598
219
220
24796
221
8413
223
16609
24804
8422
16615
16616
33000
237
24813
239
24816
8440
8441
16635
33019
33022
16639
24832
8450
8451
33027
260
24836
8453
24841
8458
33034
267
24845
8463
8473
24858
8475
8478
24862
8479
24867
292
8484
297
16682
8492
8493
313
33082
8507
33084
8512
24896
321
322
8515
24903
24906
333
33101
24910
336
339
24915
16725
33116
33119
8551
24937
33129
33130
24941
16749
369
16753
16761
379
16765
16769
386
387
24964
24966
391
8584
8586
24972
8600
409
33181
8606
418
8610
33186
8611
16804
16807
33192
25000
427
33196
429
8623
33201
16818
33203
436
438
33206
16824
25016
33214
450
16837
454
8648
8651
461
33231
33232
25043
33237
8662
16856
8665
33241
8668
477
33245
33247
8675
25059
25063
25064
489
33257
33258
33263
8688
8689
25073
8690
33266
33267
8693
8695
25080
33274
8699
25083
16892
16896
8705
516
16900
33285
8709
518
519
8711
520
33295
528
16912
529
8721
16913
33297
16914
33299
16916
33301
535
33303
8728
537
8732
8734
548
33317
16934
16936
25128
555
16940
557
8749
16941
558
8751
25135
16946
563
8759
33340
573
575
8768
577
8771
25156
583
25159
16971
33355
8780
588
8781
589
16975
8787
33363
599
33368
25180
16990
33376
16992
609
25185
8802
33380
16997
615
25193
620
17005
622
33391
625
8821
631
632
25209
33404
8829
638
17023
8832
641
33411
8837
25221
33414
8839
17032
650
651
17036
25228
33420
33421
8849
33426
8856
8857
17049
17054
672
8864
673
674
8866
33444
679
33448
8873
8875
17068
25260
17069
8879
689
8881
690
8883
8884
17081
17082
8891
25275
8892
25276
8895
704
705
706
707
25283
709
8908
17103
8913
8914
17106
17111
8922
33501
735
33504
25313
743
33513
17133
752
8944
33520
753
33523
17140
763
8955
764
25340
8959
25345
8962
25350
777
17164
782
33551
783
8975
25359
8980
25364
25365
792
25368
793
33563
33564
8991
8993
33570
25381
17190
8999
808
33576
33577
17196
17197
25390
9009
25393
9010
25395
33588
822
17207
25400
824
17211
9021
33599
17218
9028
25413
17222
25415
33607
840
9032
17224
17225
33611
845
17231
9040
17232
17234
853
9046
9047
9051
861
33632
17249
9058
17250
25442
33634
33637
9063
9064
9066
9069
25454
879
33647
9073
9074
25458
17267
25459
25461
17270
17271
17272
25465
33657
17277
9086
897
33667
33668
901
25477
902
17286
25478
33672
25481
17294
910
9103
25487
912
25489
17299
25491
17300
17304
25498
9115
9116
9123
17318
17324
943
9138
17330
17332
25524
17333
9142
25527
954
33723
33727
962
17347
25539
965
9157
25541
966
33738
33742
17359
25551
9171
17364
25557
25563
989
25565
990
992
9186
25572
9193
1002
33770
33772
9198
33774
25586
17396
9205
1017
33785
1019
9211
17405
1022
9214
1023
17408
9218
1028
9223
9224
25608
1034
9226
17419
33804
25613
17422
9232
1042
1049
25625
1051
25633
17447
25640
1067
9259
9260
1069
17453
33837
33841
33845
1083
25659
1085
25665
1090
17478
25672
17481
25673
9290
9292
25685
17495
33879
1113
33881
1115
33886
17504
1122
33895
1127
17511
25706
17515
17516
1133
33901
1134
25710
1136
17521
17522
1138
25716
25718
33911
9337
17533
25727
33921
9346
25734
9351
25736
9356
25741
17550
33937
33938
9364
33940
1174
1176
25755
33947
33950
9376
33954
1192
9384
9386
9392
17584
9393
25779
1206
33974
33975
1210
17598
9407
9408
17601
9410
17602
9412
9413
9415
9418
25804
17613
1230
25806
1231
25809
34001
9429
34007
25816
9432
17624
25818
25819
9436
17629
17631
34018
25827
1252
9444
1253
1254
17638
34023
1256
9448
9449
17646
1263
1265
34033
9459
17652
9461
34037
9464
9465
17658
1275
1280
9472
34050
25862
9479
25865
17675
1293
34061
9486
1295
9488
25872
25874
9491
34067
25876
9493
25878
34071
9497
17689
9499
1308
17692
1311
17697
25890
9507
17699
34086
17703
34087
25896
9513
25897
34093
34097
9521
9523
34099
1334
9526
17719
1342
25918
17727
25920
9540
34116
34117
25927
17736
25928
9545
17738
9549
25937
34129
34131
17749
17751
34137
25946
1371
25953
17762
1379
34152
17769
34154
17772
9582
9585
9595
17789
1409
34177
25986
1412
17796
34184
17801
1418
9612
1423
9616
9617
34198
34200
17819
26012
26014
26023
34215
34216
1448
17835
1451
26031
26032
17841
34228
9656
1471
1474
1476
9668
17860
1477
34246
9674
1485
17870
9682
26066
26071
17879
17880
34266
9692
9698
26084
9700
9703
1513
9706
26093
34287
26096
34291
1524
9716
9718
1529
34297
26108
9725
26110
34303
17920
1539
34309
17926
26120
26122
1547
17932
26125
17937
1555
9749
1558
26135
17945
34333
17950
34336
17953
9762
34340
34342
34343
17960
1576
9768
9783
1594
17979
17980
26174
1598
9790
1599
1603
34371
9798
17991
17992
1611
17998
9806
1616
1622
1627
9821
34397
34398
18014
26207
1632
18017
34401
1635
9827
34404
18021
34407
9832
9833
26218
1643
26220
1645
1647
26227
1653
1657
34427
18045
26238
9858
18053
1670
1675
18059
1677
34446
26255
1681
26257
18067
26260
18072
26266
9883
1692
9886
26271
18084
34469
9896
26280
18089
9899
34478
9906
9908
26292
18102
34487
1721
26297
26298
1724
9919
26303
26305
34498
9923
9926
18118
9930
26315
26316
34510
18129
9939
34516
9941
9945
9947
34525
1759
34530
18151
34536
26344
1769
9963
18159
34544
18160
1779
9971
9972
18164
1782
34552
34554
34555
18173
18174
34558
18178
1795
9987
34564
1798
18182
26375
18185
1803
18194
1811
26394
34586
18206
1824
10016
34593
10020
26406
10023
34600
1832
10026
34603
10028
18223
10031
26416
10036
26423
1851
26430
26431
26435
1861
34630
10061
34638
10063
26448
1876
1877
18261
1884
18269
10078
26465
1890
10082
26467
34661
34662
18281
34668
26478
10095
26485
34678
18296
26489
1920
34689
34691
34694
1928
1929
34699
34703
18320
18321
34707
26517
26518
26519
10136
34714
26522
34715
34716
26525
18334
1952
26529
34723
1956
34726
18345
34731
1966
10158
26542
18351
1968
18356
1975
1978
10171
18364
26557
1983
10176
18372
34756
34761
1994
18378
1995
34764
34767
34768
18385
2002
26582
10199
2008
26585
26588
10204
34781
18400
10209
18405
26597
18407
10216
10218
18410
2029
18417
34801
18418
10227
18420
26612
26613
34808
2041
10234
26619
10238
34814
26629
10247
10249
26634
34826
18444
26636
34830
26639
18453
18454
2072
18458
2079
18463
34849
2082
10274
34850
34852
18471
26663
18472
18473
18474
34858
10283
18476
2094
26673
2099
2100
10292
26676
10293
26683
2113
2119
10311
18507
10316
18508
18509
26705
34901
10327
18519
2136
2137
10330
10336
26720
26722
34914
10340
2148
10343
26727
18536
26729
2156
2158
10350
34928
34929
10354
2167
26743
2171
34941
2175
18559
18567
10377
18569
26762
34954
18572
34957
2197
18582
18583
2202
2203
2204
18588
26780
2205
18590
2209
10401
2210
18595
18603
2221
26800
34992
10417
2225
10421
26806
10423
18616
35002
2235
35003
35004
10429
18621
2240
26816
10434
18628
26821
2246
26822
2247
26824
35016
35019
35020
2254
35022
18643
10453
26841
35034
35035
10461
18655
26848
2277
10469
2279
35048
2282
2286
10478
18670
18671
10480
18672
10481
10482
10486
35062
18679
35063
35064
10489
10490
35068
10493
35070
2305
2308
26886
10503
26887
2314
2320
26900
2326
10519
26903
35095
10520
26906
35098
2333
35106
2351
18737
10547
18740
35125
2358
10552
18746
26939
26942
26943
10560
2370
18754
18756
26949
10567
2376
10568
35144
35145
10572
10573
18766
35150
35151
2385
18769
35155
35157
18776
35161
26972
18781
26974
35168
26979
26983
18792
18793
35182
18802
10617
27001
2427
35198
2431
35199
2433
27010
10627
2436
2437
35209
10638
2447
10642
18834
2451
18835
35219
35220
2453
18838
2454
2455
27032
10649
35226
27035
2460
10655
18850
10659
35236
27045
10662
10665
2476
10669
10671
18863
27055
10673
10674
18867
18870
18873
10682
27066
18875
35262
18879
18881
2498
10693
2503
27079
35273
35274
18892
10708
2518
10710
27094
27098
10718
27102
10722
35300
10725
18919
10728
27114
18923
2541
35310
10737
27121
35313
2550
27127
2552
18937
10747
2556
18942
2559
2562
27139
35331
18951
35337
2570
10762
27146
18957
2574
27150
27151
2578
27155
35348
10774
10775
10780
10782
2591
2595
10788
10789
10790
18983
10792
27176
35368
27177
10794
18987
10796
35375
27187
18999
10813
10815
10817
2632
35402
2635
10827
35404
19022
35407
27215
2640
19024
27219
2645
35414
2647
10839
2648
35421
2654
2658
2659
10855
19047
27240
35432
19051
35435
27246
10867
19059
35443
10869
2678
27254
35446
2684
10879
2688
27266
19076
10885
2698
27282
10901
2709
35477
2710
2712
35481
2715
19099
27293
10910
2722
19107
10916
2726
27302
35494
27303
10923
10924
2732
35500
10926
35502
19122
2740
19125
10934
27323
27325
10942
2751
35522
27332
10949
27333
35525
27334
10952
2761
35530
2767
35536
2774
2778
27355
10973
35550
19169
2786
2788
2789
2791
2792
10984
27368
10985
27369
35562
2794
19178
2799
2801
35569
2808
27384
35578
35579
19198
2814
11006
19201
11010
2819
2822
2823
19208
11017
19212
27405
19215
11024
27409
19219
27411
35604
19222
35607
27419
35611
11037
2849
11042
35620
2854
2855
11047
27431
2859
19246
19249
35638
19256
2874
2875
2876
11069
11071
19268
2885
2886
19270
19272
2892
27470
2897
27474
35671
35675
19292
2909
2913
27490
11111
11112
19305
27497
2926
11120
19312
11121
35697
27507
35699
19318
27510
2936
35704
11131
35708
27519
2944
11136
27520
19329
27524
35716
11142
35720
27529
2956
19340
2957
11150
19343
2962
27539
2964
2973
2979
11172
27556
19365
35750
27560
35754
11180
27564
35759
27569
2995
2997
35765
11191
3003
11204
35780
11206
11211
11212
19404
27599
11221
3030
27606
19415
11224
27608
19417
3035
27614
19423
35808
11233
27618
3043
3044
19428
27622
3046
3050
27627
27632
27634
35827
3060
3063
19448
35832
35833
3065
27642
3067
11261
35841
35844
19460
3076
3077
3079
11271
27656
11274
35850
19471
3088
11281
27665
19474
35858
35861
27673
11290
11293
11297
11305
3116
11309
11312
35889
27700
3133
3135
3137
11334
11336
19528
3149
11342
19536
3154
11346
19547
19548
35932
11358
19551
11361
19555
27748
35941
19558
19559
35943
3177
11369
35946
35949
11375
35951
3184
35952
11377
3185
19569
19572
19573
19578
11389
27775
3200
11392
3201
27780
3208
19594
27786
19595
3212
35980
11405
27789
19599
35984
3218
11411
27800
11418
35995
3229
11422
35998
36000
11425
36002
19619
36003
36005
11430
11431
27816
11438
19630
19632
36018
27827
11444
11445
36021
36023
11448
36024
27835
11454
11455
19649
19650
3270
19654
36039
19656
36041
36042
11469
27853
36045
36046
27859
3287
27864
19673
11482
19674
27870
11490
11494
27878
11497
19690
3308
3309
27885
11502
27890
27891
11508
36086
3318
11512
36088
27897
11519
11520
3333
3336
27912
19723
27915
11532
3342
27919
3346
11539
36116
3349
19735
27929
3357
27936
19747
11556
19748
27941
11558
11560
27946
11563
19758
3376
36146
19764
3381
27957
27958
3382
11577
3386
27962
19775
27969
11586
11587
3398
36169
27978
19789
36173
3408
27985
27986
19797
3417
3420
36188
36189
11618
19810
36194
19813
36198
36199
3435
28011
19830
36215
11641
3451
3453
3454
3457
19843
36228
3462
11657
36233
11658
3467
3469
3470
36239
11664
28050
3474
19858
11667
19859
11668
19860
11672
19865
36251
19868
11677
19869
19870
3488
19872
36256
11682
36259
28071
11688
11692
19885
3503
3504
19888
3506
19894
28086
28091
3518
3519
19903
11713
11720
11722
36300
19917
19920
19927
19928
36316
19934
11743
19935
19941
28138
11755
11757
28143
11760
28144
3570
11766
28150
36344
11771
36347
19964
19967
11784
28170
19979
11791
28178
11796
28181
36373
3606
19990
3609
11802
3611
11804
11806
28190
36382
36385
28194
28195
3620
20005
11815
20015
3637
3638
11831
28215
20028
11848
20042
3659
11851
20043
36428
28238
11855
3664
20049
20053
11863
28249
11867
3676
36445
3678
20064
3681
11880
28264
20073
3693
36463
20083
36469
11894
20086
20089
3706
36475
3710
28288
3713
3716
11908
20100
20104
36488
3721
28301
20111
36495
3728
36499
11925
20117
3736
28314
11933
36509
36510
3742
3743
28319
28320
20132
3753
28329
11946
20138
28330
11947
36523
20141
36525
20142
11954
20147
3766
36535
36536
11961
20153
11962
36541
3776
11969
36547
36553
3786
3787
11979
36555
11980
3791
20176
28368
11987
28374
11994
28379
11996
11997
28384
20193
3810
3811
12005
28389
36583
28394
20202
12013
28401
20210
20212
3830
3832
36600
12029
3840
36609
28418
36613
36615
28424
36616
36617
20234
28426
3851
20237
3857
28434
3859
28437
3862
12054
20247
12056
28441
12059
28444
28445
28447
12064
36642
12067
36645
12071
36647
28457
3882
12075
28466
3893
3894
28470
36662
12089
28474
36668
3904
3906
3910
28487
20301
12112
3922
20309
36694
28506
36701
12128
3937
20322
36706
20324
3943
12136
36713
12138
3949
28525
28531
28532
12149
20342
28535
3961
36729
3962
12156
20349
3966
3967
20351
3968
28544
3969
12161
20355
28550
28553
36745
28555
36748
3981
36753
3986
36757
3990
20375
12184
20377
28571
36763
12188
20381
3998
20386
20388
12198
4010
4011
12203
28588
12206
20400
4018
12210
4019
12212
20406
28602
20413
20418
12228
36806
4040
12233
28617
36809
12234
4044
36812
12237
12238
28625
36818
36820
4056
28634
12253
12254
20446
36831
36832
4068
36837
12262
4071
12264
4073
12265
4075
20463
12273
28659
12277
28663
12280
28665
12286
28673
12290
36867
28676
4101
36869
12296
12297
12298
4108
20495
28687
4112
4117
36885
12311
12312
12317
28705
28713
12330
4139
28718
36912
20529
28722
4147
36915
20533
28725
28726
28727
4152
28734
4161
36931
4164
12358
12362
20558
12367
12368
28754
36946
4181
36950
20568
36954
20574
36961
36963
20584
4202
20586
28780
20591
4207
12400
28786
12403
4215
28792
28796
12419
12420
20618
12427
28812
4237
12433
4242
28822
4253
4256
28832
12449
12450
20642
20644
28837
37029
12454
37031
37032
12459
4269
4270
12463
20655
4274
12466
4276
4277
12472
20664
28857
4285
12477
20669
20672
20673
37057
37059
12484
20679
4299
28876
28877
20686
12494
12499
12503
37081
4314
37083
12509
12511
12515
28899
37092
28902
4327
28903
4328
4329
37101
20718
4334
12526
28911
37106
4340
4341
12533
37111
37114
4350
12543
28928
4358
12550
4362
12555
12556
20748
12558
28943
4370
12562
4371
28949
4374
12567
37143
37144
20762
12571
12572
20769
28963
37155
20772
28966
28971
20781
4399
37167
37168
12593
28978
20787
37171
37173
12598
4407
4409
12602
37178
4412
37182
20799
28995
12612
20805
12617
12618
4428
4429
4430
20814
20815
37200
20817
4438
29014
37206
12633
4444
37213
12646
4455
20839
4456
12649
4458
20842
37226
4459
12651
4463
12658
4468
29044
29046
37238
4471
12663
12664
29052
4478
20863
20865
29058
12675
29065
29067
12684
20878
12688
37264
12689
12694
37272
20890
37274
4509
29085
20894
12704
4514
29090
37283
4517
12711
4520
20904
4521
4523
4525
4527
37298
29109
12726
37303
20928
20929
37317
29125
20934
37320
4555
29133
37327
20946
4565
12758
20954
29146
37338
20958
4576
37346
20963
20969
37354
4588
20975
12785
4593
29171
12788
20982
29174
29175
12792
12793
29185
4609
20994
4611
12810
37386
4622
21008
29201
37394
12819
29205
29208
29211
4635
4637
29213
37408
21027
21030
37414
12842
4652
29228
12848
37425
29234
37427
12853
29240
12857
37433
4668
12860
12861
12862
29246
12864
21061
4678
4681
4683
29259
37452
29262
12879
29263
12880
4691
37459
4692
37463
29272
4698
4699
21083
29275
4704
12897
4706
4708
4711
21095
29287
4712
29290
12906
37482
21102
21104
12913
37492
29306
12930
29314
37513
12939
4749
21135
37519
12946
37523
37524
12949
21142
21145
12957
37533
21156
21158
12968
4777
29354
29356
37548
29357
4785
4787
37555
29364
21175
21180
12989
29373
29374
29375
21184
12996
12997
21189
37573
29386
4815
37584
21202
29394
4819
13018
4829
4831
13024
29410
29411
37609
4842
37610
29421
4847
29430
29433
4858
21242
4859
21243
37627
29436
4863
37633
13059
29443
4869
21255
37641
21260
4877
29457
37650
21272
29469
4895
13088
21283
37669
4903
13095
13099
13101
21293
13102
4911
21295
37680
4914
37688
29507
29513
13131
13134
21331
4952
37721
4956
4957
4958
4959
29540
4965
29543
21352
21353
4973
4974
29550
37742
29552
29553
4980
21366
37752
4986
21370
37754
13179
13180
37758
4991
4992
13184
37761
21381
13191
29578
21390
29583
21391
13200
21393
5011
29590
13212
5021
21406
5023
37794
29603
37795
37796
13221
21414
13224
13225
5034
37802
37803
13228
37805
13232
13235
37812
13237
29623
5051
37819
5052
29631
29632
13249
21442
5063
13259
5070
5071
37839
13264
37842
37844
21460
21462
37846
37849
13274
5082
13275
13276
37854
13279
29665
13283
5092
29669
21479
37866
13292
29676
5101
21485
29677
13296
29680
37872
13298
5107
29683
37878
13303
21496
13305
21498
13307
37883
29694
37886
29697
5124
37892
5125
13317
29702
13320
29707
13326
37902
5137
37906
5139
37907
29716
5141
21529
5148
21535
37920
13348
37926
13351
37929
29741
5166
13358
5167
13359
29745
5170
5173
5175
29752
21561
37945
37946
37948
21568
5185
5190
29770
29771
37965
5198
29774
21583
37967
37968
29778
37981
13406
21599
37983
5216
29792
5217
5221
29798
21608
21609
29801
5226
29803
13421
13422
13423
5235
29811
5237
38006
21624
21626
38010
21627
5246
21631
29823
38017
29826
38018
13445
5254
38023
29836
38030
21649
29842
13459
13464
13470
38048
29858
13485
21678
5296
21682
21683
29875
5300
29876
21688
29881
21691
13502
38082
13508
38087
21705
5323
29900
29903
13520
5329
5333
21720
21722
29914
38107
21724
29920
13537
38116
21737
13550
38126
21744
38128
5365
29942
38135
21754
13565
13566
21758
13568
5377
29953
5380
29956
5383
13576
38152
13577
21771
5388
5390
38161
29971
38164
5397
29974
13596
5407
21791
13603
5415
29991
5417
38185
21804
29999
13617
13621
30008
38200
5436
13628
5439
5444
30020
5445
13641
13643
13645
13646
13648
13650
30035
13657
13659
21853
21854
30047
30049
21860
5477
30053
30054
13672
21866
30058
21869
13677
30063
21872
30067
21880
30073
30075
21884
5506
13698
5509
21893
30085
21900
21902
21906
13716
30101
5527
13721
5533
13727
21919
30112
5537
13737
13738
5549
30126
13749
30135
30136
30139
13756
13758
30147
5572
5578
5582
30158
30159
21973
5592
30170
5596
13789
30173
5598
21999
5618
22009
5627
13825
5639
5640
22024
22025
13834
30218
30224
22034
13844
22036
13847
13848
22042
22045
22047
5667
22053
30246
13869
22061
30257
22071
5690
5691
13883
30277
5702
30279
13896
22095
5713
13911
22103
5722
5724
22109
30303
30304
5739
22124
22129
30322
13939
5748
13941
13943
22136
5754
22139
5756
13949
30334
13953
13955
13956
22149
5767
30343
5771
22157
5774
13967
5777
22164
22167
22168
5786
13978
22170
30365
30368
30369
5794
13986
30370
5795
13987
13993
30381
14002
22198
30390
14008
30392
14011
22206
30403
14021
30408
5834
14028
22222
30416
30419
5844
14040
30425
14043
5856
30432
14052
30438
22249
30441
5866
14064
22257
5876
5877
14069
30456
14074
5884
22272
14081
14085
22280
22282
5900
30477
5902
30478
5911
22295
5912
30490
22300
22309
22312
30507
14137
14138
22330
5947
30530
5957
30533
30539
22350
14161
22356
30550
22358
14167
22362
22364
14173
5983
22367
22375
30568
22379
22384
30579
22391
30583
22392
14201
30586
6011
14203
14213
22407
6027
14219
6030
22415
30611
22419
30613
30617
30626
14246
22439
14248
22445
6065
6066
14258
14260
22452
6070
30649
14267
30651
22460
6077
14274
14277
30661
6087
30663
22472
6091
22478
30671
14289
30673
6098
22483
14298
14299
14301
6113
22498
6121
6129
30705
30709
14327
22520
22521
6139
22524
6142
14334
30719
14337
30722
14339
30738
30739
6164
22554
22558
30752
6177
14369
22561
14372
6182
30759
14384
22578
14392
14398
6207
22591
14404
22598
30790
6215
30792
6224
6225
14419
22613
14422
14423
6232
14433
14437
30821
22632
6251
22638
30834
6260
30837
6262
22646
30841
30850
22660
14473
22667
22673
14485
14487
6301
22685
14494
30879
14496
30883
22692
6310
6311
6313
14506
22700
6317
22701
14510
14518
14522
6333
14528
30913
14533
30917
14535
22731
6351
22736
22737
6353
30930
30932
22741
6361
22746
30939
6363
14556
30940
6366
22750
30942
14561
14562
22756
14564
14566
6376
6381
30959
14577
22771
30963
14586
30975
6401
30980
30983
6407
14599
22792
6410
30989
6414
14606
6417
14613
31002
14620
22818
6434
14628
14631
22824
14637
14638
6448
31024
6449
31026
31027
14645
6456
6458
14651
31035
14652
22846
14657
6471
22859
6476
14668
31058
6488
6489
22873
31065
6496
31073
6500
31077
22887
14698
14701
22893
22894
31087
31088
31100
31103
22912
6531
6543
31119
22928
14737
14744
22936
22943
22944
14755
31140
22953
14762
22955
22957
6573
6575
31151
31152
14769
14771
6582
31160
6586
6587
22974
14782
14783
22975
22979
6599
22988
14799
6608
6612
31188
14808
31192
6620
14813
6626
6629
14821
31207
6634
23023
31216
6641
31219
6646
23032
14842
23035
31234
31237
31240
31241
14860
14865
23057
6676
6682
31259
6685
31261
6686
14881
6689
14887
23079
14889
6700
14893
31282
31283
31284
14902
23095
14907
23099
23101
31294
31295
6720
31301
6726
6728
6730
14922
14930
6743
6745
31321
23130
6748
31324
6752
14946
14950
14951
31335
6760
31338
6762
23149
31342
14961
23156
14968
6777
14973
23169
31362
14979
6787
31366
14983
31367
6794
31370
31373
6799
31375
31376
14993
14998
6807
6809
23195
23197
6815
23199
23200
6819
6821
31398
23209
6826
6829
23215
15025
31410
6835
15029
31415
6841
15034
6844
31422
15044
6853
6854
15048
15049
15050
15051
23250
6867
15059
15061
31446
6873
31452
15069
6877
31453
6878
15073
31459
6885
31467
23277
15088
15095
23287
31479
23291
23293
31485
15103
31489
6914
6924
23309
23311
6930
15122
6932
23316
15126
23321
6940
15133
31520
23329
23330
23331
23334
15145
31531
23343
15152
15153
31537
15157
6969
23353
6972
23356
31550
6977
23361
15171
6982
31562
15178
23372
23374
15184
23378
31570
15192
31577
15194
31578
7005
31582
7007
23392
15208
15212
15214
7028
7030
23416
31611
23422
31618
7047
15239
23432
7051
7053
23437
7054
31631
7055
23441
31634
31637
7061
23445
15254
7063
15256
7066
31644
7069
15261
15264
31648
7073
7075
15269
7080
23465
31659
31662
23471
15280
31665
15284
31674
7100
23485
7104
7106
31685
15303
31687
7113
7114
7115
31691
31692
15309
23502
7118
7122
7123
15322
15326
15327
7138
23522
31716
15335
15336
23528
31724
7152
15344
31730
15351
31738
23548
7164
23554
31747
31748
23557
31749
7177
7179
31755
15372
15374
31760
31763
31766
31773
7198
15391
31775
23584
31776
31777
23587
23589
31781
15401
23594
7211
15403
23598
23599
7218
31807
15424
7234
15426
23618
31812
7237
31815
23626
31818
23632
7249
31831
23642
31834
15451
23643
15452
7261
15454
7271
23655
23657
15467
31852
15469
23661
7279
23664
7282
15474
23667
31860
15476
7286
15481
15482
31866
31880
7305
7307
7313
7316
7318
23708
15519
31904
23715
31912
31914
7340
15533
23728
7347
15539
31924
15541
15542
23734
15547
15550
31934
7359
23743
15553
31938
7364
7366
31942
31943
23752
23755
15564
31954
7382
15574
31959
15576
23774
23775
15585
15589
15594
15600
23792
7409
15601
31990
15607
31992
7425
23810
23815
23817
32010
15628
7437
15635
7451
15648
32032
15651
32035
23849
23850
15661
15667
32052
7476
7477
7479
15673
23865
7482
23866
15677
15679
23876
7493
32069
7494
23883
23887
15697
23891
15707
23900
15714
7524
7525
15718
23912
32108
23918
23926
32118
23929
7546
15738
15740
15744
15745
15746
32138
32139
7565
7579
23964
23966
32164
15784
23977
32177
32178
7604
23988
32182
32185
7611
32189
23997
32190
7619
24004
32203
15822
15823
32209
7634
24018
7635
24019
7637
15835
32223
7651
15845
15848
24041
15850
24046
7665
32241
15865
15866
24059
32252
15875
24069
15887
15894
15898
32282
7710
24097
24098
15908
7724
32301
7728
15921
15923
24115
32309
32313
32316
24127
7747
24131
32324
24134
7754
7755
7756
7758
7760
15952
32341
32342
24154
15963
32349
7774
15967
24159
7777
15970
7779
24163
15974
24167
7784
15977
7788
32364
15988
24180
32373
15990
24182
32374
15992
32378
7803
15995
7804
32382
7808
24195
32393
32399
24208
7826
24211
7827
7828
16028
24221
16030
7838
24222
24223
16033
24229
16039
16042
7851
16044
32428
24237
24239
7855
24241
32433
7858
16050
16052
7861
24246
7869
24258
7876
16069
7879
24267
16076
7885
16078
24271
16080
24272
16082
24274
24277
7895
7898
24282
32474
24285
24287
16100
24294
7913
32490
32492
7917
24306
24308
24309
24311
32503
24314
7933
32510
32517
24326
16135
7947
32523
7950
7952
7955
16152
7961
7963
7964
32540
32541
16158
16159
7968
16164
7975
7977
7979
24374
32567
32572
24384
8002
8004
24388
16197
32586
8012
32588
24400
32595
16214
8025
32601
8026
16219
16220
32604
24414
16226
8035
32612
24424
16235
8050
32626
16248
8058
24444
32638
16261
8070
8071
32648
8077
24473
16286
24480
24482
32674
16292
32676
32677
16303
8112
24500
24502
24507
32699
16316
8125
32708
8133
16325
24517
16328
16331
32719
24529
24530
32724
32725
32728
16345
16346
24539
32733
24544
24545
8162
16359
32747
8173
32749
8176
24568
32762
24572
32764
6
448
1
469
249
139
383
