360
0
514
1026
4611
516
4100
1029
4614
519
7175
2057
7689
1033
1550
8207
2063
2576
1041
5141
7190
7704
24
2074
2075
6177
6180
8228
2085
4647
7208
554
555
7723
7213
2607
6193
7729
1074
2611
2613
2615
2104
2617
7741
3133
8254
5697
7746
4165
71
5191
8264
7753
587
6222
1615
3663
8272
6737
1619
600
4188
7262
6752
2145
4194
6245
110
3182
2159
8305
2674
6771
7284
4213
5238
4215
2167
631
632
2680
2168
5753
634
635
4731
5245
6783
6784
3204
4741
6277
6790
7814
4744
1161
2700
5261
143
1172
1684
149
7318
1175
1176
4761
5786
3738
5787
7323
5789
2721
162
7847
7338
6830
3247
688
5813
4791
3767
185
6330
3771
701
1214
3263
194
3781
5320
4808
1738
3786
5834
4301
718
4816
7378
3286
6870
726
3799
2264
1755
6363
1244
2781
7389
7901
3811
4836
5348
1765
744
2282
5867
7916
5356
2285
1261
2799
7407
7409
1778
1269
7925
2295
3319
761
7931
4348
3837
6909
254
7935
1791
3332
261
7430
7944
7946
1291
1803
269
5392
6928
1809
3345
6929
3858
4885
1813
7959
7960
5400
1820
2332
4892
7453
1311
6436
5413
7973
7463
6953
1835
3887
5935
1327
6449
3889
3890
1842
5941
2357
6967
3385
6458
827
2363
3901
6464
5956
326
3910
839
6475
4428
8012
846
1871
2896
3923
5972
8020
7508
3925
1878
2903
2392
5466
6490
7005
3933
2910
6495
1888
3944
4969
8041
8042
8043
1389
2413
7026
2419
3957
2422
3958
8056
8057
4473
3452
1919
3973
3462
3464
1417
7564
8076
909
4495
5519
3984
2960
3472
912
7058
916
3989
7061
2456
7577
924
4511
4516
7593
3497
427
6572
3501
6062
8110
1455
3504
4528
2993
7602
2483
436
4022
8118
5049
3002
7612
3518
1470
3519
5568
7109
4551
5576
1994
5066
3531
8139
1483
3021
4049
5585
2003
467
7125
1496
8152
2524
988
2014
4062
6112
6113
4065
483
6627
1510
2024
5097
4585
6635
7659
3563
493
7663
5615
5103
4079
2544
496
2032
8177
497
8184
1018
6140
1533
7677
5630
2046
6142
5631
1
22
