154
1282
5890
2820
4869
4359
1032
4365
270
1807
16
1296
5904
3603
4627
2324
7188
4374
535
5147
4636
2076
6173
3869
1822
799
5155
1315
2599
4649
299
2093
3632
4912
5169
6706
5682
6456
5945
4665
316
1597
6462
1086
5953
4673
3650
6725
1094
584
3658
5451
80
7248
2897
338
3410
6739
595
5463
2648
1112
7004
3935
7013
5478
360
4969
620
4717
6511
1648
4722
5748
3189
6262
3960
7288
7289
2681
3961
895
3201
6530
3970
1923
2180
135
4231
2184
6540
4492
1677
1422
1167
6801
2707
1429
7062
2201
410
5532
6558
7327
3488
7330
1699
5027
4515
4004
3495
2474
1198
1204
6074
1211
5056
4801
1986
2245
2759
4554
717
3791
1745
723
4564
983
5594
6875
2271
1503
4321
5857
7138
228
7141
5606
1255
3818
3562
5867
3308
2285
3821
749
4336
4338
5623
5625
250
3067
1020
4349
4094
1
10
