81
1207442
1128979
1207440
1207441
682371
1132570
987396
1128860
706695
1208195
1208192
1183744
682648
1183745
682265
1208193
693142
1207695
1207439
1003567
1094833
859694
882350
859432
1030569
715308
896293
562981
895779
987552
349109
1207843
1054883
858814
788282
859702
485179
1207855
400955
1206828
859699
859698
1155502
402489
1209168
1003469
1128915
764104
1207126
694990
987338
1208666
1030343
627650
977987
1128927
1184349
1128926
804573
991323
1184199
1206984
1094730
630867
1057740
1209167
1209164
1155315
1208183
1208186
647014
485096
1209058
1209059
696568
988028
895864
858872
895866
1208425
696567
2
5
23
