260
9729
1
2562
1028
9225
8715
8204
11792
12307
6676
533
12309
11801
1049
542
10784
2084
1573
9255
2599
11304
4651
4139
3120
2609
1073
5172
9268
4661
9789
2111
10817
8257
4673
5188
11848
3144
75
3660
3154
3155
5203
1109
2133
11350
12376
5724
2142
3166
12386
6245
5733
8805
7269
9319
6249
5229
7789
5231
2160
624
8819
6772
2678
9334
7798
6262
8315
3707
8322
8323
7302
1160
3208
7305
10379
4235
1681
9873
4243
2196
8854
7320
1689
8350
674
1701
1703
4263
3752
1715
11956
3766
694
9398
1720
5305
4283
4795
9919
10433
7362
2756
7877
4296
4297
11467
2772
5845
11478
6360
5337
10458
8422
5862
6377
5355
7916
10989
7405
1774
9454
3310
12016
6393
251
257
4867
2826
11021
782
5390
4366
2831
787
6420
6932
2324
5912
8473
2331
1311
4384
5413
5931
1324
4396
3884
5423
2863
12079
4917
310
2359
1335
6968
10553
9017
4410
8507
321
8005
2886
1862
5447
10568
4937
5963
3403
2381
9037
3406
846
9552
9041
12114
9045
11094
2902
854
9559
859
1889
9057
866
3939
3430
3942
1384
3432
9064
3433
3442
8567
2936
7033
10106
8060
1407
7552
11136
897
5509
2441
9610
5002
1931
9611
3468
3471
10130
2452
7060
1432
10137
6558
9119
6049
1443
2468
4010
938
11690
1965
9646
1966
8115
2484
2997
7609
6073
4029
1470
3007
5570
4546
1990
11211
972
7633
8147
3542
7638
5080
9178
3548
8673
6627
11236
2532
9189
12262
6630
7655
2543
3056
7155
8692
5112
4600
1
98
