129
1544
520
2569
1546
523
525
2573
782
783
17
1297
18
2066
275
535
1306
2586
283
802
2083
38
2343
1064
2601
1579
299
2604
2349
304
2610
309
1077
1590
1080
1850
60
2621
61
63
1343
65
834
2116
1605
840
1609
2634
337
338
2130
595
1621
2390
2391
1374
2654
95
612
868
357
614
2664
873
110
1392
2673
2418
114
2423
375
1655
1656
377
380
637
1667
905
1676
1420
398
2447
2449
403
2195
2456
665
922
1690
159
162
1955
1700
1446
2474
940
1453
1198
175
1457
436
1215
1472
960
706
710
198
1226
462
207
465
2515
2259
2004
1752
2520
2266
476
2525
225
227
1253
2538
1527
1787
1532
1021
765
2302
1278
1
37
