152
5376
7936
3329
3333
3850
2316
7948
269
2573
7184
2320
1553
8210
4117
3099
3867
2587
4893
7198
4384
550
3366
7974
5417
1325
3629
2094
4144
6449
1334
7223
6711
1848
3898
2618
3651
4164
5445
6725
584
4430
5454
3150
7759
338
5204
7255
2649
2137
96
8290
5986
6500
2662
3690
6251
876
3184
4211
8052
6518
1399
5495
5496
2168
4986
1915
6269
1917
895
7554
6018
6276
6788
5514
1164
5004
6541
6029
6285
2703
4752
1938
7060
2455
4759
3224
6809
2971
4251
5276
3997
158
2720
3745
4258
1186
1701
7335
6055
1192
6319
176
5041
6836
4534
3254
1719
7353
1722
1723
7617
3010
963
1476
4296
2763
1995
7373
1229
1997
7119
2512
4560
8145
724
468
5334
2006
2267
988
6108
2270
479
4064
7394
5861
7912
6890
6636
3568
5364
2549
6647
248
7416
6905
1786
3067
2300
6909
2046
1
101
