418
1024
1
2
7
8
1033
1036
1037
1038
14
15
2065
18
2071
24
1049
1050
27
31
33
2082
1060
37
40
1065
1067
1070
2094
1071
1072
1078
1079
2104
1080
56
1081
57
58
1083
1084
60
1085
2109
63
1087
2111
66
2124
76
1100
77
78
79
1105
81
1107
2131
1109
1113
91
2139
1119
95
97
2146
1127
2153
105
2154
1130
1132
2156
1134
113
2164
2166
1142
2167
120
1147
2172
125
1154
133
2181
2183
138
139
1168
1169
1171
1175
151
165
1196
174
1202
1203
1205
1211
189
1215
1219
196
1221
200
1226
203
204
205
206
1231
1234
224
1251
231
1257
234
236
238
1270
247
1273
251
1277
257
1284
1285
1287
263
267
268
273
1297
277
279
1304
282
1308
284
1317
294
297
1325
1327
305
306
308
313
1339
1341
1343
321
1345
323
329
1362
341
344
1369
1379
1381
360
1390
1391
371
1396
375
1403
380
382
387
388
389
1414
392
396
1423
1425
401
402
1429
405
1431
1432
1438
414
415
419
421
1447
423
424
426
1454
430
431
1462
1465
448
451
1475
460
1488
467
468
471
475
1500
482
1512
1519
1521
502
506
507
508
1532
509
1533
1534
1536
512
1539
517
528
535
1573
551
552
555
557
1584
562
1589
1592
572
1597
574
1599
575
578
580
1611
592
594
597
599
604
606
608
1632
1636
614
1639
627
628
630
1657
637
1662
642
643
1668
644
648
1672
1679
1681
1682
660
661
665
669
1699
1700
679
681
1705
682
1708
1710
1713
694
1719
1725
1728
705
710
713
1738
1739
715
1740
716
1743
1755
733
1757
1760
1768
745
1771
1773
754
756
1788
765
1793
1794
770
772
1797
776
777
1803
781
787
1812
789
793
1817
1821
1823
804
805
1831
1832
810
813
814
1839
817
818
821
1849
1850
828
1855
833
1859
841
1866
1867
1868
1869
845
847
848
850
852
1880
1891
1892
869
1894
871
1896
1901
877
879
880
1911
1914
1915
1917
1918
1920
1921
1922
901
1933
1934
917
1942
1945
1948
1951
928
937
940
1965
942
944
946
1972
950
951
1979
1980
958
1984
963
1990
967
1995
2001
2002
2004
2005
2009
2010
986
988
2012
989
2016
2022
1000
2034
2036
2038
1016
2041
1018
1020
2046
1022
18
32
96
1
163
99
4
7
136
138
44
78
47
81
19
84
151
59
125
