503
9216
2048
10242
2
2051
6151
3081
1034
3083
10252
5134
1040
3090
1042
3093
2070
8214
1046
2075
3101
30
10272
33
36
7204
10276
1062
3111
4139
4140
8237
3119
2098
9267
6197
8248
57
1081
8252
3132
9277
7229
3134
10307
5188
7239
1099
3148
4175
3151
2127
10321
4178
7251
10324
8279
5207
9304
7256
88
6233
2140
1116
4191
5217
8291
100
8294
4199
1129
9325
9326
5230
120
9337
3195
6268
125
1151
2175
1156
2183
6281
4234
4235
2188
3212
5261
9357
8334
3214
3216
9361
7315
6296
3224
4251
7323
6301
1181
4254
7330
167
168
9387
2222
7345
6322
184
7354
5306
2237
2240
3265
3267
1220
6342
9414
5321
4298
6348
9422
9423
6352
4306
210
1235
9427
7382
9431
8407
2270
7391
2272
6372
5349
9445
3301
3302
5351
1256
2283
9452
3311
7410
1268
5365
3319
1272
252
9468
253
6398
9472
3330
2306
2307
9475
259
260
3335
5385
5389
4366
5390
9488
1298
2326
6422
6425
2329
4379
2332
5404
1310
5408
3363
8488
297
2346
8490
5421
9517
5426
3378
4402
8499
6453
3383
6457
1337
6471
8525
9550
335
338
6482
8534
9558
3415
4441
5480
6506
4459
4468
9590
5494
374
9592
1405
4477
5502
4478
9599
387
389
3463
9613
7568
8597
7576
7579
6558
6566
6567
5547
9645
435
4532
8631
5562
9661
1471
4544
449
6594
1480
3531
9683
2517
4567
478
7648
2530
8674
4579
9701
6631
492
2542
8686
5615
7665
7666
499
1524
502
5625
2555
5628
5631
9728
2561
3587
5639
2567
2570
4622
527
2576
3600
5648
8721
537
7706
8731
3612
2592
2594
3618
8741
1573
4645
2599
6696
554
7724
4652
3633
561
5682
562
9779
5684
3637
1589
4664
570
2619
8765
5694
2625
8772
9801
588
7756
1612
8783
5712
594
1619
2644
7766
2647
8792
1628
2652
2653
1630
4709
6760
7787
2669
3695
1647
625
6771
1654
7798
3703
8823
9849
9852
3709
4734
643
9860
2692
3718
4742
3719
7819
2700
3724
8844
3730
4760
3738
9882
2715
6816
4772
3753
4780
7855
7858
8884
9909
1717
7862
4791
2743
7864
698
5819
1723
7868
9916
1725
8893
3773
6847
8895
2752
4806
9926
5832
2763
2764
1745
1749
3799
2779
738
1766
8934
7917
6896
2801
6899
4854
761
8953
8954
4860
768
4864
7937
6918
7942
5895
5897
1801
8970
782
4884
1826
10019
7974
2854
3879
4907
4909
7981
1841
9009
4915
10036
4916
5947
6974
830
3907
4935
5963
10070
10071
1880
7000
4953
8027
2910
7009
10082
872
10088
9066
1902
9070
1906
9076
2933
6009
4985
10109
3965
9087
10112
7042
4996
2948
4997
5003
6029
10128
918
5016
1946
5021
3997
2982
10151
936
937
9131
943
6063
7087
6064
1969
9139
9142
10168
6076
6081
5061
1991
3017
974
5072
6097
2003
6103
4056
985
5084
4064
3041
998
3047
4073
2029
4078
10226
5107
5108
1013
6134
3063
9207
8184
9208
2042
1
0
