371
2049
2051
16
2066
2070
2071
30
2079
2094
2095
57
2108
2115
68
2117
2120
2124
2129
83
93
2145
98
2151
105
2164
119
120
122
124
125
2176
133
135
138
140
142
143
144
146
2201
155
2205
2207
2214
2218
170
171
175
181
2230
190
195
198
2255
217
2271
225
2275
228
2276
230
234
238
239
2287
2290
245
2294
248
2303
2306
2307
2309
263
2313
267
268
2332
2333
2335
2338
2343
2351
311
2361
315
317
2365
2366
2369
2373
330
2379
332
2381
337
2386
2394
2395
2399
352
2403
359
363
2412
2416
376
378
2430
385
388
2436
397
2447
406
2455
2465
422
2473
2474
428
429
432
2485
2488
441
2490
2494
450
2500
453
2502
2506
2507
460
461
2510
2512
2513
465
468
472
2520
2521
2522
477
478
483
2532
2543
499
2550
2561
514
2563
2565
519
2569
2586
2588
2589
552
554
2603
559
572
577
583
590
594
612
613
625
626
629
633
638
646
652
655
656
661
668
673
674
692
694
708
713
714
731
744
745
749
761
764
777
787
799
802
807
813
819
824
825
826
846
853
864
867
876
877
884
888
910
920
928
940
953
955
957
968
986
990
996
997
998
1002
1028
1034
1036
1047
1062
1063
1088
1089
1093
1096
1102
1107
1109
1112
1113
1121
1130
1137
1139
1141
1143
1146
1149
1153
1159
1163
1164
1177
1178
1189
1190
1206
1207
1208
1221
1225
1226
1246
1253
1278
1288
1294
1306
1314
1320
1331
1343
1344
1346
1357
1374
1396
1399
1400
1411
1414
1421
1426
1434
1435
1442
1445
1448
1449
1458
1460
1461
1463
1464
1466
1484
1485
1494
1499
1500
1505
1513
1517
1528
1562
1564
1570
1582
1584
1585
1592
1596
1602
1613
1622
1627
1643
1649
1663
1669
1677
1681
1696
1712
1714
1718
1723
1729
1732
1733
1736
1739
1743
1767
1773
1779
1783
1788
1794
1810
1816
1818
1832
1834
1842
1843
1849
1855
1860
1867
1868
1869
1877
1887
1892
1928
1929
1939
1959
1965
1988
1992
1993
1994
2007
2012
2039
2041
9
131
5
146
23
32
96
99
46
122
