408
1024
1025
2
7
8
1036
14
1038
2062
15
1041
2065
18
19
24
1049
1050
27
29
33
1060
37
1063
40
1065
1070
2094
1074
1078
1079
2104
1080
56
1081
57
1083
1084
60
1085
63
1087
2111
66
67
1092
72
76
1100
77
79
1105
81
1107
1113
2139
2143
95
97
2146
100
1127
2152
2153
105
106
1130
1132
2156
1133
110
1134
113
2164
1142
2166
120
1145
2169
1147
125
2174
129
1154
2181
2183
138
139
1171
1175
158
1196
1197
174
1203
1205
185
1211
189
190
1215
194
1219
1221
200
201
203
204
206
1231
1234
224
1251
231
1257
234
236
247
1273
251
1277
257
1281
1285
263
1287
1290
267
268
273
277
282
1308
284
287
297
1325
1327
304
306
308
1334
311
313
314
1339
317
1343
320
321
1345
323
329
1354
344
1369
1377
1379
1380
1381
360
1390
1394
370
1396
380
382
386
388
389
1423
1424
1425
401
405
1431
1432
412
1438
415
1440
419
421
1445
1447
426
429
430
1454
1462
1463
1465
1466
448
451
1475
1478
468
469
471
475
1500
1502
1506
482
1517
1519
1521
1522
502
506
508
1532
509
1534
514
517
518
1544
525
1557
535
1565
1566
551
552
555
1584
1589
1592
572
574
575
1599
576
1601
580
1606
1611
592
594
597
599
604
606
608
1632
1636
1642
627
628
630
1657
642
643
644
1668
648
1672
1681
657
1682
660
661
1690
1698
1699
1700
679
1705
682
1707
1708
684
1719
1725
1728
1729
1731
710
713
714
1738
1739
715
1740
716
1743
1757
737
743
1768
745
1771
1772
1773
754
756
1788
1793
1794
772
1797
776
777
1803
781
782
787
1812
789
793
797
1821
1823
804
1829
1832
810
1837
814
1839
817
818
1849
1850
828
833
1859
1863
841
1866
1867
1868
1869
845
847
1872
850
852
1880
1891
1892
869
1894
871
1896
877
1901
879
881
1911
1912
1914
1915
1918
1919
895
1920
1921
1922
901
1933
1934
1939
917
1942
1945
1951
928
937
940
1965
942
944
946
1970
1972
1973
950
1978
1980
1984
963
1990
1995
1997
976
977
2001
2002
979
2004
2005
2010
986
2012
990
2022
1000
2034
1011
2038
1016
1018
2043
1020
1022
2046
18
32
96
99
163
4
7
72
138
44
47
111
81
19
84
151
122
60
125
5295