1770
8192
1
8193
8194
11
4108
8204
15
12307
4117
12309
4118
8217
4122
8220
8221
12318
4129
34
12322
4131
4132
4133
8229
4134
12326
4139
12331
12333
8238
47
48
49
8241
12338
4147
53
8246
56
12344
12346
8257
4164
12362
75
4173
8269
12368
81
12369
4178
12374
4184
12376
89
12377
12378
8283
12379
92
8284
95
12386
8291
102
106
108
8301
4212
117
119
123
125
8320
130
8322
131
8323
4231
136
137
4235
4238
143
4241
4242
4243
149
4245
154
4250
8347
157
8350
4263
4269
8373
4283
4289
8385
196
8391
4296
4297
8397
4302
8411
228
8422
4328
8426
241
8439
8440
249
251
257
8449
8452
4358
8459
4364
8460
4365
4366
274
8471
281
8473
8478
4384
4386
8485
294
4396
8497
4401
4405
310
4406
4410
4411
8507
8510
4416
321
8514
4419
330
4427
8524
4429
334
4430
335
8527
4432
8528
8532
4445
8541
364
366
4463
4465
370
373
8567
378
379
383
8575
385
8577
8578
387
4483
8581
4486
8585
8586
397
4494
8590
8591
8593
405
8597
8598
8599
410
4506
415
417
8613
423
428
429
4528
434
8629
8630
8633
443
8636
4541
4543
4545
4546
452
459
464
468
469
4566
8662
8664
4571
476
4572
8668
480
8673
4581
489
4586
492
4594
8692
8695
4600
4602
8700
4606
518
4616
8715
8717
8722
8724
533
8730
540
542
8734
4640
4645
8744
8745
4651
4652
557
4653
562
8755
4661
8767
576
4672
8768
4673
8770
579
4675
586
596
597
4698
4699
4702
4704
8800
609
8805
621
4719
8815
624
4722
8819
4724
633
4729
4730
4731
4732
8832
649
651
4750
8849
4756
8854
671
8863
674
4774
4775
686
687
692
694
8887
4791
697
4795
8892
708
4807
8905
4811
4818
8915
4821
8918
8921
8923
733
4837
8935
747
8945
8948
8952
4857
4858
8954
8956
4861
4866
770
4867
772
774
8967
778
8970
782
784
787
4883
8980
8981
8982
791
8987
4893
798
803
804
8996
9004
813
4909
9009
4917
9017
9022
832
835
9028
9029
9030
4937
4939
9035
9036
9037
846
9041
9045
854
9046
859
862
9057
866
4962
9058
4965
9064
878
879
9072
4978
9075
9079
888
4986
4988
897
900
9092
4998
9094
9095
9096
5002
9098
907
908
5005
5010
915
9119
931
5027
935
5033
9129
938
9131
945
9137
5043
9139
5046
952
5049
9148
956
5053
5054
9152
962
963
965
968
5064
9162
972
9164
973
9165
975
5072
5079
984
5080
985
9178
9183
5089
9185
9186
9189
5099
9195
9200
5108
5112
1018
9210
1020
1022
9218
5123
1028
5128
9225
5131
9228
1037
5138
1045
5141
5144
1049
5145
1051
5152
9250
1062
1063
5159
9255
1064
5160
1065
5162
1073
1074
5172
9268
1081
5178
1083
5179
5181
9277
5185
5188
5189
9287
1096
9289
9290
1098
1100
9294
1103
5200
9296
5201
9297
5203
1109
1110
1113
5213
1118
1124
1126
9319
5229
5231
9327
1137
9330
9334
5239
9337
1153
1155
1160
5259
1167
5265
1170
5267
9364
9366
5274
9373
1182
9385
9390
9391
5296
5297
9395
9398
9399
5305
5307
5309
5310
9406
1217
5313
5314
9410
9412
1227
9421
5327
9428
1239
5335
5336
5337
1248
5350
1257
9449
1258
5355
9454
5364
5365
9463
9466
1277
9470
5376
5380
5381
9478
5386
5389
5390
1299
9497
9499
1309
1311
9505
5410
5413
5414
1320
1321
1324
9516
5423
9519
9526
1335
9528
5433
1338
5438
5441
9542
5447
1353
5453
9550
9552
5457
5458
9555
9556
9557
9559
1368
9563
5468
9564
1375
5471
5474
1384
1387
9580
1390
1394
9587
1397
9593
1403
5501
1405
5502
1407
5504
1410
5506
1411
5509
9605
5510
9608
5514
9610
9611
1421
5519
9616
1425
9618
5526
9623
1432
1435
9628
1443
9636
1445
5543
9639
1448
1450
9646
5551
1457
5554
1460
5559
5560
1470
5568
1473
1474
5570
5576
9672
9674
5583
5584
5586
9686
1497
5595
1508
1520
9720
9724
1536
5632
9728
9729
5634
1539
5636
5638
9734
1547
9740
5651
9749
1559
9753
5660
9760
1570
5666
5668
1573
5671
1579
5679
9777
5685
1594
5691
1596
1597
9789
5695
9792
5698
5699
9795
1606
9807
9808
1617
1618
1620
9817
9818
1626
5724
5727
9823
5729
5733
5735
9835
1646
9843
5748
1654
5754
1658
1659
9852
5757
1663
5759
9858
5763
9865
5770
9868
1678
1681
9873
1684
5783
1689
9881
5786
5788
5792
1698
1701
1702
1703
5800
1705
1706
9906
1715
9910
5815
1720
9912
1722
1723
9915
5821
9919
1730
9922
9927
9930
5837
1743
9936
5843
1749
5845
9942
5847
9945
1759
1760
9952
5859
9955
5860
1764
5862
1767
5869
1774
9966
1775
9968
5874
5879
1786
5883
5885
9986
5891
1796
1801
9996
5901
1816
5912
1818
10010
5915
10012
10016
5921
5923
5924
10026
5931
5935
5938
1845
10046
1856
5952
5957
1862
10058
5963
10059
5964
1873
5969
5970
5977
10076
1886
1888
1889
5985
10081
5987
10083
1900
1901
1906
10101
10103
10105
6009
10106
1916
10109
1924
6022
10118
10119
6025
6026
1931
6029
10126
10130
10137
6043
1950
6047
6049
1957
6055
10152
1963
1965
1966
6064
10162
6067
6073
10172
1981
6080
10178
1990
10184
1993
10185
6097
6102
10200
6106
6107
2012
2014
2016
2018
10213
6121
2029
10225
2034
10231
2047
10245
10247
10250
2060
10255
6164
10262
2072
6177
2084
6185
6192
6194
2100
10293
6201
10297
6203
2111
6212
10310
10311
6218
2131
2133
10328
2142
2143
10335
6242
6245
10343
6249
2158
2160
6257
2162
10357
6262
10359
2169
10361
2171
10366
10368
10379
2191
10384
10385
2194
2196
2203
6300
2206
10399
6311
10411
2220
10418
10422
2233
10427
2238
2241
10433
10434
10435
6341
10437
6343
6344
10441
6349
6350
6351
10449
6354
10450
2259
6360
10458
2272
2276
6372
2279
6376
6377
6379
10475
2296
6392
6393
2299
2304
6405
10510
2320
2324
6420
6421
10517
6424
2331
6427
10524
2333
2335
6431
2336
6432
10532
2342
10538
6444
6445
10549
10550
2359
6457
10553
10554
2363
2364
2365
10557
2367
2369
6469
2375
10568
10569
10572
2381
10574
6482
6488
6489
6493
2401
2406
2407
6506
10602
6510
10608
10610
6515
6517
2427
2428
10626
6534
2441
6538
10637
2447
6547
2452
6550
10646
10647
10648
2459
2460
2461
10653
6558
10656
10658
2468
2469
10661
6577
2482
6578
10674
2484
6580
2486
6586
6587
6589
10686
6592
2497
2501
2502
6602
2509
2522
6624
10721
6627
2532
10725
6630
10726
6631
10727
2536
10733
10734
2543
10736
10739
10740
6646
2551
10743
10745
2556
6654
6655
2560
2562
10754
2568
2577
2579
6676
6679
6683
10782
6688
10784
10789
2599
6701
6704
2609
10802
6708
6715
10813
10815
10817
6731
2637
10829
2640
6736
10832
10837
10845
2656
10850
2662
6760
10856
2665
6763
2670
6766
6770
6772
6773
2678
2687
10882
10885
6793
6798
10897
2709
6805
10901
6808
2715
10908
6814
6815
6816
2722
6821
2729
2733
6831
2737
6833
2739
6837
2742
10934
6849
10945
2756
10948
10949
2759
6857
10954
10955
2764
10957
10959
6864
6867
2772
2773
10967
10968
10970
10971
6881
2787
6884
10980
2789
6887
10983
2792
6890
10987
10989
2798
2801
6902
6906
11004
11006
11009
6914
6915
6917
6918
6921
2826
11018
6923
11021
6925
2831
2834
6932
2841
2844
6940
2845
6941
11041
6948
11044
11046
2858
6955
11051
11052
11053
11054
2863
6962
2867
11062
6968
2874
2882
11075
11076
2886
6984
2889
11083
6989
2894
2895
6991
6993
11090
6994
2899
2900
6997
2902
11094
2908
7010
7012
7019
2925
7021
7022
2930
2935
2936
7033
2938
2942
11134
11136
2947
7043
7045
11143
7048
7050
2955
2957
7053
7060
2967
11160
7067
11164
7069
7073
2984
2987
2993
7089
2997
2999
11192
3007
7107
11203
11204
11207
11211
3023
11219
3030
7126
11223
3037
7133
11229
3039
11234
7140
11236
3046
7146
3054
7150
3056
7155
11256
3067
11259
3071
3076
3077
7174
11274
7183
11282
7188
11285
7190
7194
11293
3103
7199
11295
3106
7206
3111
11304
7209
7211
11307
3119
7215
3120
3122
11314
7221
7224
3131
3132
3134
3139
7238
3144
11344
3153
3154
3155
3157
11350
7256
7257
3162
3166
7269
7270
11368
11371
7281
3186
11386
3198
11397
7302
3208
7305
3212
3220
7320
3225
3228
3231
3237
3240
3241
7337
11438
3249
7345
7346
7350
7352
11450
7356
7357
3262
3263
7362
7363
3274
7371
11467
11468
7373
11469
7374
11476
11478
3287
3288
11486
3295
7391
3297
7398
3304
3307
7405
3310
3311
7408
7409
3315
11509
3320
3323
3326
3329
3332
3335
7431
11529
7439
7444
11542
3351
7449
11546
3362
11554
7466
11569
11571
7477
11573
3384
7480
11576
11577
7482
11580
11582
7487
7489
11585
3400
7497
3403
7502
3406
11598
3411
3412
3422
3426
3430
7527
3432
3433
3435
11632
3442
3448
7546
3456
7552
7553
3459
3461
7557
11653
3465
3467
3468
3470
3471
3473
7574
11672
7584
3491
3496
11690
7595
11691
3510
7607
7609
7610
11707
7614
7616
3524
11716
7621
3526
7625
11723
7631
7632
11728
3537
7633
11729
3538
7634
11730
11733
3542
7638
7642
11738
3548
11740
11744
11746
3555
7652
7653
11749
7655
3566
7662
7668
3578
11775
7680
11776
7681
3589
7685
3592
7691
11792
7699
7702
7703
3608
11801
7708
3617
11809
3620
7716
11814
7719
7720
11816
7728
7732
3640
7738
3644
7742
11841
11848
3660
11853
3662
11860
3673
3679
11871
11875
11877
11884
7789
7793
7794
11890
3699
3701
7798
3703
3707
3713
3715
3720
3722
3730
3731
7833
11929
11931
11938
3752
7848
3753
3754
3756
3763
11955
11956
3766
3768
11960
7867
7868
3773
3781
7877
11974
3787
7885
3790
3791
7887
11983
3794
7890
7905
3810
12010
7916
3823
12016
3829
7928
7932
7933
3841
7939
12037
3848
7948
12044
3855
7960
7963
12060
12064
7970
7973
3878
3881
3884
3885
12079
3891
3896
12088
7993
7994
3901
12093
12095
12100
8005
12104
3919
8017
8018
12114
3924
12116
3926
3927
8023
3929
3932
3934
12127
12128
3939
12133
3942
3946
12138
3950
12142
3954
12147
3958
3960
3962
12154
3963
8060
8068
12170
12171
3983
12176
8081
12178
8085
12181
3992
8089
8090
8095
12192
12197
12200
4010
8110
8114
8115
12213
12218
4029
12224
8136
12233
4042
4043
8140
8142
8147
12246
12250
8155
12256
12257
8163
12262
8167
12269
4078
4080
4084
12278
8183
11
384
98
338
2
53
69
392
11
155
76
398
50854