1350
4100
6
4102
6153
10
8204
2061
4109
8206
2062
6160
8210
8211
4117
22
2070
25
4122
6171
27
4124
4125
8222
2079
8223
8227
2085
4133
6181
39
8234
2092
6189
46
2094
8240
4144
4145
6197
8245
6198
8248
2106
4154
8250
6204
6206
64
8256
65
66
4164
8260
4165
71
4167
75
8267
76
6222
4176
4178
6227
8275
4180
6229
8277
4183
2136
89
2137
8284
93
94
2142
4191
8287
96
2145
8290
8292
2149
102
4198
6251
108
110
4206
2161
4211
8308
2167
4216
2168
6265
2170
4218
8314
4220
8316
6269
4221
6270
6271
8319
128
6273
130
4226
6276
8327
6280
8328
137
6285
4240
2198
153
2202
2203
4251
6299
8347
6301
8349
158
4258
6308
2217
6314
6315
8363
4269
8365
6318
175
4271
6319
176
6321
8371
181
4278
4280
185
2233
6329
2235
190
2239
194
6338
198
2246
4294
199
4296
201
2249
203
204
206
2254
2257
210
213
4313
218
219
2267
6365
222
2270
228
232
233
2281
4332
6380
6381
4335
241
243
244
248
4345
2298
6394
252
2300
2302
4352
257
4353
6401
261
2309
263
6411
2316
269
4367
2320
274
2323
4371
6419
2324
4373
6422
2329
281
6428
2335
4384
4385
6438
2344
2345
298
299
6444
2351
2353
6449
2354
4407
6456
6457
315
6459
2364
4417
2372
2375
329
6473
6475
4428
333
4430
6479
4432
6480
338
2387
4435
6484
6489
4442
6499
356
2404
6500
357
2405
6502
360
365
2413
6514
2419
6518
4470
6521
2427
6526
383
4481
4482
4485
6534
391
6536
394
2442
4492
6541
4495
2449
4497
4499
4500
6548
2453
6549
406
2455
2456
411
6556
2461
414
2462
4510
2464
420
2469
422
2470
2471
427
6571
431
6577
4529
4530
6579
2484
4532
6580
4534
439
2487
6583
4536
443
448
4548
6599
6603
4557
2510
4559
2512
4560
2513
468
4564
470
6616
2521
475
2524
6622
6623
479
2529
4579
6627
6629
6630
6636
4589
2546
499
2547
2549
502
503
6647
504
6648
6651
508
6657
2563
517
4613
2567
6663
6665
522
2573
4622
2576
6673
6674
531
6675
4628
533
4630
2582
6678
6679
4632
2587
6684
541
4637
6689
4642
6691
2596
6692
4645
2597
550
6695
552
4649
554
2603
556
6700
2608
6711
4664
2618
4666
571
573
4669
4675
580
6725
2630
6726
584
4685
2638
6734
2642
4690
595
4693
2646
2647
2648
2649
602
6753
610
6756
2660
2662
617
2665
4713
619
4716
2672
625
4724
629
2678
631
6776
2682
2683
6780
639
4739
644
6788
645
2693
6790
647
648
4747
6798
655
2703
4752
4754
4755
660
6805
661
4759
6809
2714
6812
672
2720
2721
674
4770
4776
6825
4783
691
4787
692
2740
6836
4789
2747
6843
6848
2753
706
6852
4805
710
712
2760
6856
714
2762
6858
715
2763
4814
6865
2770
723
6867
724
4821
6870
731
4828
733
2783
4833
6883
741
4840
6890
2798
752
4848
2803
2805
6902
4855
2808
4857
6905
6906
4859
6907
6909
767
6911
6913
4866
774
2822
6919
775
776
777
778
2827
2829
4877
782
6926
784
2838
6936
2841
4891
4893
4899
2853
4902
4904
2857
809
4907
6957
6961
2866
819
2867
4917
2870
6967
4920
825
4922
4923
4924
829
4925
2879
835
4931
837
2885
4937
6988
4942
847
2895
2898
2901
854
855
2905
2906
859
2907
7004
864
7008
2913
866
4964
4966
4967
874
7019
876
2924
4972
7025
883
7028
7029
2934
7030
7033
4986
4987
4989
894
4990
895
7039
2944
897
2946
7043
4999
2953
2954
5002
2955
5004
7053
910
2958
2959
2961
5010
915
7060
7063
5017
2971
5022
928
2976
7074
2979
934
935
936
937
2985
938
939
2987
7083
942
5038
2991
2993
5041
2998
7097
955
5054
3007
7103
3008
3010
963
7108
965
966
3015
3016
970
5066
7114
3019
5067
5068
7119
5074
979
3027
7126
987
988
7132
7134
5087
7135
5088
5089
999
5095
7145
5102
1007
5104
1009
7155
7161
1019
3067
3068
1021
7165
1022
5118
5123
7172
1033
1036
1039
7184
5138
5140
1046
3094
3095
5143
5144
7193
7194
1051
3099
7198
1054
7201
5155
1060
3111
1064
7209
7212
5165
7214
1076
3126
1079
3127
5175
7223
5177
5186
7235
3140
5188
5189
3143
5192
1097
1102
3150
3152
5200
5204
7253
1110
7255
1112
1114
5211
5212
7261
1119
1120
7264
5217
1125
5221
3174
1127
3175
3177
5226
5227
5229
7278
5231
3184
5235
5236
7284
3189
7286
3191
5241
7289
5246
1152
3200
7300
1157
3210
7306
1164
7308
5262
3216
5264
7313
5268
1173
3224
7323
5276
3230
1183
1184
5280
1186
5284
7332
7335
1192
1195
5293
7346
7347
1206
3254
3256
7353
7354
7356
5309
1214
5310
1216
1222
7366
1224
5320
5323
7373
1229
3280
3281
5334
1240
5343
5345
7394
1252
1254
1255
3303
5355
3311
7408
5364
7412
1269
5367
7416
1273
3322
1275
5371
7419
1276
5374
5376
3329
3331
3333
1286
7430
3335
7431
7432
5385
7434
7436
3340
1293
1297
7441
7442
3350
1306
1308
3357
5405
7453
7455
3362
1316
5412
1318
3366
3367
3369
5417
5419
1324
1325
3373
1329
5426
3379
1333
7477
1334
3382
3383
1336
1338
1345
7492
3397
5445
1352
5454
7502
7509
7510
5464
5467
5469
1377
1385
7532
7533
5492
7540
1397
3445
1399
5495
7543
5496
7544
7546
3450
3453
7550
1407
3456
7552
7553
7554
7555
3462
7560
5514
5516
3470
5519
5520
1426
7572
1429
5525
7574
1431
5531
5536
7584
5537
5538
1445
3495
3497
3498
1452
1454
1458
3509
7606
7607
3512
7610
5564
1469
3519
1472
7616
3521
7617
1474
5570
1476
7622
5575
1480
3528
5577
1481
7629
7630
1488
5587
1493
7638
7639
3547
3548
1502
5599
7647
3553
3555
1508
5605
3558
5606
1511
3559
5612
3566
5614
3568
5616
5618
3572
1525
1527
5625
3578
5626
5628
7677
1534
5633
5635
1541
7687
5642
7691
1548
5645
1552
5648
1553
7701
5655
5657
3610
5661
3615
5668
1574
5670
3623
5671
7721
1580
3629
5677
7732
1588
3637
1595
5691
7740
3645
5693
1598
3649
1603
3651
1609
5705
5708
7759
3667
3668
1625
3674
5722
5723
1629
5725
3678
5726
3679
1633
3684
3690
1643
5739
1644
3692
7789
1647
5744
5745
5748
7797
7799
1657
7803
1661
3709
7809
1666
7810
3716
3717
5766
5767
7815
5768
3724
5774
7822
5777
5779
1684
3733
7830
1690
3740
3741
1694
5790
1695
3743
3745
7841
1698
1699
1700
1701
3755
3756
5804
5805
1712
5808
1713
1715
1716
5812
1717
1719
1720
3768
1722
1723
5822
5823
7873
3779
1734
1736
5835
1742
7886
3791
3794
5842
3797
5845
7895
3800
5848
7896
1753
3801
7898
1757
5856
1761
5859
5861
7912
3817
7918
1775
7921
1780
5876
7925
3832
1785
1786
7931
3836
5884
1789
5885
5886
7936
7938
1799
3848
7944
3849
3850
5898
1803
7948
3854
7951
1807
7953
3858
1811
3861
1814
1818
3867
3868
7966
3871
5919
7969
1826
7971
5926
7974
1833
3881
5930
1835
3884
1839
3891
3892
5940
3895
7991
1848
7993
5945
3898
7995
1854
3903
8003
1861
3910
5961
1866
3915
1870
5967
5970
5971
3924
5972
8022
3929
5978
8027
5980
8029
1886
8031
5986
3941
8037
1894
1895
1896
3947
1901
1902
3950
8047
1904
6000
1906
3954
8052
8054
6009
1914
1915
6012
1917
1920
8064
6018
8066
3972
1925
6021
1926
8071
6024
1930
8076
6029
8081
1938
8082
6036
8084
6040
6044
3997
1951
8095
4002
1957
4006
6054
6055
1962
8107
4016
1971
4020
8116
8120
4025
6075
8124
6077
8126
4033
4035
1987
8131
6084
6086
1993
6090
1995
1996
1997
8142
8145
4050
4051
4052
2006
6104
8152
8154
6108
8156
6111
4064
4065
8161
6114
4076
2030
8176
2034
4083
2036
6133
4085
4086
2042
6139
8189
2046
2047
14
128
101
389
9
169
44
79
375
311
343
314
26
253
93
