1185
0
4100
2055
4104
2057
8204
4110
8206
2063
8207
6160
2064
24
2074
2075
29
31
32
6177
34
8228
6180
2085
2087
8233
8236
49
6193
2101
6198
55
2104
6200
58
4154
6204
62
8254
4159
6207
6209
2115
6212
4165
8261
4166
6215
71
8264
6217
4170
6218
2123
4172
6222
4175
79
80
8272
4179
6227
2132
4188
95
8288
2145
8289
4194
8290
6245
102
8294
6249
8297
110
2159
4208
8305
4213
118
6262
2167
4215
2168
4218
6277
4232
6282
143
2191
6289
4243
2196
149
6293
150
4246
152
158
4254
4255
2208
162
2211
2212
2215
2219
6317
2224
2225
185
4281
6330
192
4288
194
6346
4301
2255
6358
2263
2264
2266
6363
2282
2283
2285
2286
2288
4337
242
2292
4341
246
6390
2295
2296
249
2299
4347
4348
254
6400
2307
261
2311
6408
265
2314
6412
269
6413
6414
4373
278
6423
4378
2332
4383
288
290
6436
6440
297
298
6446
303
6449
2355
308
4404
2357
309
6455
6458
2363
4414
319
4415
6464
6465
325
326
2375
329
6473
6475
4428
2383
6481
6482
4436
6487
2392
6490
2395
2399
6495
6496
2403
4452
6501
6502
2406
363
2413
2417
2419
2422
2423
6520
4473
6522
379
2430
383
4481
4482
4484
4486
391
2439
6535
6538
2443
2444
6540
4495
402
6546
408
2456
4504
4509
6557
415
4511
2468
4516
6568
427
4523
6572
431
2480
4528
6578
2483
6580
436
2485
438
4535
440
443
2491
2493
445
2495
4543
2496
2497
4546
4548
4551
2505
4553
460
6604
467
471
4567
472
2521
4569
2524
4572
6621
479
4575
480
2531
6627
4581
6629
486
6630
4585
6633
6635
493
496
2544
497
6643
2550
4598
4608
4609
514
6659
4611
516
517
4613
4614
519
2570
6669
528
2576
6672
4625
6679
2588
4637
6686
4647
6697
554
555
6700
6701
2607
2611
2613
2615
2617
4665
2618
4668
575
2625
6725
6726
2631
4679
4682
587
588
4684
4686
2641
4689
6737
4690
595
2644
600
603
605
6750
607
6752
6755
4713
619
2670
2674
4722
6771
4725
2678
631
632
2680
633
634
635
4731
4732
6783
639
6784
4738
2690
645
4741
6790
4744
2700
6801
4755
660
661
2709
6806
4761
6810
667
4767
6816
673
2721
4772
6821
4777
682
683
6830
688
2737
692
4791
4793
699
6843
701
704
4805
2758
4808
718
4816
6865
6870
726
2781
6878
6882
6883
4836
744
2793
748
4844
4845
750
2799
4847
752
2801
757
761
6907
764
6909
2816
771
2819
4871
776
6920
2832
6928
6929
4882
788
4885
790
2839
793
4891
4892
6941
4894
2850
4903
4904
6953
2860
2861
817
6962
4915
6967
827
6971
4924
6976
833
4931
839
2887
6984
6985
846
4942
6990
2896
849
854
2903
4957
7005
2910
7009
4964
7014
2919
4969
2922
2925
881
4977
7026
2932
4985
2943
897
4993
900
2949
904
2952
5003
909
912
2960
7058
5011
916
7060
917
2965
5013
7061
918
5015
2968
924
2977
2978
5027
932
5033
7084
2993
5042
2995
2996
5046
5049
3002
7098
7102
960
963
964
7109
966
969
5066
972
3021
977
5074
5076
7125
7127
988
989
7134
992
993
7138
999
5097
5103
1007
7152
5105
1010
3058
7156
1013
3064
7160
1017
1018
1019
5116
5117
7166
1026
7171
1029
7173
7175
5127
1033
3081
7181
7184
1041
7186
5141
7190
3095
5150
1057
7204
5160
7208
3113
1066
7210
7212
3117
7213
1070
1071
3121
1074
7222
1079
1081
1085
3133
1089
7236
5191
7239
1097
1102
1103
5211
7259
1117
7262
5219
7268
7270
1129
5227
1132
3182
1135
3183
5231
3184
1137
7284
7285
3190
5238
1144
5245
7294
3199
1153
1155
3204
7300
5255
1161
1163
1164
3213
5261
7310
5264
7312
5265
1170
1172
7318
1175
1176
7323
3228
5280
5282
5285
7336
7338
1195
3243
5291
3247
7344
5299
1207
1214
7358
3263
7365
5320
5323
5325
1230
5327
3280
7378
5333
3285
3286
5334
7382
5339
1244
1245
5341
7389
5345
1250
5348
7397
1256
3304
5352
1259
5356
1261
3309
7406
7407
7409
1269
5365
3319
1272
1277
1278
7422
3328
3331
7427
3332
7429
7430
5384
1291
5392
3345
1299
1303
5399
5400
1307
5404
5405
7453
1311
5409
3363
5413
5414
7463
5419
7468
7470
1327
5423
3377
7473
7475
5429
7478
3385
3387
1341
1342
7489
1350
1352
1354
7498
1355
1360
5457
7505
7508
5462
7510
7511
5466
1371
3420
7522
3427
7526
7528
1389
7536
7538
5491
3446
3447
7543
3452
1406
1411
1414
3462
3464
1417
5516
7564
1422
7567
5519
3472
1425
7570
3474
7571
3478
7576
7577
5535
3488
1443
1444
3497
7593
5546
3499
3501
1455
3504
5553
7602
3507
1462
1463
1465
5561
3514
1468
7612
1470
3518
3519
5568
1477
1478
3526
5575
5576
1483
3531
7630
5585
1491
1496
3545
7644
1502
1503
3554
1510
1511
3560
1514
7659
3563
5612
5615
7663
5617
7665
7670
7673
1533
7677
5630
5631
7679
1536
7681
5636
3590
3591
1544
7689
1546
1550
5650
7699
7700
3606
7704
5659
3612
5667
3621
7719
1576
3624
5673
7723
1579
5678
7729
3637
7739
3644
5692
7741
3647
1600
3648
3649
5697
7746
5699
1608
3656
7753
1613
1615
3663
5712
3665
1619
3669
5719
7775
3681
7781
3689
5739
7792
1651
3699
5747
5749
1654
7798
1655
5752
3704
5753
5756
7806
5760
3716
3717
7814
3719
1672
3721
3722
7818
3724
5774
1679
5775
1680
7826
3731
1684
1688
1690
3738
5786
5787
5789
7838
1695
3743
1697
7844
7846
3751
7847
1709
7854
3761
7857
3763
5812
5813
1718
3767
1720
3771
5819
7867
5821
1728
5826
3781
3782
5833
1738
3786
5834
3788
3791
1746
1747
3799
5847
7897
5850
1755
7901
5854
5856
3811
3812
5860
7908
3813
1765
1769
3818
5867
1772
7916
7919
3824
1778
7922
7925
1785
1787
3835
5883
7931
3837
1791
7935
7941
5896
7944
3849
7946
1803
7952
1809
5905
3858
1811
1813
3863
7959
7960
5913
3866
1818
1820
3870
1825
5924
7972
3877
7973
3879
5930
1835
3883
1836
5934
3887
5935
3889
1842
3890
5938
5941
7996
3901
7998
1855
1858
8002
5956
1862
3910
1864
5961
8012
3917
1871
3923
5972
8020
3925
1878
8022
5977
5978
8026
3931
3933
8031
1888
3936
1891
8035
5991
3944
3945
8041
8042
8043
3948
3950
3957
3958
8054
8056
8057
8059
1916
6014
1919
3967
1925
3973
3976
3977
6028
8076
1934
3984
6033
3989
6038
3991
1944
8092
3997
3999
1955
1959
6057
4010
6061
8109
4014
6062
8110
1970
4018
4020
4022
6070
8118
4025
6076
6078
1983
6081
4036
1991
6087
1993
6089
1994
8139
1997
8141
4047
6095
4049
6098
2003
4053
8152
6104
2009
8157
2014
4062
8158
4063
6111
6112
4065
6113
2020
8164
6119
2024
4072
6120
6121
8171
8173
6126
2031
4079
2032
8177
2039
8184
8185
6140
2046
6142
4095
4
0
115
22
27
