579
0
1025
2
1026
1027
3
4
8
11
1035
12
1036
1040
17
18
1044
20
1045
22
1047
1049
1050
28
1052
34
1062
38
39
1064
1066
43
1067
46
1070
1071
1073
1074
1076
1077
1078
1079
56
1081
57
59
1084
1088
1089
1090
67
1091
69
1093
71
1096
73
1101
1102
1103
79
1104
1109
86
1110
1111
88
1113
91
93
1122
100
1125
103
105
1130
107
1131
108
1134
1137
115
1141
1143
119
120
123
1148
125
1149
1152
128
1153
132
133
1158
1159
1161
1162
140
1167
1168
147
149
150
1175
1177
153
154
1178
155
1180
156
1181
157
1182
159
1183
1184
161
1186
1187
1188
1189
167
169
170
1196
1197
173
1199
176
1200
178
1202
1203
1204
1205
183
1207
185
1209
189
190
191
1216
192
1217
195
1219
1225
1227
204
1228
1229
1230
207
1231
1233
1234
210
1238
215
1239
218
1242
221
1246
224
225
1250
1251
232
233
234
236
1260
1263
240
1264
241
1267
1269
246
1273
251
1275
1276
253
254
1279
1280
259
260
1285
268
270
272
1296
273
1297
275
276
277
1303
1305
282
1306
283
284
1310
286
287
1312
1313
1315
1316
292
1317
1318
1322
299
1323
300
302
1326
303
1327
305
1332
1334
1337
1338
315
1342
320
1344
1345
321
1346
324
1349
326
328
1353
1354
332
1357
1359
336
1360
1361
1362
1364
341
342
1366
345
347
1371
348
352
1378
1380
356
1381
1382
1385
361
362
1386
365
366
1393
1395
1396
372
1398
374
376
1401
378
1402
379
1404
380
1406
383
1409
1410
387
1413
390
1415
394
396
1420
397
1422
1423
401
1425
402
1426
1427
404
1430
1431
408
411
1435
1437
1438
1441
418
1442
1443
419
1444
1446
424
1451
428
1453
1454
431
1457
1458
1460
437
1461
438
439
1463
440
441
1465
1466
1468
445
1470
447
1474
451
1475
452
1476
1478
455
1480
1483
1484
1485
463
1487
466
1490
467
1491
1492
468
1493
471
1495
1497
1498
475
476
477
480
482
1506
483
485
486
487
488
1512
495
496
1521
499
504
1528
505
1529
507
1531
508
1532
510
1535
512
513
1539
517
518
1543
520
521
1547
1548
526
527
530
1557
535
537
539
1563
1564
1565
1566
542
1567
545
1571
548
550
551
1576
1579
1583
560
562
1586
564
565
566
1591
568
570
1597
1599
1600
578
582
588
590
598
600
604
605
606
609
612
615
621
622
623
624
625
631
632
638
639
646
647
652
654
657
670
674
676
678
680
681
684
689
690
691
694
698
700
701
702
703
705
707
709
712
718
719
722
724
725
729
738
742
745
753
754
757
763
764
765
768
780
787
791
792
795
796
801
807
808
811
812
818
820
825
826
833
834
838
842
843
844
847
848
849
851
852
855
856
857
860
864
866
869
872
873
876
879
880
883
884
897
898
902
907
909
910
915
917
919
925
927
928
931
938
943
952
953
958
960
962
968
969
973
975
977
978
981
983
988
989
992
996
997
999
1001
1005
1007
1008
1011
1019
1020
1021
1022
100
0
256
257
1
4
7
9
266
16
273
19
20
21
23
281
25
26
282
27
283
288
36
292
295
296
42
300
301
47
305
308
53
311
318
321
67
324
326
70
327
73
77
334
79
338
341
85
342
343
88
345
95
97
354
98
100
357
101
102
103
364
109
365
374
376
377
378
379
124
126
128
131
132
134
138
150
153
162
167
170
171
172
176
182
184
187
188
191
192
196
199
202
203
211
212
228
240
241
244
255
9.94