286
0
1
513
515
6
518
520
10
11
17
20
25
538
27
540
29
30
31
547
36
553
46
558
559
560
50
51
563
54
56
57
571
572
66
582
70
585
588
79
596
86
598
89
601
90
603
606
611
99
101
105
617
107
620
109
110
111
112
627
631
120
632
634
636
124
126
642
643
132
134
138
651
140
652
653
143
656
658
147
660
150
153
157
670
671
160
672
674
164
677
680
681
682
171
175
180
696
185
188
193
708
709
710
199
711
712
201
716
205
718
208
722
217
729
730
731
732
221
223
738
227
741
742
743
231
747
237
749
238
753
754
243
244
245
759
251
764
252
255
768
259
262
774
264
265
266
267
268
780
781
269
273
794
283
284
289
801
802
291
804
292
296
808
809
812
813
301
302
818
308
820
309
824
825
313
826
314
315
828
833
834
323
326
842
330
846
849
850
340
852
341
344
345
860
348
349
861
862
352
864
355
869
358
359
360
877
366
879
368
369
885
886
375
887
890
891
892
384
385
897
389
393
394
396
397
399
400
402
915
404
406
924
413
929
417
934
427
939
429
433
435
947
436
438
956
445
448
450
962
451
452
965
454
968
971
460
974
463
464
976
468
470
472
474
476
988
990
991
992
996
487
491
493
1005
495
1007
1008
499
501
1014
1016
504
507
508
1020
509
74
256
128
258
259
263
8
136
138
10
139
142
146
20
21
277
280
25
154
157
287
160
288
34
290
164
294
296
169
41
297
44
301
46
47
303
306
50
308
52
53
54
55
188
62
190
193
66
323
68
196
69
326
199
200
202
333
334
207
215
90
351
223
352
99
100
101
365
109
238
239
240
113
114
115
9.97