310
1024
1
2
6
8
1036
12
1037
1550
14
15
2065
18
2067
1044
2071
24
1560
27
29
31
33
37
551
552
1064
1067
558
1070
1584
1078
54
2104
1080
56
1592
1081
58
1083
1084
60
1085
1597
2109
63
1087
2112
66
578
580
1605
589
77
79
1616
592
1105
81
594
1107
2131
597
1109
599
1115
91
604
1628
2143
95
1632
97
2147
1636
614
1127
1639
1641
105
1130
1642
1132
108
627
628
2164
1141
630
1142
1655
1145
1658
2172
125
1662
1663
642
1154
1668
133
1672
138
650
139
1679
1168
148
661
665
159
1699
165
1708
1710
178
1203
1205
1719
1720
1215
1728
1219
196
1734
200
1739
716
1231
1743
1233
1234
1239
1755
733
1757
225
1251
229
231
745
234
235
1771
236
753
754
1270
1273
252
1788
1793
772
1284
1797
773
1285
774
263
1287
776
777
267
1803
268
1294
273
787
1812
277
279
1304
1817
282
1308
284
1309
801
805
294
1831
297
1325
814
1326
1839
1327
1328
821
1849
313
1850
828
1341
1855
321
833
1345
834
1859
1860
329
841
1866
1867
1868
1869
1362
852
341
342
1368
1880
344
860
353
1379
1892
1381
358
871
872
360
1900
1388
877
880
371
883
1911
375
377
1917
1918
1920
1922
387
902
392
1933
1423
1425
401
402
1427
405
1942
1432
1945
1947
1438
927
1439
1951
1440
419
423
1447
424
426
940
1965
430
1454
944
432
1461
1462
950
951
1979
1467
1980
448
1984
451
963
1475
1995
460
973
1997
2001
2002
2004
469
2005
1495
2010
986
475
1500
988
990
1508
485
1512
1519
1521
2034
498
2036
502
2038
1016
1017
506
507
1533
1534
2046
14
32
99
136
44
47
81
114
19
84
20
119
151
27
95
2847