642
0
1025
2
1026
1027
3
4
8
1033
11
1035
12
1039
16
1040
17
1042
1043
1044
20
1045
22
1047
24
1049
28
1053
29
1054
32
33
34
1062
38
39
1065
43
1067
44
46
1070
1071
1073
1074
1076
1077
1079
56
1080
57
59
60
61
62
1086
1088
1089
1090
67
1091
68
1092
69
1093
1095
73
1100
76
77
1101
78
1102
79
80
1109
1110
1111
88
1113
1114
91
92
95
1119
1121
98
1122
102
105
1130
1131
1135
1137
115
1141
119
1144
120
1147
125
1149
127
1152
128
1153
130
1155
132
134
1158
1159
138
1162
140
1168
1169
1170
147
150
153
154
1178
155
1180
156
1181
157
1182
158
159
1183
1186
1188
1189
166
1190
167
170
1195
1196
1197
173
1198
175
1199
176
177
1201
178
1203
1204
1205
184
1209
191
1215
1216
192
1217
195
1220
197
1221
1223
1225
1226
205
1229
1230
207
1231
1232
1233
212
213
1238
215
1239
216
218
1242
1243
221
224
225
226
1251
1253
1255
232
233
234
235
236
1260
238
1262
1264
241
242
1267
243
1268
1269
246
1273
251
1275
253
1277
254
1280
1281
258
1282
259
260
1287
267
1291
269
270
271
272
1296
273
1297
274
275
276
1300
277
1305
282
1306
283
1309
1310
286
287
1312
290
1315
1316
292
1317
1318
294
1320
1322
299
1323
301
1325
302
1326
1327
304
305
310
1334
1338
1340
317
1342
320
1344
321
1346
1347
324
1349
326
1353
329
1357
1358
1360
1361
337
341
342
1367
345
1370
347
1371
349
1374
351
352
1378
1380
356
1381
1384
1385
362
365
366
1390
371
372
374
375
376
1401
378
1404
380
1405
382
1406
1407
1408
1409
1410
387
1413
390
1415
392
394
1420
397
1422
399
1423
400
401
1425
402
1426
1427
1429
1430
1431
407
408
1434
411
412
1436
1437
1438
1439
416
1440
417
1442
1443
1445
421
422
1446
423
1449
427
1451
428
1453
431
432
433
1458
1459
1460
1461
1463
441
1465
1466
443
1468
445
1470
447
1472
1474
450
451
1475
452
1478
455
1480
463
1487
466
1490
467
1491
468
1494
471
1495
472
1497
474
477
1502
479
480
484
486
1511
487
488
1512
1513
1514
1516
1518
1520
498
499
1524
1525
1526
504
505
506
1531
508
1532
1535
512
513
1537
515
516
517
1541
518
520
521
522
523
1548
528
539
1564
1565
542
1567
546
547
1571
550
551
1576
553
1577
1578
1579
560
561
1586
1590
570
1595
1597
1599
1600
578
582
584
588
590
593
598
601
602
603
604
605
606
607
609
612
613
615
621
622
636
638
644
646
647
652
653
654
659
662
664
665
666
670
674
676
678
681
682
685
689
698
701
702
703
705
707
708
709
718
721
722
723
724
725
729
733
734
737
739
745
746
747
753
757
758
762
763
764
765
768
773
776
778
780
783
787
788
791
792
795
796
798
801
802
803
807
808
810
811
812
818
819
820
824
825
831
834
835
841
842
843
847
848
849
851
852
853
855
857
858
866
869
872
873
875
876
879
880
881
882
883
884
885
899
902
903
906
907
908
909
910
913
915
917
919
923
925
927
931
932
938
939
940
952
953
957
958
960
962
965
968
972
975
978
980
981
982
983
984
988
989
992
994
995
996
997
999
1001
1002
1004
1007
1009
1010
1011
1019
1020
1021
118
257
259
3
4
7
8
9
266
267
16
273
19
276
21
23
25
26
27
283
28
33
36
292
39
296
40
42
298
300
301
308
53
309
54
311
56
313
317
318
63
322
323
324
68
70
71
327
73
332
77
334
78
79
337
81
338
339
84
341
85
86
343
88
92
350
95
97
354
356
102
363
364
109
365
110
115
120
378
379
132
138
144
146
147
148
149
153
155
157
162
164
167
168
170
182
184
185
187
188
189
191
192
193
197
199
200
202
206
210
211
212
224
226
228
237
240
241
248
