1771
8192
1
8193
8194
4099
7
11
8204
15
12307
4117
12309
8217
4122
8220
8221
34
4131
4132
12326
4139
12331
8238
48
49
8241
12338
53
60
12348
61
4160
8257
4164
12362
75
4173
8269
12365
4174
12368
81
12369
4178
12374
4184
8280
12376
89
12377
12378
8283
12379
92
95
8287
12386
102
106
108
4204
110
4206
8302
4212
117
119
123
8315
125
126
8320
8322
8323
4231
136
137
4235
4238
143
4240
4241
4242
4243
149
4245
154
8347
157
8350
4263
8359
4269
4276
4283
192
4289
8385
196
8391
4296
4297
8395
4302
210
4306
4308
229
8422
232
4328
8426
239
241
4341
8439
249
251
257
8449
8452
4357
4358
8459
8460
4365
4366
4369
274
8471
8473
8478
4384
4386
8485
294
8489
4396
8497
4401
4405
310
4410
8507
8508
8510
4416
321
8514
4419
330
4427
4428
333
4429
334
335
8527
4432
8528
8532
4445
8541
352
364
366
4463
8560
4465
370
373
8567
8568
378
379
383
385
8577
8578
387
4483
4485
8581
8585
8586
397
4494
8590
8591
8595
405
8597
8598
8599
410
415
419
8613
422
423
428
429
430
4528
434
8627
8630
439
4536
441
4545
4546
464
466
468
469
4566
8662
8664
4571
4572
480
8673
4581
489
4586
492
497
8692
8695
4600
8700
4606
8702
518
4616
8715
8722
8723
8724
533
8730
540
542
8734
4640
4645
8744
8745
4651
556
4652
557
4653
562
8755
4661
4665
8767
576
8768
4673
579
4675
8771
580
586
4687
596
597
4694
4698
8794
4699
4702
4704
609
8805
616
621
8815
624
4722
8819
4724
8822
633
4729
4730
4731
4732
8828
8832
649
651
656
4753
8849
660
4756
8854
671
674
4771
4774
4775
8872
687
692
694
8887
4791
697
4793
698
8892
4798
4799
708
4807
8905
4818
8915
4821
8918
8921
8930
8932
8935
747
4844
752
8945
8947
8948
8950
8952
4857
4858
8954
8956
4861
4862
8961
4866
770
4867
772
774
8967
778
782
784
8976
787
4883
8980
8982
791
4887
793
4891
8987
798
4894
803
804
8996
4902
4904
813
4909
9012
4917
9017
832
835
9027
9028
9029
9030
840
4937
842
9035
9036
9037
846
9041
9045
854
9046
856
857
859
862
9057
866
4962
9058
4965
9064
878
9072
9075
9079
888
4988
897
900
9092
4998
9094
9095
9096
5002
9098
907
908
5005
5010
9119
9122
931
5027
934
935
5033
9129
938
940
945
5043
9139
5049
954
5051
9148
5054
962
963
964
965
966
968
9162
972
9164
973
9165
975
9171
5079
5080
985
5081
9183
5089
9189
5099
9195
9196
9200
5108
5112
1018
9210
1020
1022
9218
5123
1028
5128
9225
5131
9228
1037
5134
5138
9235
1045
5141
1049
5145
1051
9250
1062
9254
1063
9255
1064
1065
9262
1073
5172
9268
1081
5178
5179
5181
9277
5185
1092
5188
5189
9287
1096
9289
9290
1098
1099
1100
5196
9294
1103
9295
9296
5201
9297
5203
1109
1110
5213
1118
1124
9319
5229
5231
9327
1137
9329
9330
9334
5239
9337
9340
1153
1155
1160
5259
5264
5265
9364
5269
9366
5274
1182
1186
9385
5291
9390
5296
9398
9399
5305
5307
5309
5310
5314
9410
9412
1227
9421
5327
1236
9428
1239
5335
5336
5337
1248
5350
1257
9449
1258
5355
5358
9454
9455
5365
1277
9470
5376
5380
5381
9478
5386
5389
1294
5390
9490
1299
9497
5402
1307
9499
1311
9505
5410
5413
1320
5416
1321
5417
1324
9516
5421
1326
5423
9523
9526
1335
9528
5433
1339
5438
5439
5441
1349
9542
5447
1353
9550
9552
5457
5458
9555
9556
9559
9561
9563
9564
1375
5471
5474
1384
1390
1394
5490
9587
9593
1403
5501
1405
5502
1407
5504
9601
1410
5509
9605
1414
9608
5513
5514
9610
9611
1421
5519
9616
1425
9618
5526
1432
1435
5531
9628
1443
9636
1445
5541
5543
9639
1448
9646
5551
1457
5554
9653
5560
9661
1470
1473
1474
5570
5576
9672
9674
5584
5586
1497
9691
5595
1502
1508
1520
9714
5622
9720
9724
9726
1536
9729
5634
1539
5638
5639
1544
1547
9740
5651
9749
9753
5660
9760
1570
5666
5668
1573
5671
1579
1584
9777
1594
5691
1596
1597
9789
5695
9792
5698
5699
1604
1606
9807
9808
1617
1618
9811
1620
9817
9818
5724
5727
5733
5735
9835
1646
9843
5748
1654
5754
1658
1659
9852
5757
5759
9865
1678
1681
9873
9875
1689
9881
5786
5788
1698
5795
1701
1702
1703
5800
1705
5808
1715
5815
1720
9912
9913
1722
1723
5821
9919
1730
9922
1732
9930
5837
1743
9935
9936
5843
5845
9942
5847
9945
5858
5859
9955
5860
5862
9958
1774
9966
1775
9968
5874
5879
1786
5883
5885
9986
5891
1796
1801
5897
9996
1810
5907
1816
5912
1818
10010
5915
10012
5921
5923
5924
10023
1831
10026
5931
5935
1845
10038
10046
5951
1856
5952
5957
1862
10058
5963
10059
5964
5966
1873
5977
1889
5985
10081
5987
10083
1900
1901
1906
10101
10103
6009
10106
1916
10109
1919
1924
6022
10118
10119
6026
1931
10126
10129
10130
10137
6043
10142
6047
6049
1957
6055
10152
1963
1965
1966
1967
6064
10162
6067
1976
6073
1981
6080
10178
1990
1993
10189
6097
6102
6106
6107
2012
2016
2018
10213
6121
2029
6127
2034
10231
2047
6146
6149
10245
10247
10250
2060
10252
10255
10257
6162
10258
6164
6166
2072
2084
6185
6192
6194
2100
6203
2111
6212
10310
10311
6218
2129
2131
2133
10328
2142
2143
6239
10335
2144
6242
6245
10343
10344
6249
10349
2158
2160
6257
2162
2163
10357
6262
10359
6265
10361
2170
2171
10366
10368
10379
10384
2194
2195
2196
2203
6300
2206
10399
10400
6311
10411
2220
6317
10415
6326
2233
10427
2238
6335
2241
10433
10434
10435
6341
6343
6344
10441
2252
6349
10445
6350
6351
10448
10449
6354
10450
2259
6360
10458
2272
2275
2276
6372
10469
2279
6376
6377
2292
2295
10487
2296
6392
6393
2299
6398
6399
2306
6405
2315
10510
6415
2320
2321
2324
6420
6421
10517
2331
6427
10524
2333
2335
6431
2336
6432
10532
2342
2343
2344
10538
6444
2349
6445
10549
10550
2359
6457
10553
10554
2363
10555
2365
10557
2367
2369
6469
2375
10567
10568
10572
2381
10574
6479
10581
6488
6489
6493
2401
2406
2407
10602
10606
10608
6513
10610
6515
10612
6517
2422
10616
2427
10626
6534
2441
6538
2444
10637
2447
6545
6547
2452
6550
10646
10648
2459
2461
10653
6558
2463
10656
10658
2468
2469
10661
6569
10667
6572
10670
6577
2482
6578
10674
2484
2486
2487
10683
10686
2496
2497
2501
2502
2503
6602
2509
10701
6610
2518
2520
2522
6624
2531
6627
2532
10725
6630
6631
10727
2536
10734
2543
10736
2544
10737
10740
6646
2551
10743
10745
2559
2560
2562
6659
6667
2577
6675
6676
6679
6683
10779
2588
10782
6688
10784
6689
10789
2599
6704
2609
10802
6708
6709
6715
10813
10817
6731
2637
10829
6736
10832
2642
10837
10845
2656
6760
10856
2665
6763
2670
6770
2676
6772
6773
2678
10874
2687
6793
6798
10897
2708
2709
6805
10901
2715
6814
6815
6816
2721
2722
6821
2729
2733
2737
2739
6837
2742
10934
6839
6847
6849
2756
10948
10949
2759
10952
6857
2764
6864
2772
2773
10967
10970
6879
2784
10977
10978
2787
6884
2789
6887
10983
2792
6890
10989
2798
6894
2801
6898
6901
6902
11004
11006
6912
11009
6915
6917
6918
6921
2826
11018
2827
6923
11021
6925
2831
2834
6932
2841
11034
2844
6940
2845
6941
6945
11044
11045
11046
6955
11051
11052
11054
2863
6959
6962
2867
11062
6968
2874
11067
2882
11076
2886
6984
11083
6989
2894
6991
11090
6994
2899
2900
6997
11094
2908
7004
11104
7010
7019
2925
7022
2930
2935
2936
7033
2938
2942
11134
11136
2947
7043
7044
7045
11143
7048
7050
2955
7053
7060
11158
2967
11160
11164
11166
7077
2984
2987
7088
2993
7089
11185
2997
2999
11192
3007
7103
7107
11203
11207
11211
3023
11219
3030
7126
11223
11226
3037
11229
11234
7140
11236
3046
11238
7144
3052
11244
3056
7155
11256
11259
3071
11264
3076
3077
7174
11274
7183
11280
11282
7188
11285
7190
3097
7194
11293
7199
3106
3107
7206
3111
11304
11306
7211
11307
3119
7215
3120
3122
7221
7224
3131
3139
7238
3144
11340
11344
3153
3154
3155
11350
3159
7256
7257
3162
3166
7262
7269
11371
11372
7279
7281
3186
7286
11386
7294
11397
7302
11399
3208
11400
7305
3212
3220
7320
3225
3228
3229
3231
7330
3237
7336
3241
3242
11438
3249
7345
11442
7350
7352
3257
11450
7356
7357
3262
7362
3269
3274
7371
11467
7373
11469
7374
3283
11476
11478
3287
3288
11482
11485
11486
3295
7391
3297
7398
3304
3307
7405
3310
3311
3315
11509
3320
3321
3323
3326
3329
3335
7431
11529
7439
11538
7444
3351
7449
11546
3362
11554
7466
7467
3373
11567
11569
3377
11571
7477
7480
11577
7482
11582
7487
7489
3400
7497
3403
7502
3406
11598
3411
3422
3426
3430
7526
7527
3432
3435
3437
3442
3448
7546
7552
7553
3459
3461
11653
3465
11657
3467
3468
7565
3471
7567
11668
7574
7575
3480
11672
3496
7594
11690
7595
11693
3509
3510
7607
7609
7610
11707
7617
11716
7621
3526
3530
11723
7631
7632
3537
7633
3538
7634
11730
11731
3542
7638
7639
3546
3548
11740
11746
3555
7652
7653
11749
7655
3566
7662
11760
7668
3578
7680
11776
7681
11777
3589
7685
3592
3597
11792
7699
7703
3608
11801
3610
3617
3620
3621
11814
7720
11816
3627
7728
3640
7742
11841
11848
3660
11853
11860
3679
11871
11875
11877
7789
7793
7794
11890
3701
7798
3703
3707
3713
3715
11910
3720
3722
3730
3731
11929
11931
7842
11942
3752
7848
3753
11946
11956
3766
3768
11960
7868
7869
3773
3781
7877
11974
3787
7885
3790
7887
11983
3794
3810
12010
7916
3823
12016
3829
7933
3841
3842
7939
12037
12040
7948
12044
3860
7960
7963
7970
7973
12070
3884
7980
3885
12079
3890
3891
12088
7993
7994
3901
12095
12100
8005
12101
8006
12104
3919
8017
8018
12114
12116
3926
8023
3929
3932
8030
12128
3939
12133
3942
8039
12136
3945
3946
12138
3950
12142
12147
3957
8053
3960
3962
12154
3963
8060
8067
8068
12170
3983
8081
12178
8085
8090
8095
12192
12197
12200
4010
8112
8114
8115
12213
12218
4029
12221
8132
8133
12229
4040
8136
4042
8140
8142
8143
8147
12246
8153
12256
12257
8163
12262
8167
4078
4080
4084
12278
8183
8189
8190
11
98
338
2
34
69
199
392
11
76
398
367
41748