836
2049
2050
2051
5
6
2056
8
2057
9
2059
2060
14
2062
16
2066
2069
2070
2071
26
30
2079
32
2087
42
43
2095
53
57
2106
58
2108
64
68
2117
2120
73
2124
2125
79
2128
2129
83
2137
2138
2139
93
2142
2143
2144
97
2145
98
2148
102
2151
104
2155
108
114
115
2164
119
120
121
122
2171
124
2176
2181
135
136
138
2186
2187
140
142
143
144
145
146
2195
147
2197
149
2200
2201
154
155
2205
159
2207
160
162
163
2212
165
166
2214
2215
169
2218
170
171
175
176
2226
2227
181
2230
183
2231
2232
2234
2235
190
191
192
195
2245
198
201
2250
205
2255
208
212
214
2264
2265
219
2267
220
2269
223
2271
225
2275
228
2276
229
230
233
234
2282
235
238
239
240
242
2290
244
2292
245
246
2295
248
251
253
254
255
2303
256
257
2305
2306
2307
263
2312
2313
265
2315
267
268
2317
270
271
2319
2321
2326
279
280
2328
2331
2332
285
2333
2335
289
2338
2339
291
2340
294
2342
295
2343
2349
2351
303
309
311
2361
2362
315
317
2365
2366
320
2369
2372
2373
326
2378
330
2379
332
2381
336
2384
337
338
341
2394
2395
349
350
2399
352
2403
356
359
360
2409
363
364
2412
365
2413
367
2416
2418
371
2420
373
377
378
2430
384
385
388
2436
2437
390
2439
2444
397
398
2447
2448
2453
406
2455
409
2460
2461
2462
2465
2466
2467
422
2470
2471
2473
2474
2475
428
429
2478
432
2480
434
2482
2488
440
2489
441
442
446
2494
448
2499
452
2500
2502
455
457
2506
2507
460
461
2510
2512
2513
465
2514
468
2516
2520
473
2521
2522
2523
2524
476
477
478
2526
2529
482
483
2532
2533
2534
488
489
490
491
492
2541
494
2542
2543
2544
497
499
2550
2553
506
508
509
510
2559
2561
514
2563
516
2565
519
2568
2569
522
2574
2582
535
2586
539
2589
541
542
552
2601
554
2603
559
564
565
2614
569
572
577
579
580
583
590
591
594
596
597
601
602
607
612
613
617
618
624
625
628
629
633
638
639
646
647
651
652
655
656
659
661
662
668
670
673
674
675
679
692
694
707
708
712
713
714
720
725
727
729
731
739
740
741
744
745
746
749
753
756
760
761
764
766
768
772
774
776
777
778
780
783
785
786
787
788
793
796
797
799
802
807
808
809
812
813
814
817
823
824
825
826
836
843
845
846
852
853
855
856
859
860
864
867
870
872
876
877
880
884
888
890
892
894
895
904
909
910
920
923
926
928
932
934
936
939
940
953
955
956
957
962
968
969
975
979
984
986
988
993
994
996
997
998
1001
1002
1005
1007
1018
1024
1035
1036
1037
1043
1047
1048
1061
1062
1063
1064
1065
1066
1069
1088
1089
1090
1092
1093
1096
1098
1099
1101
1102
1103
1107
1111
1112
1113
1120
1121
1127
1130
1134
1137
1138
1139
1140
1141
1142
1143
1146
1147
1149
1153
1159
1163
1164
1177
1178
1181
1185
1186
1189
1190
1198
1199
1200
1206
1207
1208
1215
1220
1221
1225
1226
1228
1229
1230
1236
1239
1244
1245
1246
1248
1253
1254
1259
1260
1263
1266
1278
1280
1286
1288
1290
1294
1298
1306
1307
1309
1314
1322
1328
1331
1335
1338
1339
1340
1342
1343
1344
1346
1350
1353
1356
1357
1360
1362
1370
1374
1376
1377
1381
1383
1389
1392
1396
1399
1400
1402
1405
1414
1421
1424
1426
1434
1435
1441
1442
1444
1445
1448
1449
1453
1458
1460
1461
1464
1465
1466
1470
1474
1482
1484
1485
1489
1500
1502
1503
1505
1510
1511
1513
1517
1518
1519
1520
1521
1524
1530
1537
1545
1547
1550
1552
1555
1562
1564
1566
1570
1573
1574
1577
1582
1584
1585
1589
1592
1593
1596
1600
1602
1604
1605
1608
1613
1617
1619
1622
1627
1628
1630
1631
1637
1638
1643
1649
1650
1653
1654
1655
1656
1659
1660
1661
1663
1666
1667
1669
1677
1681
1686
1688
1691
1695
1696
1704
1706
1710
1712
1714
1717
1718
1721
1723
1726
1728
1729
1731
1732
1733
1736
1739
1740
1741
1743
1764
1765
1767
1771
1773
1779
1784
1788
1791
1793
1794
1795
1796
1797
1801
1803
1808
1810
1811
1816
1817
1818
1828
1832
1839
1842
1843
1844
1849
1854
1855
1856
1858
1860
1861
1863
1868
1869
1873
1877
1885
1887
1892
1901
1907
1910
1911
1916
1920
1921
1922
1924
1928
1934
1935
1939
1958
1959
1960
1963
1964
1965
1968
1974
1980
1987
1988
1992
1993
1998
2001
2006
2007
2012
2015
2017
2028
2039
2041
2042
2045
2047
28
5
133
134
6
7
78
81
146
84
20
23
151
90
28
157
95
32
96
99
39
46
110
52
56
57
122
124
127
