582
0
1
3
1027
5
6
7
9
10
11
12
14
17
20
21
23
25
26
27
28
29
30
31
32
33
36
37
39
41
43
44
45
46
50
54
56
57
58
60
63
66
69
70
71
79
80
82
83
84
87
88
91
93
96
97
99
101
104
105
107
110
111
112
115
116
118
120
124
126
129
132
134
140
141
143
145
147
148
149
150
153
155
156
157
158
159
160
161
163
164
168
170
171
172
173
174
175
176
177
178
179
180
182
184
185
187
188
189
192
193
196
198
199
201
202
204
205
209
212
215
216
217
219
220
221
222
223
224
226
227
228
229
230
231
232
234
235
237
238
241
242
244
246
250
252
255
257
258
259
261
264
265
266
267
269
271
273
280
282
283
284
287
288
289
290
291
292
293
294
296
297
298
299
301
302
307
308
309
310
311
312
313
314
315
319
322
323
325
326
327
329
330
332
334
335
339
340
341
343
344
345
346
347
348
349
350
352
355
356
358
359
360
363
364
366
368
369
370
371
373
375
376
378
380
383
384
385
387
389
393
394
398
399
400
402
403
404
406
410
412
413
415
417
418
419
420
422
423
424
429
431
433
434
435
436
439
441
442
443
444
445
447
448
450
451
452
454
457
458
460
461
462
463
464
468
469
470
472
474
476
477
480
483
484
488
491
495
498
499
500
504
507
508
509
510
512
513
514
515
517
518
519
521
522
526
527
529
531
535
538
539
540
542
547
553
557
558
559
560
562
563
565
570
571
572
573
576
577
578
582
583
585
588
589
590
592
594
598
601
603
604
605
606
607
610
611
613
614
615
618
619
620
623
625
626
627
628
629
630
631
634
635
636
637
638
639
640
642
643
644
647
648
650
651
652
653
655
656
658
659
663
664
665
667
670
671
672
674
675
678
681
682
683
685
687
688
695
698
699
700
701
703
704
708
709
710
711
712
713
715
716
717
721
722
725
726
728
729
730
732
734
737
739
742
743
744
746
747
749
750
754
755
758
759
760
761
762
763
764
765
766
767
768
769
773
774
775
778
780
782
783
785
788
789
790
792
793
795
798
800
801
802
803
804
807
808
809
812
813
816
818
820
821
824
825
826
828
830
833
834
837
841
842
845
846
848
850
853
854
860
861
862
863
864
865
867
868
869
872
877
878
879
882
883
885
886
887
890
891
892
893
894
896
897
900
907
908
909
910
911
912
913
914
915
916
918
921
923
927
929
930
933
934
937
939
941
943
944
945
946
947
948
956
957
958
961
962
965
970
972
974
976
977
978
979
983
985
987
989
990
991
992
993
995
996
997
998
999
1002
1004
1005
1006
1007
1008
1009
1013
1016
1017
1019
1020
1021
1023
154
1
258
259
4
5
6
262
263
8
265
10
266
268
13
14
16
18
274
19
20
277
21
278
23
280
25
26
284
285
31
287
289
34
290
35
293
294
39
295
296
40
297
41
301
46
50
308
53
54
55
311
312
58
316
319
63
320
321
322
66
323
68
69
71
331
75
76
77
79
336
80
82
83
84
343
344
90
91
348
93
351
96
99
355
100
101
360
363
365
109
366
110
112
113
370
114
115
372
117
119
123
124
127
128
135
138
139
146
147
148
155
157
159
160
162
167
169
171
175
182
184
186
188
190
191
192
194
196
197
199
200
201
202
205
209
210
212
214
215
216
218
223
227
228
236
238
239
240
241
244
248
253
254
255
16116