1177
0
1
4100
2057
2058
8202
4109
4110
8206
2063
8207
6160
2064
4112
2066
8210
23
24
2074
2075
31
32
4128
6177
34
8227
8228
6180
2085
4134
2087
2091
8239
6193
8242
4146
6199
55
2103
2104
6200
6204
8252
8254
2111
6209
2115
4164
4165
8261
71
8264
6218
2123
2124
4172
78
2126
6222
8272
2129
6227
84
2132
2133
86
2137
8282
4188
8284
2145
4194
6244
6245
8294
8297
2154
2157
110
2159
4209
6257
8305
2162
6259
4213
6262
119
2167
4215
2168
4217
8316
4223
6277
4232
6284
2190
143
4241
148
149
2197
6293
150
2199
153
2201
4252
2205
158
4254
4255
6303
2208
162
2210
2211
167
2215
171
2219
2221
6317
4272
177
2225
4273
178
2227
183
185
4282
6330
188
189
192
4288
194
4296
2249
4297
2252
4301
6349
2255
6358
2263
2264
6363
4317
223
2275
6373
2282
6378
2285
239
4341
6390
2295
2296
249
2299
4348
6397
6398
254
6400
6402
2307
261
2309
2311
265
266
6411
6412
269
2323
4373
6422
278
279
2331
2332
290
6436
6440
297
2346
2350
6449
2357
309
6455
312
6458
2363
4415
6464
6467
2373
6469
326
330
6475
4428
2383
4432
2387
4436
2389
344
2392
2394
6490
2395
2399
6495
2402
6500
6502
2406
360
4458
2412
2413
2419
2422
6520
2425
4473
6522
385
4481
4482
4483
4486
392
2443
396
2444
6540
4495
2448
6546
2452
6550
2456
4504
4505
4509
415
4511
416
2468
4516
422
427
4523
6572
4528
6578
2483
6580
436
2485
4535
2489
2492
4546
450
6595
2503
4551
2505
6606
463
464
4560
467
468
2521
4569
4571
2524
6621
2526
479
4575
480
6627
4581
6629
486
487
4585
6633
6634
6635
4588
492
493
2542
496
2544
497
2549
502
2559
4608
514
6659
4611
516
4614
519
6668
6670
6671
2576
6672
4625
6676
6679
537
4633
2588
4637
6686
2596
4647
554
555
6700
6701
2607
2608
2609
6706
6707
2611
2613
2615
2617
4665
4668
2625
6722
6726
6727
6728
4682
6731
587
588
4686
2641
4689
6737
4692
597
4694
6743
600
4698
603
2652
605
6750
6752
609
6755
613
6762
4716
2670
623
2674
6771
2676
631
2679
632
2680
633
2681
6778
634
635
4731
6780
6783
640
6784
2690
6786
645
4741
6790
4744
2700
4750
4751
6800
4755
661
6805
4761
4764
4765
4767
2721
676
6821
682
683
6830
6831
688
4789
4791
699
701
2755
4804
4805
6854
4807
4808
718
4816
6865
6867
2773
6870
726
2774
4825
2781
6879
6883
4836
2789
744
2793
748
2799
752
4853
2807
761
2811
6907
4860
764
6909
766
6912
2816
771
2819
6919
2832
6928
785
6929
4882
6930
788
4885
6934
4889
2844
4892
6941
2845
4894
2850
6951
6953
2861
6962
6965
6967
827
4927
6976
833
2884
2886
4935
839
6984
4938
846
848
2896
854
2903
4957
7005
2910
4958
7009
868
2916
4964
4965
2919
4969
2922
4970
881
4977
7026
7028
4985
4993
4996
4997
904
7048
905
7052
2956
909
912
2960
7058
5011
916
7060
917
7061
924
7078
2993
5046
5049
3002
5050
7102
959
7103
5059
964
7109
5066
972
3021
3023
5076
7125
5078
5081
988
989
7134
7135
3039
5087
992
993
3042
997
5093
5097
5098
5103
3058
7156
7157
3063
1017
1018
3071
1026
7171
1029
7173
7175
1033
3084
7181
5134
7182
7184
1041
7186
7188
5141
7190
3095
1051
5150
7199
1056
5154
3108
5159
5160
7208
3113
7210
1067
7212
7213
3121
1074
7219
3126
7222
1081
7228
7229
3133
1086
1088
7237
3142
5191
3144
1097
1102
3152
5204
5207
7257
5211
3164
1117
7262
7263
5219
7268
1129
3179
3182
1135
5231
1140
7284
5238
7286
1146
5245
3199
1152
1153
3201
1154
3204
1161
5261
5264
5265
1170
1172
3220
7318
1175
7319
1176
7321
7322
7323
3228
7326
3233
1190
7334
1191
7336
1193
1194
7338
1195
3243
3247
7344
5306
3259
1214
3263
1221
5319
5320
7368
7370
5323
3278
7378
5332
7380
3285
3286
7382
1239
1241
1244
1245
7389
3298
5348
7397
5350
5356
1261
3309
1262
3310
7406
7407
7409
1269
5365
3319
1272
7416
1278
7422
1280
1281
3331
5379
1284
3332
7429
7430
1291
5392
3345
1299
1303
5400
5404
7453
1311
5409
7457
7461
5413
5414
7463
3371
5419
1327
1328
3376
7475
3383
3385
5433
1342
7489
5448
1353
1355
5453
1360
5457
7508
5462
7510
5466
7516
1377
7522
3427
5476
7525
3430
1384
1389
7538
5491
5492
1398
3447
3452
1411
1414
3462
3464
1417
1418
5516
7564
3470
5519
3472
5520
5521
3474
5524
7576
7577
1438
7583
3490
1443
3497
7593
1452
1453
3501
1455
3504
7602
7603
7609
5564
7612
1470
3518
7614
3519
5568
7621
1478
3526
5575
5576
5578
1483
3531
7630
5585
7634
1496
7644
1503
7651
1510
1511
3560
3562
7659
3563
1516
5612
5615
7663
1525
5622
7670
3576
1533
7677
5630
7678
5631
5632
1536
1538
3592
7688
5641
7689
1549
1550
1551
1553
3602
7699
1556
7700
3606
5655
7704
1562
5661
7713
3619
5668
1574
7719
1577
7723
1579
3628
1584
7729
1587
7732
5687
5691
5692
7741
7742
3647
1600
5697
7746
7753
1613
1614
5710
1615
3663
3665
5713
3666
1619
5719
5720
3672
1626
7774
7777
5733
3689
3690
5743
1651
3699
5747
7798
3703
5752
5753
5754
1660
7806
5760
3717
7814
1672
3720
3722
1678
5774
1679
5775
1680
3730
3731
1684
3734
3738
5786
5787
5789
1694
1695
3743
7839
5792
1697
7841
1700
7844
7846
7847
1704
1707
3755
1709
5809
5812
5813
3767
3771
5819
1728
5826
3781
3782
3785
1738
3786
5834
7883
3787
3788
1743
5839
1747
3799
1755
3804
7901
5856
3811
5860
3813
1765
5864
1769
3817
5867
7916
1773
7917
1778
7922
7925
7926
5878
7927
3835
7931
1789
3837
1791
7935
1792
7944
3849
7946
3851
1803
5900
7952
1809
3858
1811
1813
7958
3863
7959
7960
7961
3865
1819
1820
5916
5917
3870
7973
1831
3882
5930
1835
1836
1837
5934
3887
5935
3889
5937
1842
3890
5941
1845
5948
7996
3901
1856
8001
1858
8002
5956
1862
3910
1864
8012
3917
1871
3923
5972
8020
3925
1878
5975
3928
5977
5978
3931
5980
1885
3933
8031
1888
3937
5986
3940
8036
3944
3945
8041
8042
8043
8044
3957
3958
8056
8057
3963
6011
8059
8062
1919
1922
3973
3975
3976
1931
3979
6028
8076
1934
3984
1940
3989
6038
3991
6039
1944
1946
1947
3999
6048
4005
4006
1959
6057
4010
6058
1965
8109
1966
6062
8110
1970
4020
1973
4022
6070
8118
4027
6078
4031
1987
1993
6089
1994
8139
1997
8141
4049
2003
6101
4053
4054
6103
8152
6104
2009
4061
2014
4062
4063
6112
4065
6113
6119
2024
4072
6121
2028
8173
2031
4079
2032
8177
4082
8179
2039
8184
8185
6140
2046
6142
4095
4
1
115
22
134
3267