1823
8192
1
8193
8194
11
4108
8204
15
12307
4117
12309
4118
4121
8217
4122
8220
12318
12319
4129
12322
4133
8229
4134
12326
4139
12331
8237
12333
8238
47
4143
48
49
8241
4147
8246
56
12344
8250
12346
12351
8257
4162
4164
12362
75
77
4173
8269
12368
81
12369
4178
12374
4184
12376
89
12377
12378
8283
12379
92
8284
12386
8291
102
8295
106
108
8301
4212
117
119
4218
8314
123
125
8319
127
8320
130
8322
131
8323
136
4232
4235
4238
143
4241
4243
149
4245
154
4250
8347
157
8350
4263
4269
8367
8373
4283
4289
8385
8391
4296
4297
8397
8411
228
8422
4328
241
8436
8439
8440
251
257
8449
8450
8452
4358
8454
266
8459
4364
8460
4365
4366
274
8466
8471
281
8473
284
8478
4384
4386
8485
294
4396
4401
4404
4405
310
4406
4410
4411
8507
8510
4416
321
322
4419
8516
4425
330
4427
8524
4429
334
4430
8527
4432
8528
8533
4445
8541
366
4463
4465
8564
373
8567
378
379
383
8575
8577
387
4483
8581
4486
8585
8586
4491
4492
397
4494
8590
8593
405
8597
8598
8599
410
4506
415
417
4515
8611
423
4522
428
429
4528
434
8629
439
8633
8634
443
8636
4541
8638
4543
4545
4546
452
8646
459
464
468
469
4566
8662
4571
476
8668
480
481
8673
4581
489
4586
492
4594
8692
4597
8695
4600
4602
8700
4605
4606
512
8709
8711
8715
8717
8722
8724
533
535
537
8730
540
542
8734
4640
8739
4644
4645
8744
8745
4651
4653
8750
8752
562
8755
4661
573
8767
576
4672
8768
4673
8770
579
4675
8771
586
4687
596
4698
4702
4704
8800
609
610
8805
621
4719
624
4723
8819
4724
4727
633
4729
4730
4731
4732
8832
651
4750
655
8849
4756
8854
663
8862
8863
672
674
4774
4775
686
692
4788
694
4791
698
4795
8892
708
4807
8905
4811
4818
8915
4821
8918
8921
8923
733
737
4837
8935
8948
8952
762
4858
8956
4861
4866
770
771
4867
772
774
8967
778
8970
782
784
8977
787
4883
8980
8981
8982
791
4893
798
803
8996
806
9004
813
9009
4917
9017
9022
832
9028
9029
9030
4936
4937
4939
9035
9036
9037
846
9040
9041
9045
854
9046
859
862
9057
866
4962
9064
879
4978
9079
888
889
4986
4988
897
900
9092
4998
9094
9095
904
9096
5002
9098
907
5005
912
5010
915
9119
931
5027
935
5033
9129
938
9131
944
945
9137
5043
5046
952
5049
9148
956
5053
9152
962
5058
963
965
968
5064
5067
972
9164
975
5072
5079
984
5080
985
9178
990
9183
5089
9185
9186
9189
9195
9200
5106
5108
5112
1018
5114
9210
1020
1022
9218
1028
5128
9224
9225
9228
1037
9230
1039
5138
1043
1044
1045
5141
5144
1049
9247
5152
1062
1063
5159
9255
5160
5162
1073
1074
5172
9268
1081
9274
5178
1083
5179
5181
9277
1088
5185
1091
5188
9287
1096
9289
9290
1100
9294
1103
5200
9296
5201
9297
5203
1109
1110
1113
5213
1118
5218
9314
1126
9319
5229
5231
9327
1138
9330
5237
9334
9337
9340
1153
9345
9346
1155
1158
1160
5259
1167
1169
5265
1170
5267
1172
9364
5270
9366
5274
1179
9373
1182
1185
5283
9385
9391
5296
9392
5297
9395
5301
9398
5305
5309
5310
9406
1217
5313
5314
9410
9412
1222
1227
5327
9425
9428
1239
5336
5337
1248
5350
9449
5355
9453
9454
5364
5365
9463
9464
9466
1277
9470
5376
5380
5381
5386
5389
5390
1299
9493
9497
1309
1311
9505
5410
5413
5414
1320
5418
1324
5421
5423
9519
9521
9526
1335
9528
1338
5441
9542
5447
1353
5453
9550
9552
5457
9555
1363
9556
9557
5462
9559
1368
5465
9563
5468
1375
5471
5474
1384
1387
9580
1390
1394
9587
1397
9593
1405
5502
1407
1410
5506
1411
5509
5510
9608
5514
9610
9611
5519
1425
9618
5526
9623
1432
5531
9628
1437
1443
9636
5543
9639
1450
9646
5551
1457
5554
1460
5559
9661
1470
5568
5570
1477
5576
9672
9674
5583
5584
5586
9686
5595
5603
1508
9720
5628
9726
5632
9728
9729
5634
9730
1539
5636
9734
1547
9740
1554
9749
1559
9753
9755
5660
1570
5668
1573
5671
1579
5679
9777
5685
1594
5691
1596
9789
5695
9792
9793
5698
5699
9795
1606
1612
1614
9807
9808
1617
1618
1620
1623
9817
9818
1626
5724
5727
9823
5729
9828
5733
5735
1641
1646
9843
5748
5754
1659
9852
1663
5759
9858
5763
9865
5770
9868
1678
1681
9873
9875
1684
5783
1689
9881
5786
5788
1696
5792
1698
1701
1702
1703
5800
1705
1706
9906
1715
9910
5815
1720
1722
1723
9915
5821
9919
9920
1730
9922
9927
9930
5837
1743
9936
5843
1749
5845
9942
5847
1752
9945
1759
1760
9952
5859
9955
5860
1764
5862
1767
9962
5869
1774
1775
9968
5879
1786
5883
1791
9986
5891
1796
1801
9996
5901
5907
1816
5912
1818
10010
5915
10012
10016
5921
5923
5924
10026
5931
10028
5938
1845
10046
5952
5957
1862
10057
5963
10059
5964
10062
1873
5969
5970
5977
10076
1886
1888
1889
5985
10081
5987
10083
10091
1901
1906
10101
10103
10105
6009
10106
1915
1916
10109
1924
10118
1927
10119
6025
6026
1931
6029
10126
10130
10137
6043
1950
6047
6049
1957
1963
1965
1966
6064
10162
6067
6073
10172
1981
6080
1984
10179
10181
1990
10184
10185
1994
6094
6097
6102
10200
6107
2014
2016
2018
10213
6119
6121
6124
2029
10225
2034
2035
2036
10231
2047
6147
10245
2054
10249
2060
10255
6164
2070
6166
10262
2072
6177
2084
10277
2095
6192
10293
6201
10297
6203
2109
2111
6212
6213
10310
10311
6218
10316
10322
2131
2133
10328
2142
2143
10335
6242
6245
6249
6254
2160
6257
10357
6262
10359
2169
2171
10366
10368
10379
2191
10384
10385
2194
2196
6300
2206
10399
6311
10411
2220
6317
10418
10422
10427
2241
10433
10434
10435
10437
6343
6344
2252
6350
10449
10450
2259
6360
10458
6364
2276
6372
2279
6376
6377
6379
10475
6382
2296
6392
6393
2299
2304
6405
2314
2317
10510
2319
10512
2320
2324
6420
10517
6424
2331
6427
10524
2335
6431
2336
6432
10532
2342
10538
6453
10549
10550
2359
6457
10553
2363
2364
2365
2367
2369
2375
10568
10569
10572
2381
6482
2390
6488
6489
6493
2401
2407
2408
6506
10602
2413
6510
10610
6517
2427
2428
10621
10626
6534
2441
6537
6538
2447
6547
2452
6550
10646
2455
10647
2459
2460
2461
10653
6558
10658
2468
2469
10661
6577
2482
10674
2484
6580
2486
6586
6587
6589
10686
6592
2501
2502
6602
2509
2522
2523
10719
6624
6625
10721
6627
2532
10725
6630
10726
10727
2536
10733
10734
2543
10736
10739
6646
2551
10743
10745
2556
6654
6655
2560
2562
10754
6663
2568
2577
2579
6676
6679
10782
6688
10784
10789
2599
6701
2608
6704
2609
10802
6708
2613
6715
10813
10815
10817
6731
2637
10829
2640
6736
10832
10836
10837
6744
6745
6746
2656
6754
10850
10851
6757
2662
6760
10856
2665
6761
2670
6766
6770
6772
6773
2678
6775
2687
10882
10885
2696
6798
10897
6802
2709
6805
10902
2712
6808
2715
10908
6814
6815
6816
2722
6818
6821
2729
2733
6831
2737
6833
2738
2739
6837
2742
10934
10942
6849
10945
2756
10948
10949
2759
6857
10954
10955
2764
10957
10959
2768
6864
6867
2772
10967
10968
10971
6881
10978
2787
6884
10980
2789
10983
2792
6890
10987
10989
2798
6894
2801
6900
6906
11004
11006
11009
6914
6915
6921
2826
11018
6923
11021
6925
2831
2834
6932
2841
6940
6941
2846
11041
2851
6948
11044
11046
2858
6955
11051
11052
11053
11054
2863
2865
6962
11062
6968
2882
11075
11076
2886
11079
2889
2894
2895
6991
6993
6994
2899
2900
2902
11094
2908
7007
7010
7012
11108
7019
2925
7021
7022
7024
2930
2931
2936
7033
2938
2942
11136
7043
7045
11143
7048
11145
7050
2955
2957
7053
7060
11158
2967
11160
7067
11164
7069
7073
2981
2984
2987
2988
7085
2993
7089
2997
2999
11192
3007
7107
11203
11204
11207
11211
3023
11215
11219
3030
7126
11223
3037
7133
11229
3039
11234
7140
11236
3045
3046
7146
3054
7150
11247
3056
7155
11256
3067
3076
3077
11274
11279
11282
7188
11285
7190
3097
7194
11293
3103
11295
3106
7206
3111
11304
7209
3114
7211
11307
3119
7215
3120
11314
7224
3130
7228
3132
3134
3136
7232
3143
3144
11344
3153
3154
3155
3157
11349
11350
7256
3166
7262
7269
7270
11368
11371
7276
7278
3186
11386
3198
11397
7302
3208
7305
3212
7320
3225
3228
3231
3237
11430
3240
3241
7337
11438
3249
7345
7346
7350
7352
3257
11450
7356
3262
3263
7362
3267
7363
3274
7371
11467
11468
7373
7374
3285
11478
3288
7387
11486
3295
7391
3297
7398
3304
3307
11500
7405
3310
7408
7409
11506
3315
11509
3323
3326
11520
3331
3332
7431
11542
7455
3362
11554
3367
11559
7466
11569
11571
7477
11573
11576
7481
11577
7482
7484
11580
11582
7487
3392
11585
7497
7498
3403
3404
7502
3406
11603
3412
3417
3422
3426
3430
7527
3432
3433
3434
3435
7536
11632
3442
3448
7546
3451
3456
7552
7553
3461
7557
11653
3465
3467
3468
3470
3471
3473
7574
11672
3487
7584
3491
3496
11690
7595
11691
11692
3509
3510
7609
7610
11707
7614
7616
7619
3524
7621
11720
7625
7631
7632
11728
3537
7633
11729
3538
7634
11730
11733
3542
7638
11734
7639
7642
11738
3548
11740
11744
3555
11747
7652
7653
7655
3566
7662
11759
3570
7668
7671
3578
11773
11775
7680
11776
7681
3586
3589
7685
11783
3592
7691
11792
7699
7702
3608
11801
11802
7708
3617
11809
11811
7716
11814
7719
7732
3640
7738
3644
11837
7743
3649
11841
11848
3660
3662
3673
11871
7776
11872
11875
11877
7786
11884
7789
7791
7794
3699
7795
3700
3701
7798
3703
7799
3707
3713
3714
3716
3720
3730
3731
7830
7833
11929
3739
11931
11938
3752
7848
3753
7849
11945
3754
3756
3762
3763
11955
11956
3766
3768
11960
7867
3773
3781
7877
11973
11974
7880
3787
7885
3790
3791
7887
11983
3794
7890
7905
3810
12010
7916
3823
12016
3826
7922
3829
7928
3836
7932
7933
3841
12037
12039
3848
7948
12044
3855
7960
7963
12060
12064
7970
3878
12072
3881
3882
3884
3885
12079
3891
7987
3896
7993
7994
3901
12093
12095
12100
8005
12104
3919
8017
8018
12114
3924
12116
3926
3927
8023
3929
8026
3931
3934
12127
12128
3939
12133
3942
8041
12138
3950
12142
3954
12147
8052
12150
12154
3963
8060
8068
8070
8071
12170
12171
3983
12176
8081
12177
12178
8085
12181
3992
8089
8095
12192
12197
12200
4010
8110
4018
8115
12213
12218
4029
12224
8131
8136
12233
4042
4043
8142
8147
12246
12250
8155
12257
8163
12262
8167
12269
4078
4079
4080
4084
12278
8183
12
384
1
98
69
230
392
11
76
398
366
53
155
