425
1024
1025
1
2
6
7
8
1036
12
1037
14
1038
2063
15
1041
18
19
21
24
1049
1050
27
29
31
33
1060
37
1063
40
1065
1067
1070
1074
1078
54
2104
1080
56
1081
57
1083
1084
60
1085
63
1087
66
67
1092
72
76
1100
77
79
1105
81
1107
1109
2137
1113
91
2139
2143
95
97
2146
100
1127
2152
2153
105
106
1130
1132
2156
1133
110
1134
2158
113
117
1142
120
1145
2169
1147
2172
125
2174
129
1154
2181
133
2183
138
139
1167
1171
1175
158
1196
1197
174
178
1203
1205
185
1211
1212
189
1215
194
1219
196
1221
200
201
1226
204
206
1231
1233
1237
224
225
231
1257
234
236
1270
247
251
252
1277
257
1284
1285
263
1290
267
268
1294
1297
273
277
279
282
1308
284
287
1312
1317
294
297
1327
304
306
308
1334
311
313
314
1339
1341
317
1343
320
321
323
329
1354
1361
1362
341
344
345
1369
1377
353
1379
1381
360
1388
1394
380
382
386
387
388
1413
389
1415
1423
1424
1425
401
1427
405
1431
412
415
419
421
1445
423
1447
426
429
430
1454
431
1462
1463
1466
1467
448
451
468
469
1495
471
475
1500
1502
1506
482
485
1512
1519
1521
498
502
506
508
509
1534
514
517
518
519
1544
525
1550
528
1554
531
1557
534
535
1566
1571
551
552
555
558
559
562
1587
1589
572
574
575
1599
576
1601
578
580
1606
1611
592
594
597
599
1627
604
606
1632
1634
1636
1641
627
628
630
1657
642
643
644
1668
650
1681
657
1682
660
661
665
1690
1698
1699
1700
679
1705
682
1707
1708
684
1719
700
1728
705
1729
710
1735
713
714
1738
1739
715
1740
716
733
737
743
1768
745
747
1772
1773
753
754
756
1788
772
1797
776
777
782
787
1812
789
1817
793
797
1823
804
1832
810
814
1839
818
821
1849
828
833
1859
841
1866
1867
1869
847
1872
850
852
1880
1892
869
1894
871
872
877
879
881
1911
1914
1915
893
1919
895
1921
1922
901
1933
1939
917
1942
1945
1947
928
937
1964
940
1965
944
946
1970
1972
1973
950
1978
963
1990
973
1997
976
977
2001
2002
979
2004
2005
2010
986
2012
988
990
2023
1000
1007
2034
1011
2036
1016
2041
1018
1020
1022
20
32
96
99
163
4
7
136
72
138
44
47
111
81
114
19
84
20
151
122
60
