628
2
1026
1027
3
1029
1030
8
1033
10
12
1036
1040
18
20
22
1047
1049
1050
28
1053
1054
33
1062
38
1063
39
1066
43
1067
1068
45
1070
1071
1073
1074
1076
53
1077
1078
1079
56
57
59
60
61
1085
63
64
1088
1089
1090
67
68
1093
70
1095
73
1102
1103
79
80
1107
1108
86
1111
88
1113
91
93
95
1119
98
102
103
104
105
106
1130
107
1131
108
1137
115
116
117
1141
118
1143
1144
122
125
1149
1150
1152
132
134
1159
137
1162
140
1165
141
1166
1167
1168
1169
1171
147
150
1176
153
154
1179
155
1180
1181
157
159
1183
1184
1186
1189
1191
167
1192
169
1194
1196
174
1199
176
1200
177
178
1203
179
1205
184
185
1209
1211
187
188
1213
189
192
1217
195
1220
197
1221
1222
198
1225
1226
1228
205
1229
206
207
1231
1232
1233
211
1235
212
213
1238
214
215
1239
216
218
1243
221
224
225
1250
227
1251
1252
1254
231
1255
1257
233
234
236
1260
238
1262
242
1267
243
1269
246
248
1273
250
251
1275
1276
253
254
260
1284
1285
1287
266
1291
268
270
271
1296
1298
274
275
276
277
1303
1304
280
281
282
1306
1307
283
284
285
1310
1312
1313
290
291
1315
1316
292
1317
295
1320
299
1323
300
1325
302
1326
1327
305
306
310
1334
315
316
317
1342
320
1344
1345
321
1347
1349
325
326
1351
329
332
1356
333
1357
336
1360
1361
337
338
1362
340
341
342
1367
345
1370
1371
349
351
352
1377
1378
1380
356
1381
360
1384
362
364
366
1393
371
372
373
376
378
1402
1405
1406
385
1409
1410
387
1411
1413
390
1414
1415
394
1418
396
1420
1421
1422
399
1423
1424
401
1425
402
1426
1427
404
406
1430
1431
407
1436
1437
1438
415
417
1446
1448
1450
1451
428
1453
1454
430
431
1455
432
433
1457
1458
1460
436
437
1461
438
439
1463
1466
1467
1468
1470
1471
447
1472
1474
450
451
1476
453
456
1484
463
1487
1489
466
1490
1491
468
472
1497
1498
475
1502
1503
1504
480
1505
482
483
1508
486
487
489
490
1514
1518
495
1520
497
1521
498
499
1524
1525
502
504
505
507
1531
508
509
510
1535
512
513
515
517
1541
518
1543
520
1546
525
1550
527
1551
528
530
1557
1562
539
1564
540
1565
1566
542
546
1570
547
1573
551
552
1576
1578
554
556
559
1584
560
562
1586
1589
566
1590
569
1595
1598
1599
1600
579
582
583
586
588
590
592
593
594
596
598
600
603
604
606
609
612
615
616
617
621
623
624
628
630
635
638
647
652
656
657
660
662
664
665
666
669
670
676
679
680
681
684
685
686
688
689
691
697
702
703
705
707
708
712
714
718
719
721
722
723
729
738
739
745
746
747
753
754
761
762
764
769
772
773
777
780
782
783
784
787
795
801
808
810
811
812
817
818
820
826
831
832
833
834
835
838
841
842
843
847
848
851
852
855
857
858
860
865
866
867
868
869
873
876
879
882
885
886
893
902
903
905
906
907
909
910
912
913
919
924
925
931
932
935
937
938
942
943
948
952
953
954
957
960
962
963
966
975
976
978
980
981
982
983
985
987
988
989
992
997
998
1001
1011
1017
1018
1019
1020
153
256
257
1
2
3
4
7
8
9
265
266
267
13
15
16
18
275
19
20
21
277
23
25
282
27
28
285
29
30
31
32
33
35
292
36
294
39
40
41
42
44
300
45
47
49
51
308
53
56
313
62
64
321
66
67
68
324
327
73
331
75
76
333
78
79
80
81
338
83
339
340
84
341
86
343
88
89
93
350
351
96
97
354
98
100
101
102
358
103
363
364
109
366
110
111
367
113
114
370
115
371
374
119
376
120
377
380
125
127
131
132
138
140
143
145
152
153
155
157
158
159
162
167
168
170
174
175
177
182
184
187
189
191
196
197
202
203
212
213
218
225
227
228
231
237
239
240
241
245
247
251
254
255
