5619
16384
32768
16385
32771
4
32772
16389
7
11
8206
24594
32788
20
8212
16406
23
8215
24599
16409
32795
8220
29
32798
32799
24608
24609
24612
16422
24614
8232
42
24618
32810
8235
44
46
24622
49
32817
24631
32824
24634
32827
32828
16448
24640
8257
32837
70
16455
32839
16457
32846
24654
32848
8274
24659
8276
16469
86
8279
16471
24663
92
24668
32860
93
8285
32861
24670
32862
32866
24675
99
8291
16483
101
16486
32871
32873
8298
8299
16491
16494
24686
24688
32880
113
118
8310
8311
32887
121
8315
32893
32894
8319
16513
8323
16516
32900
16517
24709
32901
24710
8327
24711
136
137
139
16523
32908
8333
16527
32911
144
24721
32914
148
8343
16537
16539
156
16540
157
158
8351
16544
8355
16548
8357
24741
24745
32937
16556
172
32942
16559
176
177
8369
178
24754
179
24756
32950
8375
16571
16572
16573
32957
190
16575
8386
32962
196
16580
16581
8391
8392
8394
24781
16590
16591
24783
32975
16595
8404
24788
24790
8407
32983
8408
8413
16605
224
24800
24803
24807
8427
24812
16623
8432
33008
24817
242
245
24821
24823
24826
16635
24828
24829
255
8447
256
258
16643
33027
8452
8454
8455
266
16650
33034
24843
16651
24844
273
16660
33047
8475
16669
24863
289
24866
24868
293
24869
33061
33063
296
8488
8491
8493
16686
304
8497
8500
24884
309
311
8504
16697
8506
8507
24892
33084
16701
33085
33087
8512
8513
24898
16708
325
16710
24902
33094
327
8519
8520
16714
16715
332
333
16717
8527
24912
337
24913
16723
340
33109
8537
348
24924
8542
24930
356
8549
24934
24936
8555
33132
33135
16753
24946
33142
8566
8570
16765
16766
385
387
8579
8581
24966
8583
391
392
393
33161
16778
24970
395
24971
8591
16783
401
8595
33174
8599
24984
16793
410
411
24987
8605
33181
8607
418
8610
419
16803
8612
16804
421
16805
24997
8614
16806
33191
424
16808
8617
16811
8621
25005
25006
25007
432
8627
16819
25012
33204
33208
16827
8635
25021
33214
16833
8646
455
458
8653
25039
25040
33232
25042
33236
25045
16855
16858
8667
16860
33244
33245
8670
16862
482
25058
484
16868
25061
486
488
33256
490
16875
25069
25070
495
16880
33265
33266
16885
16886
16887
8696
25080
33276
508
25084
25085
8703
16896
8706
516
16900
16902
16903
8712
16904
523
16907
25100
33294
526
8720
16915
536
33307
540
542
25118
16927
546
16931
33315
8740
550
16935
33321
8746
25130
33322
557
8749
25135
16945
567
572
16956
25148
573
16957
33341
574
8767
16961
577
8770
16964
25158
8776
585
8778
8779
8780
33356
8781
8782
16974
16976
8785
25170
16980
25176
8793
16985
603
16987
16988
16991
8800
8803
33379
33381
8807
25191
33383
17000
25194
33386
17003
25196
622
17006
17007
25199
25200
33392
25204
8821
17013
8822
634
33402
17019
17021
25214
33407
17025
33409
642
17026
17031
649
17035
652
655
8847
656
25232
657
8849
658
8850
660
8853
25237
25239
33431
665
17049
8859
17052
669
33442
25251
25255
8874
688
17075
17078
8888
33466
33468
701
25277
17086
8902
8904
25288
8905
714
8906
715
17102
25295
33488
721
722
8914
33490
33492
725
17109
33493
17110
17111
25305
731
736
8929
25313
8931
17124
25319
25320
33512
33513
8940
25326
751
17136
33520
33524
33525
33526
8951
17146
763
25341
17151
17152
25345
25346
771
772
8964
8965
25356
33548
17165
33552
785
33553
17169
787
8979
25363
17172
790
8985
794
25370
8987
33563
17181
25375
802
17186
25380
33572
17189
805
25381
806
17191
25384
809
25385
17194
33578
17195
25387
813
815
17199
25392
33585
9009
33586
17203
33588
17206
33592
9016
9020
25404
33596
17213
25405
9022
25409
33602
33603
25412
17221
33605
839
840
17224
841
25417
842
17226
17228
845
17230
847
17231
17232
25427
9044
25428
33620
33621
33623
17242
25434
9051
860
17244
17245
33630
9055
25440
9060
872
17256
25448
9066
25450
17261
879
17263
881
9074
9077
886
25463
17272
892
25470
17279
897
25474
17283
17284
9096
17289
907
910
25486
17295
913
916
9108
33684
917
9109
25497
17311
9120
17312
33696
17314
9123
17316
933
25510
935
9127
17319
33704
33706
33709
25518
9135
25519
17329
9137
33713
33715
9140
17332
33716
33717
17335
17336
25528
953
9145
33721
9147
9150
33728
25537
33729
17347
9156
25540
9157
17351
9163
33740
9166
9168
17360
33745
25554
9171
25557
982
17366
17367
984
985
17369
25561
9178
9180
33757
25566
9183
17375
17377
33761
17378
33762
9187
17379
33763
17380
25573
33765
999
1000
33768
9193
33769
1002
9194
25579
9196
17388
9198
17390
25582
33775
1008
25588
25590
33782
1016
25593
33786
33788
1024
17408
25601
1027
25607
9224
33800
9225
17419
9229
25614
1039
25615
9232
33812
17430
9241
1050
1052
17436
1055
17441
25637
25638
25640
9257
25642
1067
33838
9266
33844
33845
33848
9273
25657
33849
33850
25661
9282
33861
17478
9287
17479
17481
25678
9297
17489
33873
1106
33877
17496
17497
1114
9311
9312
17504
9314
25698
33891
25700
33892
17510
33895
25704
1130
17515
17520
1138
25714
25716
9332
1140
17529
9338
9339
9342
1151
9345
33922
9347
33923
1156
9348
17540
33924
1157
17542
1158
33926
1159
33929
1162
25742
1167
33935
25744
1169
33937
25746
9362
9364
17559
17561
17567
1185
25761
33953
1186
1187
1188
1191
33960
1194
17578
17579
9388
17582
1200
25777
33969
1202
1204
17588
33973
1207
17591
9400
33978
17595
33981
25790
25792
1218
1219
1220
17604
25797
1223
25802
33995
33998
1233
9425
17621
25813
1238
25814
17623
25816
1240
34009
9433
9434
9437
34016
17633
1256
17640
34024
25833
1260
9455
34032
1265
9460
1269
34037
1270
1271
25848
17657
34042
34043
1276
17660
34046
9471
34050
1283
1284
1285
17671
1287
34056
9481
9482
25866
17676
17677
25869
34061
1295
1296
1298
9492
25876
34068
25880
9497
9503
34079
25890
1317
9509
25894
1320
17704
9514
17707
9518
1328
17713
17714
9523
25908
9526
34102
9531
1340
17724
17725
34109
1342
9534
34111
1347
1352
17738
9546
17741
25933
1358
9551
25936
9553
25937
25938
25940
17749
1367
25945
34137
1371
1374
17758
25950
1375
34144
9569
34146
17763
25956
34148
25960
17771
9581
1391
25968
9586
9587
34164
25973
25979
17789
34173
1406
25983
1408
9600
17793
9602
1413
25990
17799
25992
1417
17801
1419
25996
34188
9613
17805
17806
34190
34191
9616
34192
34193
9618
9619
17811
9620
34199
17816
9626
17820
9630
34207
1441
1442
1446
34215
17831
26023
9640
34216
34220
26029
1455
34224
17841
1458
9651
34227
34228
1461
26038
9656
17850
34235
9660
17854
9664
9668
26054
1479
1480
17864
1481
17866
26059
9677
26062
17871
1487
9683
34260
26069
34261
1494
9686
26070
9687
17879
34264
9689
17884
9696
26084
1508
34276
9701
1510
9702
17896
9709
17901
34285
1518
9712
26096
34289
26098
26100
34293
17911
1528
9720
26104
34296
1529
17914
9725
17917
1535
9727
17921
9730
26114
9731
1540
9733
26118
34310
1543
9738
1546
17930
1547
17934
34318
34321
9745
17939
34325
26133
17942
26134
34326
17943
26135
1561
34329
26138
9755
26141
1565
9758
17951
17952
1569
26145
34338
9763
17957
9773
34351
1584
17970
17973
34358
34361
9786
34364
17981
9791
26175
26177
9796
17989
17990
26183
26187
34379
17996
17997
9808
1616
34385
1619
1620
9812
26196
9813
9815
18009
34393
34399
26210
9828
9830
34407
1644
1645
9837
26223
34417
9842
18034
34418
26227
34419
18038
26230
34423
9849
34426
9851
34428
1662
26240
18050
26242
9860
18055
9864
9865
1674
18058
26251
34443
9868
9869
26253
9870
18062
9871
26256
34448
18065
18066
9876
18069
26262
26263
18072
26264
26268
1693
26271
26274
18083
34470
1703
1704
18088
34472
1705
9897
9900
26284
9901
1710
18094
26287
9906
26290
18101
26294
1718
9910
1719
26297
1721
9913
34489
1722
26299
26301
1726
9918
34494
26303
18112
1729
1730
18114
26306
1733
26313
9931
18127
9936
18128
26322
9940
18133
26325
18134
18135
26327
34520
34522
34526
18144
34528
34530
9955
18147
26339
9960
9961
1769
1771
34541
18158
1774
18162
34546
34549
26357
18166
1783
26361
18170
26367
18177
18178
34562
1795
9991
34568
9993
26378
9996
1805
34573
34575
26384
26387
18196
1814
26390
18201
26393
10011
1821
34591
18207
1824
34592
10017
34593
26403
34596
26405
18215
10024
1832
26409
34602
34603
1840
34608
1842
18227
34611
18230
10039
1848
34617
10042
18234
34620
10048
18241
18242
10054
18246
1863
18247
26440
34635
1870
1871
34639
34641
18258
26450
34642
18261
18263
34648
18267
10079
26464
18274
10083
18275
34659
10087
34663
10088
34666
1899
18283
34669
1906
26483
10100
26484
1909
34677
1910
18294
1911
10103
1913
10105
26490
10109
34685
1918
26494
1921
34690
1923
1924
18308
1929
18313
34697
1930
26506
1932
26508
34700
10125
1934
1935
34704
10132
26516
1942
10134
34710
1944
18328
10138
1948
34717
26526
10143
1952
10144
34720
26529
18337
1955
26531
1958
10151
1962
26539
1964
26541
10158
34735
26544
34736
10163
18355
10165
1980
18364
18365
26557
34751
10178
1987
10180
18373
26565
1990
18374
34758
26567
26569
26572
1997
1998
2000
34768
10194
2004
26581
18390
34774
10199
10200
2008
10203
2013
34782
18399
26592
34784
2017
10210
18402
2019
26595
2020
2022
2025
34797
34802
2037
18421
2038
10230
18422
26617
18427
34811
10236
2045
10238
2047
34817
18434
18435
26627
26629
18438
18439
2057
2058
26634
34828
34830
10256
34837
2069
2071
10263
18455
10264
2073
26649
34841
2075
26652
10269
34845
2078
26656
10273
26657
10276
2090
18474
18475
18476
10285
18478
2095
26672
10289
18481
10291
2101
26678
18490
2107
26683
26684
26685
2112
2114
26691
18502
34886
34889
18506
26699
10316
26700
2125
10317
26701
26702
10320
2129
18513
26705
26706
2130
2136
18520
26712
18521
18522
2139
10331
26715
34908
26717
34909
34911
26720
10339
18532
34916
18534
18535
18537
18538
26730
2156
18541
26734
18543
10352
26736
34930
2163
26739
10356
18549
10360
2168
2170
10363
2173
26750
26751
34943
34944
10368
2177
10372
18564
10373
34955
2189
10381
18574
26767
34959
2192
18578
10388
18581
2198
18582
34966
10391
34967
2200
18584
18586
10395
26783
2207
34976
34977
18594
18595
18598
34984
10409
2218
2221
10414
18609
18612
2229
10421
18614
34999
10427
26811
2239
18623
10432
35008
35009
2243
35018
2251
18635
18636
26828
10447
18641
2257
18642
35027
18644
26837
35029
26838
35031
18648
26840
26843
10459
2271
10464
18656
10466
2277
26853
2278
10470
2279
18663
10474
2283
2285
2286
2288
35059
26868
2293
10486
18679
35063
10488
18681
2299
10491
26875
26876
26877
2302
10494
10495
26879
2304
10499
35077
10502
2312
2313
2318
26895
2320
35089
10514
18706
35091
18708
10517
26903
2328
10522
35098
35099
18716
26908
10525
10526
18719
26911
35103
26912
2339
2341
18726
26919
18728
26924
2351
26928
35120
10545
2354
18743
10552
18744
26936
18745
26937
35130
10556
10557
18750
10560
18754
2373
10565
18758
2375
2376
10568
35149
18767
35155
10580
2388
35156
18773
10585
18777
2394
2397
18782
26974
26975
35171
2405
26981
2407
18793
26985
10603
10604
18796
26992
2418
10610
35187
10612
2424
27000
10617
10618
18810
2427
10619
18812
2431
10623
35199
18816
2433
18818
18821
2438
35206
18823
10632
35208
27018
18826
2443
27019
35212
35213
2446
18830
2447
10641
2451
10645
10646
10647
27031
27034
35226
27036
10654
35230
10655
27039
35231
27042
35235
27045
2471
10663
27047
10666
10668
2477
10670
27056
35250
2483
35253
18871
35255
2489
35257
35258
2491
10687
18879
18882
35268
2501
2504
10696
27080
27081
2507
10700
18892
10703
2513
27089
27090
35289
27097
35290
35291
2524
2525
27101
2528
35296
10721
18913
18914
18916
18917
2536
10728
2537
18921
35305
18922
18926
2543
27119
2544
27120
10739
27124
2549
27127
35319
18936
10745
18937
35321
10746
27130
10748
27133
10750
2559
2561
27137
35330
18947
35331
18948
35332
2565
18950
10761
18954
35338
18955
35341
2574
27151
2576
18960
10769
2581
35350
35351
10777
2586
35354
2587
18971
35356
27164
10781
27165
27167
18975
35360
10785
27169
10787
18979
35365
27174
27175
35368
10793
27181
27183
10800
18992
27184
2609
27185
35377
2610
35379
2612
2614
18999
10808
10809
19001
35386
2619
10812
10813
35389
35393
19013
10822
19014
2632
27211
27212
2637
10829
10831
19024
27219
2644
35412
19029
35413
10838
19030
19031
27224
10840
19036
19038
35422
2657
2659
19043
2662
19048
2665
2666
2670
2671
19056
2672
10865
19058
27251
10870
27256
19065
10880
2689
19073
27266
35458
10885
35462
27270
2696
27272
10889
27273
2698
2699
35467
19084
19085
2704
10897
35473
2706
27284
27288
2713
35483
2716
10909
19101
27297
27298
35490
27299
10916
10918
19111
19113
27305
2730
2731
19116
35502
10927
19121
35505
19125
27317
10934
10935
10937
2745
27322
10939
27323
19133
2750
19135
2754
10946
35525
10950
27337
19146
27342
19151
19152
19154
19156
10968
10969
27353
2778
27354
19163
27357
19166
27358
35550
35552
27361
2786
10978
19170
27362
2788
19173
2790
19174
2792
10985
2796
10989
35566
10992
19184
35570
35573
2809
35577
27387
2812
27389
11006
35582
2817
19205
35590
11015
27400
19209
27404
2830
19214
2834
2835
11030
19225
2842
11034
27420
11040
2849
27426
2851
27428
2852
19236
2853
11048
35624
2857
19243
2861
11053
11054
2868
27447
27448
11065
11066
35645
2884
35656
27465
27466
35658
35659
2892
2893
11085
11086
19279
27471
2897
11089
19281
35665
35667
35670
27481
2905
19290
11100
35676
2909
11102
11104
11107
19304
2921
2925
11118
35695
35696
2929
27505
11125
27510
11127
2935
27512
19321
19322
35706
19323
27515
27517
35710
2943
27519
35711
35715
11139
19332
11142
19335
2952
19336
27529
11150
19342
19344
11156
2965
35733
35734
19351
11160
35736
27545
19355
2972
2980
27556
19366
2983
19368
27561
27562
2987
35755
11180
19372
11181
2990
35758
19377
2994
27570
11188
19382
11191
19385
19386
27578
3004
19388
27581
3009
27585
27586
19398
35785
19401
3018
35786
11211
35787
35788
19405
11214
27598
35792
35793
11218
11221
19414
35798
35802
3035
11229
27614
27620
11237
3048
35817
3051
19443
3061
19446
35830
19447
3064
27643
3068
3069
19454
27648
11270
19463
27655
11272
3080
3084
27660
35852
27661
11283
11290
19485
27677
19486
27678
27679
35872
11297
3106
11299
19491
3109
27688
35883
19500
11308
3117
11311
35888
3121
19507
3124
27700
27701
3127
27704
3133
27711
19520
11329
19522
3142
3143
3145
19529
11338
27723
3151
19537
19540
27732
3157
27733
27734
19543
11352
35928
27738
35931
35933
27742
11359
11360
11364
19557
11366
3175
11367
19565
27757
11374
35952
11377
3186
19570
27762
3188
19574
11386
27771
27773
11390
3198
19585
27777
3202
35970
3203
19588
27780
3208
11401
19593
27786
3211
27790
27792
3217
11411
3220
35989
11413
27799
35991
11416
27802
35996
11421
3232
11425
27810
3235
19619
3236
3237
11431
36007
27818
3243
27821
36013
11438
19630
19632
27825
19635
36020
3257
27835
11452
36028
19645
27837
3262
3264
36032
11457
36034
11460
3270
19656
3274
19658
11467
19659
27852
11470
36046
3279
27855
19665
11474
11475
36053
27862
27866
27870
36062
19679
36063
3296
3297
36065
27874
19683
3300
11492
36068
3303
11499
36076
27885
36078
3311
36079
11504
11507
3316
19706
27898
11515
36091
11519
19711
36095
11520
27904
19717
3333
11525
11526
3335
19719
3336
11531
27916
11533
3342
27919
19727
3344
36115
11540
3348
19735
11544
27928
27931
11550
36127
19752
27945
36139
19755
3372
3373
27950
11567
27957
19769
36154
11582
27966
36158
3393
27969
36161
36162
36163
3396
19781
36165
3398
27974
19783
27976
27977
11596
36173
11601
3410
11603
36180
3416
11608
11609
36185
19802
3418
27996
3421
19805
11617
3427
28006
11623
36199
28009
3436
28012
28015
36207
36212
36214
3447
11641
36217
36219
3452
36220
3453
19839
28031
36223
11648
19841
28033
3458
11650
3460
3461
3464
28041
11659
28045
3470
19854
36238
36240
3473
19861
11671
19864
36249
11675
19867
19868
36254
3487
19871
28063
3490
36259
28068
36261
28070
28072
36265
11689
19881
3499
28075
3502
11702
3514
19898
36283
3516
11708
3517
11710
28094
36286
19903
3520
19907
28100
28101
3527
19911
19916
3537
3539
3541
11734
28121
11739
19933
3551
19937
36321
11746
36322
19940
3559
19944
11753
28140
3565
36335
11760
19952
3571
11765
28149
36341
3574
19960
11770
36348
28157
28158
36351
11776
36353
3587
28163
11780
36356
3591
3593
28169
11786
3596
11789
3598
19982
11791
36367
19985
11794
28180
11798
36377
19994
28186
36379
3612
28188
11805
3613
11806
19999
36383
28197
36392
28202
28203
20012
3632
20016
20019
28211
20020
28213
3639
20023
3640
36409
3642
3646
28222
3647
20032
3650
28227
28228
36421
11846
20041
3658
20043
28235
36428
28241
20050
36434
28243
36436
3670
20055
3671
3673
36443
3675
11867
3676
36445
3678
28254
3680
20064
28256
3681
3685
20069
11878
11881
36457
36459
11885
36461
20078
11889
36465
3699
11892
11895
11898
3707
20091
11901
3710
20094
20095
11904
3713
11905
3714
36487
28296
3721
11913
20106
3723
20107
28301
36493
28302
3727
11921
36498
36499
28309
20119
36503
20121
20122
36506
11931
36508
3742
20126
36511
20128
36514
11939
3751
11943
20135
36520
20137
36522
3758
20142
3760
11952
3761
20145
28337
11954
28339
36534
36535
20152
3769
36537
28346
3771
28347
28348
36540
20157
11966
28351
3775
3776
20161
36548
11973
28358
28359
36558
3798
36570
11997
11998
28382
11999
12001
28385
12002
20195
3812
3813
36582
20198
20199
28392
12009
12010
3820
20204
3821
20205
3822
12014
20207
36592
28401
3826
36594
12019
28403
28404
12021
3830
12027
12029
20222
12031
3840
28419
12039
28423
3848
28426
12043
20235
12045
28431
36623
20240
28432
12050
3859
20243
20244
28438
36630
36631
28440
3866
12058
20250
36634
36635
3867
28447
12065
20259
3876
20260
12070
28455
3881
36650
3883
12076
20269
20271
3894
3900
20285
3903
12095
20289
12102
20294
36681
3916
20303
3920
12112
20304
36689
12114
20306
3923
28500
3925
28502
3927
28507
3932
28508
36700
28510
3938
36709
28518
20327
36712
36717
3950
36720
3953
28530
3958
36726
12154
3963
12155
20347
12157
3966
28542
3967
28544
12162
3972
12164
36740
12166
20358
3977
12169
28554
20363
20364
12172
36753
28563
20372
3991
28568
3993
28571
3996
3998
36767
28576
4001
12193
20385
20387
20388
28580
12198
12200
20392
36776
28586
12202
12204
36780
4015
28591
28592
36785
28595
12212
36789
28597
4023
12215
12216
28601
12218
20412
12221
28607
12225
28609
4037
36805
4039
20423
12234
12235
20428
12238
28624
36817
12241
28627
12245
20438
12247
20442
28635
36829
20447
12259
4068
28649
20459
20460
36846
12272
20464
28657
4082
4084
4086
12278
12280
4089
28668
4094
20480
36864
4099
36867
4103
12297
12298
28682
4108
4111
20496
4114
20499
20500
36884
36885
36886
20504
36889
4122
20507
20508
4125
4126
36895
36897
20517
4136
4138
20522
36908
4141
20527
28719
36913
20530
28723
4148
20533
4155
12351
36927
4162
28738
4163
4166
36934
12361
12364
12365
28749
12367
36947
20564
36950
4183
12375
36951
12377
12379
20572
20573
36958
20575
28767
4192
12384
36961
12387
20579
4197
20582
28776
20586
4204
28782
36975
12400
12404
36980
20598
36982
4215
4216
12410
28794
4221
36989
20607
20610
12420
36996
20615
28807
4232
12424
37000
20621
37005
12430
12432
28823
4249
20634
37019
4252
4253
37022
12447
28833
4259
12451
37027
4261
4262
20646
28838
28839
4264
37033
20649
4267
12460
12462
37038
37039
28848
20659
4276
37045
4281
20665
37049
4282
12474
4286
28863
4288
4289
12485
37063
4295
12488
12489
37066
28874
4299
28876
4301
20685
37069
4304
28882
12499
20692
4311
37085
20702
28894
12511
12512
28897
4323
20708
28901
4328
37100
20718
20722
37108
4341
28922
37114
12539
28923
37116
12542
20735
28929
4354
28930
28931
28932
37124
20741
20743
28935
4362
37131
20748
28941
20750
20753
12565
4377
12570
4378
28959
37152
12577
12580
4393
37162
4395
4396
20782
20783
4400
28978
20787
37174
4408
37176
37177
4411
4412
20797
28989
12608
20800
28994
37187
12611
4420
28996
37188
20805
20806
4424
29000
12617
4429
12621
20813
37197
20815
37199
4434
4437
37205
37206
4439
4440
29016
4441
12633
20826
37213
20830
37214
29023
4448
4450
37218
20835
29027
20837
4454
4455
12647
20839
20841
4458
12651
20844
4463
20848
37232
29044
12662
29046
37238
4477
20861
12671
12672
12673
20865
29058
4486
12680
12682
20877
20878
12688
37265
37266
4500
12695
4503
29079
4506
29082
4510
37278
4511
37282
4517
37287
20908
4525
37293
12719
29103
12724
4537
20921
12731
4539
12733
4542
37310
4543
4544
4549
4550
12745
12747
29131
4558
4560
4561
29139
37333
29142
4568
29149
37341
29150
12774
20966
4584
12776
37353
29164
29167
20982
12791
29175
37367
29176
4602
37370
29179
20990
4606
37376
20992
29186
12804
20999
12809
37385
4618
4619
12811
37387
21005
21006
4623
29199
4626
4629
21014
29206
4634
37403
12830
29221
4648
12841
4650
21035
37419
37420
29229
12845
4654
29231
12850
21042
37426
21043
12853
4662
12856
37433
37436
12861
29247
12865
4673
37442
29252
37445
4679
21064
21065
37451
37454
37458
29268
37460
37461
4695
21079
37468
12893
37473
12900
4710
4714
4717
37488
29297
29298
29299
12916
29308
12924
21116
37500
21117
29310
12927
29312
37505
37506
4739
4740
4741
29322
4747
29323
37516
21132
29324
4749
21133
4753
21137
12947
21139
4757
4758
12951
37528
4761
29339
12956
4764
37532
37534
4768
21153
29345
37537
4771
29347
4772
12964
21157
29351
12971
4780
21164
37549
21168
37552
21169
29361
12984
4794
12986
21178
4798
21182
4799
29377
21186
4803
12997
37573
4809
37583
4816
4818
13010
29394
4820
21205
29402
4827
21212
4829
29405
37599
29409
37601
4837
37610
29423
37616
4849
29425
4851
4852
4855
29433
21242
21247
21249
4868
4871
13064
29448
29449
13066
4876
37644
4879
21263
4880
29456
29459
21270
21271
13079
29467
13084
21277
4894
4895
21279
13091
21285
13095
4904
37672
37674
37675
4907
37679
4913
4917
13110
29496
29497
29498
4925
4927
4931
21315
37700
37701
29511
4937
21325
37711
21328
21329
21330
29523
13143
37719
29529
29530
21339
4957
13149
37725
37727
4959
29535
13153
21346
29539
21351
21352
21354
4971
37741
4975
4976
21360
37745
21362
13170
21364
29557
21367
13177
29561
21372
29564
4989
21373
29567
21377
4996
21381
4998
37766
21384
21387
29580
29582
5011
29587
13204
13205
37784
37786
29594
37788
37790
21409
13218
5029
21415
13223
29607
21416
21417
37801
21418
29610
37802
29611
37804
29613
21424
29616
29617
5042
21426
29622
21431
13241
29625
29627
13244
5055
29632
37824
13249
21441
21442
29637
21446
37830
37831
13255
37832
5065
5066
5067
21451
5068
29644
37836
29645
37837
29647
5074
29651
21461
37845
29656
21465
29658
37851
21472
37858
37859
13284
29670
5096
29672
13290
21482
21483
29675
37868
29678
21493
29686
37879
37880
29689
21498
37882
13309
37885
21502
13313
21505
5123
13315
5124
5127
13319
21512
29704
37896
29709
5135
13327
21519
5136
13328
37904
29713
37911
13335
21528
29723
29724
21533
29726
29727
37919
21537
5156
5157
37925
13351
37927
29738
21547
37933
37934
5170
13364
29749
5177
21561
5181
5188
13381
29765
21574
13385
21579
29772
21583
29775
37967
37968
37971
5204
29780
37972
21591
5209
37978
13404
21597
5214
21599
13408
5219
37989
21607
29807
38000
5233
13425
21619
29812
21621
5238
29816
13432
38009
38010
29819
5246
13439
29825
5250
38023
21643
29837
5262
29838
5263
29841
38033
29842
29843
13460
29847
21657
38042
13467
38045
13471
21670
38057
13482
38058
38059
29868
5294
13487
21680
21683
29879
13495
21687
29885
5310
13503
38080
5313
21699
5317
21701
29895
5321
13513
13514
29898
38092
5324
21708
29900
21710
13521
5330
29906
13524
38101
38102
21722
38110
38113
5346
5347
38116
5353
13545
29929
5354
29932
38124
5358
21742
13551
38129
5362
21746
21747
38133
5366
13558
5367
13559
21754
5374
29951
5376
21761
5378
38146
38150
21766
13575
38153
5388
21772
21774
29968
38161
21779
13588
29974
13591
5401
13594
13595
29979
13596
5405
21790
38174
13600
29984
21793
5410
21794
38178
29987
5412
13605
29990
5415
5417
13611
38187
38190
30000
38192
5425
30002
21812
21814
5431
13625
5436
13628
21822
38207
21823
5443
21827
30019
5445
5446
30023
5448
5449
13642
5451
21836
5456
30032
21841
21844
13654
30038
5463
21851
5468
5472
13668
30053
13670
30057
5482
21866
30059
21872
5489
30070
5496
30074
30076
13694
30080
5505
30081
30083
5509
13702
21896
21897
13706
21899
21903
5520
13713
21909
13721
13722
30107
5534
13729
5539
30116
13733
30119
5546
13738
13739
13740
21932
5548
5551
30127
30128
5553
21938
13746
30130
21939
13748
21940
21943
5560
13753
13755
21947
21949
13762
5573
21957
5576
21964
5581
21965
21966
30160
5584
5585
13777
5587
13779
21972
13782
21977
13787
30173
13792
21985
30177
5604
30187
13804
21996
5613
5614
21998
13807
30191
5617
22005
5623
13820
22012
5629
5630
22014
5634
30213
22022
13833
5642
13834
13836
22033
5650
13842
30226
5652
13849
22041
13850
5659
13851
22044
5661
13856
22050
22052
22055
5675
5676
13868
22060
13869
30253
13872
5682
30259
5686
13878
5688
13880
30264
5690
22075
30269
13891
5703
30279
30280
30281
13897
5710
30287
13907
22099
13908
13910
5719
30297
22107
30299
13917
5726
30305
30307
5737
13929
30318
13936
13940
30324
13942
5750
30328
5753
22137
5756
22142
5762
5763
22149
30341
5766
22150
30343
22158
5775
5776
22160
30352
5779
13974
5785
13978
13981
30366
22175
5795
5796
5797
22185
22189
5807
30383
5808
14001
22193
5810
5814
14007
5816
14012
5822
5828
14022
30407
30408
5832
30413
22223
5842
22226
22229
30421
14039
22235
5852
22239
30433
5861
14053
30438
14055
5864
14058
30444
22254
30446
14064
22256
14066
14070
30457
14074
5883
22268
22269
14079
14083
5893
5894
30473
30477
5901
5902
22288
5906
30482
30486
5913
5920
22304
5921
14115
14117
14119
5929
22315
30507
14125
5935
5938
30517
22325
22327
30519
14136
30520
5946
22330
5947
30523
30524
30526
22334
14144
30528
22338
5955
14149
5959
5960
22344
5961
22345
5962
30541
5968
5969
30547
5972
22362
22363
30555
30557
14174
5984
30566
22379
22380
30572
14189
22381
22382
6000
30577
22388
30581
6006
30583
6009
6011
14206
14207
30591
6016
6017
14209
22406
14221
14224
14228
30613
14230
14231
30615
22424
22428
22431
6057
22441
22442
14256
6065
22450
6069
30645
30648
6073
6074
30651
14268
6077
14271
30663
6092
30668
14289
22481
6098
14291
22483
22486
6108
30686
22497
6114
22500
6118
6119
22505
14314
22506
30698
14315
6125
22511
14319
14322
22515
14324
30709
14327
6137
22521
30713
22522
22523
14336
30720
14341
30727
30728
6153
14345
30730
14351
22544
30736
30737
14354
22550
22553
6170
30747
6174
14366
22558
6175
14367
22560
30754
14374
6184
14377
6186
14382
6191
14383
22575
6193
30770
30773
22582
30775
30777
14394
30781
6205
30782
14399
6210
14403
14404
22596
30789
6218
30796
14413
14418
22611
14421
6230
22614
30806
22617
30811
14428
14430
22622
22626
30818
22628
14439
30823
30824
30828
6253
14446
14447
6258
14450
30839
14456
14463
30849
6277
22661
22662
6281
6282
14474
14475
22667
6284
6289
22673
22674
14483
14484
14486
6294
30873
14490
6300
6304
6305
22689
6306
14498
30884
30885
14502
22694
30886
30888
14505
6314
14506
14508
30892
6322
6323
30899
22710
6327
6328
22712
22719
14529
6340
22725
22728
30922
14539
14541
30926
30929
6354
30930
6355
22739
6358
22743
6366
30943
14560
6372
14569
22762
6379
14574
22766
22767
22769
14579
30965
6390
6392
14586
30973
14591
22784
6407
14602
14603
30990
6415
30994
14611
30995
6421
22806
22808
6427
22814
22816
22819
6441
22825
31017
6443
14637
22831
31024
6453
14646
6455
31031
6456
22840
31034
6458
14650
6462
6463
22847
22854
31046
6471
31047
14665
6475
14667
14668
22861
6478
6479
14673
6485
22869
14680
14681
6503
6507
6509
31086
22895
22898
6518
22902
14712
22904
31097
31100
31102
31109
6537
14729
14731
22928
31121
6546
6549
31125
14742
22935
31130
14747
31140
6568
14760
14762
31146
22956
14771
14772
22964
6581
31158
31159
22968
31161
22970
14780
14781
31166
22975
31167
22977
14787
22981
22986
6603
22987
31184
14804
14806
22999
31192
23003
31195
6620
14814
31198
31199
6629
31205
31207
6632
31208
31210
14827
6636
14828
14831
23024
31217
14834
31220
31224
31226
23035
6652
14844
14852
6661
23045
31240
23049
6665
23056
31248
6676
23062
6680
14875
23074
31266
6693
6697
23081
6698
31275
23088
31280
23093
31285
6711
14903
6712
6720
6723
23107
31299
31300
14920
23112
23113
23114
31306
23118
14927
14929
31317
23127
31324
31327
14944
31328
6753
31330
23138
31332
14950
23143
31335
6760
31339
14955
6763
6768
23155
6772
6774
6775
14968
6779
23163
6785
14977
31363
23172
6789
14981
14983
31368
6794
31370
6797
14989
6801
6804
23189
6806
23191
31384
15003
6812
23198
23199
31391
23202
6822
23206
23207
15017
23210
15020
23212
6829
15025
6836
23221
31415
6840
23224
6844
31421
23230
15039
31426
31427
15046
31430
15047
23242
23244
31436
31437
6862
6863
31439
15056
23248
23250
23251
6868
15062
15063
31449
31455
6880
23268
6885
15078
23271
15085
23286
31481
23290
31484
23292
23299
6916
6918
6921
31497
23306
15115
31499
15116
31500
6925
15117
31503
31504
6931
15125
15126
6937
15129
23321
6938
15132
23326
31518
15141
23333
31525
15148
6957
6961
23346
15159
23351
31543
6971
6972
31548
6973
23364
15172
23365
6983
6985
6986
6989
15181
31565
15182
31566
6994
23378
23379
23381
15194
31580
15197
23390
23392
31585
23394
7011
7014
15210
23403
31595
23405
7022
23408
7025
31603
15220
7031
31608
23417
7036
23420
23423
7042
23428
7046
23432
7051
15244
31630
15253
7064
31642
7067
23451
31645
31646
23455
15263
15266
7075
23459
7082
31660
15277
31661
15278
7087
31663
31664
15281
23473
7090
23475
15284
7093
31669
7095
7096
31674
7100
7101
15293
15294
23487
31681
15299
23491
31684
31685
15302
23496
15308
31701
7126
7128
15321
23515
7133
7139
15331
23523
7141
31717
15334
23530
7147
23537
31730
23541
31733
7159
31735
23546
15355
31741
23551
15360
31744
7169
31745
23554
31746
15363
31753
7185
15379
15385
15388
31772
7198
31776
23585
31778
31779
7205
7206
23594
31786
7211
7214
15406
31791
31792
7217
7219
23604
15414
7223
23610
23611
23613
31805
7230
23614
15424
7234
23620
15430
23622
23623
15432
7242
7243
31819
31820
7244
15437
23630
15442
23638
15449
31834
7259
31836
7263
15457
15458
23652
15460
15461
7272
23659
15471
31855
7281
7283
7284
15476
31861
7286
23671
23675
15486
15492
7305
15502
7312
7314
31891
23700
31894
15512
23706
15519
15522
23715
23717
31909
15527
31911
23721
15531
15536
31921
31924
15542
7351
31929
7355
31940
23749
15559
7370
31946
7372
15567
23759
31953
31954
7380
31958
15575
31959
23768
15580
15581
15582
23776
15584
7394
23779
7396
15590
23791
7410
7412
15604
7414
23798
23800
7417
31998
15615
31999
15616
7426
7430
32009
32010
23821
32019
15637
32021
7447
23831
15640
7449
7450
23834
32026
15643
32033
7458
23842
15651
7461
23846
23847
15657
15660
32045
7473
15665
23859
15667
7478
15673
7482
32058
7483
15680
23875
7494
15686
23878
7496
23881
15690
7499
15691
15692
7500
32076
7502
15697
23889
32081
23892
15702
7511
23895
23896
7514
32092
32093
15710
32095
15712
15713
7522
32103
23913
7530
23917
32113
7540
15732
23924
32118
32120
32121
32122
32130
23940
15750
32135
23944
7561
23946
32140
23949
23950
32144
32147
15764
7574
7576
15768
7580
32159
7584
32160
7586
15780
32166
15784
7593
23977
23978
7595
15794
32179
23988
7605
7606
32182
7607
32183
15801
7612
32188
7613
32191
32192
7616
24001
15810
24007
15818
32203
24014
32208
7633
24017
15828
24021
15829
32215
7641
15835
7644
7645
15838
15839
7648
15841
7650
15844
32228
32229
7653
32230
7657
15851
15855
7664
15856
15857
7667
24052
7671
7672
32248
7675
32252
7677
32253
15870
32256
32257
32258
7685
7690
24075
32268
32269
24078
7695
15887
32274
7699
24083
32276
15896
32280
15901
7711
24099
15910
7719
32295
24105
32298
15915
7724
24108
7727
15919
7730
15925
7735
32311
24127
15938
32324
24132
7750
32326
32330
7756
24143
7763
24147
15959
24152
15962
15963
15964
24161
24164
32357
7782
32358
7784
24170
15979
24173
15984
15987
24179
32372
15989
7797
32375
7802
7804
15996
32380
7805
24189
32381
7806
7807
15999
16001
24193
16004
32390
7815
16007
32391
32394
7819
16013
7822
32398
32399
24208
32400
16018
7827
32403
32404
16021
32406
7831
16024
7833
7834
24220
32416
16032
7841
24226
24228
16039
7854
16046
16047
7857
24245
32438
24247
32439
7865
32442
16061
7870
7872
7874
16071
32456
7880
32458
32459
32461
7888
24273
7890
16083
7892
32469
7894
32473
24284
24287
32481
7905
32485
16104
24296
32490
7915
32492
16111
24303
32496
7921
32497
24306
7924
7929
16121
32508
24318
7935
32511
24321
16132
7943
24331
16141
7956
7957
24342
24343
32535
16152
16153
7961
32538
7963
7964
24349
7972
16165
32554
16171
16174
24366
16178
16179
7988
7989
24373
24374
7992
24376
16189
32573
7999
16191
8000
32576
16195
8006
32582
8007
8014
24400
32592
24401
8019
16211
8025
8028
24415
8032
8035
16229
8040
32616
24425
24427
16236
24431
16240
32627
8052
8053
24440
16250
32635
24445
8062
32638
8064
16256
16257
8066
24450
32642
16263
8074
8079
16273
24467
8085
16277
32661
8087
32663
16281
32666
24474
32668
32669
24478
16287
8097
8098
16291
32678
16295
32682
8106
16299
24492
8111
24495
16304
24499
16312
8122
32699
16316
24509
16321
24515
8134
24518
8135
16328
16329
16330
24523
32715
24526
32718
16336
32721
8146
24530
16339
8147
16341
8151
8153
8154
16346
16347
8155
32736
8164
32743
8169
16362
32746
8171
32751
16368
24570
16379
24573
24574
9
224
432
0
178
211
221
477
14
143
10.54