7706
16386
16392
32777
10
32782
18
32787
32788
22
24
16409
32795
32798
38
16423
41
32809
43
32811
32812
47
49
16434
16437
32821
54
16440
32826
32829
62
16447
16448
16453
71
72
32842
32845
32846
32848
32850
83
32852
86
16471
90
32859
16476
16477
98
32866
99
32867
101
16487
16491
16493
16494
110
16495
32880
112
32883
16500
16502
119
16503
32890
126
16515
32900
32902
135
16522
16524
141
16527
32912
145
32914
147
16533
16534
152
153
32923
16541
32928
32931
164
16548
32934
172
16556
32940
175
176
177
178
32947
32949
184
32956
32958
194
32963
32964
198
32966
200
201
202
16586
32971
205
207
16591
214
16598
215
219
220
32988
221
32992
225
226
32999
16617
235
236
33005
33009
33013
16631
33018
16636
253
16637
254
255
16640
16642
16643
33027
33029
261
16646
263
16647
16650
33034
16652
33036
269
33038
33040
33041
16660
16661
278
33046
16663
33049
282
283
33052
16669
16670
33054
16676
33060
293
294
33064
16680
297
16681
33065
298
300
16684
16685
33070
303
33073
306
16690
16695
312
16701
318
16706
322
33090
324
16710
327
33095
329
33098
16715
16717
33101
16721
33106
341
33111
16728
33116
351
358
360
362
33132
33134
369
33137
370
375
33146
379
16763
33148
16765
384
16771
33155
388
389
16773
393
16779
33163
396
16780
16781
16788
405
33173
33175
412
419
16803
422
425
426
427
429
430
33201
436
16820
33207
440
16827
445
16834
452
16836
455
458
33226
460
462
16848
465
33235
468
16855
33241
478
480
482
483
16867
485
486
16870
33259
33261
16879
16884
33268
16896
514
16901
517
16912
16916
33307
541
33309
542
543
16929
546
16932
33317
33318
16939
556
558
16942
33326
16946
563
564
565
33333
568
16956
574
33343
577
16961
33347
584
33356
16973
16974
592
16977
33363
33365
599
601
602
33370
16987
605
16990
33375
610
33379
17000
33388
622
33390
17007
17010
17011
630
17014
632
33400
634
635
33403
33404
33405
641
643
33411
17028
646
33415
648
17033
33420
653
33421
33423
17043
33429
662
17049
33433
33434
17052
669
33438
33441
17059
17062
33446
679
17063
17069
17070
689
692
17076
33461
33464
33465
17082
33466
699
702
703
17087
17088
33473
33474
33476
33477
33479
17097
714
33487
726
33495
33497
729
17114
731
732
735
33503
737
17124
17125
742
33512
17132
17134
17135
753
33523
33526
760
763
33531
17149
766
769
770
17154
772
774
33542
775
17159
17162
33546
33548
33549
33550
784
785
33557
17175
33559
33563
33566
33567
33568
17186
33575
33577
17194
33582
17199
17200
817
33585
33590
33593
831
17217
836
33607
840
17224
17227
850
33620
33622
855
856
33624
858
17243
33628
17247
33633
33634
868
17252
869
17257
878
880
33648
33650
882
17266
883
33651
887
17275
892
17277
33661
17281
898
902
33670
904
33673
909
17294
17295
17296
914
33684
919
33689
33691
17307
924
33697
33699
934
17322
33707
17325
17326
944
33712
945
33713
17338
17339
33723
33724
33726
17343
17344
961
964
33733
17357
17358
17360
33745
977
17362
979
981
33752
17370
33757
992
17379
33764
17381
1000
17389
17390
33774
17391
17392
33777
1011
17395
17396
33782
17399
33787
1020
33789
1023
1024
17409
1028
33797
1032
17422
1043
17428
33813
33815
17432
33816
33820
1053
33821
17438
33822
33824
1057
17441
17442
17453
33840
17457
17460
33845
1079
1082
17466
17469
1088
33859
1100
1108
1110
33879
17496
1113
1114
1116
1123
17507
33892
33894
1128
17518
33903
17521
33908
1141
33909
1145
33913
33916
17533
17536
1154
33924
17541
1164
17548
1166
1167
1169
33939
1173
33941
1176
17562
1182
17567
17568
17569
17576
17578
1198
33967
1200
33969
17586
1203
17588
1207
17597
1215
1225
17611
1229
17614
34001
17620
1240
1243
17628
34013
17632
1249
34017
34020
1253
17638
1254
17641
17642
1259
34027
1265
17650
1268
34036
1277
1278
34048
34051
17674
34060
34066
17683
34073
17690
34075
1311
17695
1315
34083
34086
1326
1328
34098
34099
1332
34100
17718
17720
17722
34110
1343
17727
17732
1350
17734
34119
34120
34126
1364
34133
1367
1374
1375
1376
1383
17768
34152
17770
34154
34155
34156
17774
34161
17783
34169
17786
34171
17788
1405
1406
17791
1408
17795
1412
17796
34182
34183
1421
17806
1422
34192
17809
34193
1432
34201
34202
1440
34208
1441
17827
1444
17830
1451
1455
17840
34225
1458
1459
17843
1462
17846
17848
34234
34236
17852
17854
1474
1475
34245
34248
1481
34250
1483
1485
1492
17878
17879
17882
1499
1501
17885
34270
17887
17891
34275
1508
17892
34277
17896
1516
17900
1520
17906
34290
1523
17907
17908
34292
17910
34297
34304
1537
1540
17926
34317
1552
1553
1555
1556
1557
34326
17944
1562
1564
34333
1567
1571
1572
17957
17958
34342
1575
17961
34349
17966
17967
1584
17968
1585
1586
1590
1591
17977
34361
17979
17980
17982
34366
34368
17986
34373
17991
1608
1609
34378
17995
1612
1614
34382
34383
1618
34386
1619
34388
18007
18011
18016
1633
34402
1636
1638
18022
1643
18028
34412
18029
18030
34415
18032
34418
18036
34420
18037
34422
18041
34426
1659
34427
1660
1662
18046
34430
18050
34434
34438
18055
34440
18058
1680
18064
18065
18066
18069
1686
18073
1693
1695
18079
18081
18082
34466
18091
34475
1712
18096
1713
1715
34484
34486
1724
34492
1727
34495
18117
1734
1736
18120
1737
18121
34505
18123
18124
18125
18126
1745
18130
18131
34515
18135
18137
18140
1758
34529
34533
1766
34534
18151
1769
18153
18154
1775
1776
1780
1781
34551
18169
34555
1788
34556
34557
18176
18177
34563
18181
18182
1799
18183
18184
1801
18188
34573
1809
34577
1810
34579
1816
18203
34591
1827
34595
1828
1829
18214
1831
1832
34600
34603
18220
1837
34605
18223
18224
34608
1842
34611
18230
18232
1851
1852
34621
18238
1856
1859
18244
34628
1862
34631
18249
34634
18253
34641
18259
18260
34648
34650
34652
1884
18268
1886
18271
18273
34657
34663
1896
1899
34667
18286
18290
1910
18295
34679
34682
1916
18300
34685
18301
18303
18306
34690
1923
34692
18310
18314
1931
18316
18317
34702
18320
34705
1939
18324
18328
34712
1945
18330
18333
1950
34718
34720
1953
18338
34722
34726
18346
18352
18353
34737
1971
1972
34742
18359
1976
1978
18362
18363
34747
1983
18369
18371
18374
18375
1994
18378
18379
34763
1996
34764
34766
2001
2003
18388
2005
18389
34773
34781
2018
2019
18406
34791
18408
2027
18412
34796
2031
18415
2039
34807
2040
2041
34809
2042
18426
2049
2051
34819
34820
34821
2056
2057
2060
34829
2061
34831
2064
18448
18449
34835
18452
2069
18455
2072
2077
18461
34846
34848
2085
34853
18471
18474
34859
18476
2094
2095
18479
2100
18486
2105
34873
34875
2109
34877
2110
34880
34881
34882
18500
2120
18504
18507
34892
2126
2128
34896
18514
2136
18522
2143
2147
34915
2157
34926
18544
18547
2163
34934
34935
2170
34939
2172
34941
18558
2175
34943
2179
34948
34950
2183
18569
34956
2189
2190
18575
2192
2193
18577
2194
18581
34973
2207
34978
34979
34980
18602
34986
34987
18605
2230
18616
35000
35001
18618
2235
2236
18621
2241
2242
18626
18628
35012
2246
2247
35015
2249
35019
35021
2255
18640
35026
2265
18653
35037
18655
18661
35049
18666
35050
18667
18670
2290
2292
18677
35062
2295
35063
2296
18682
18683
18684
18686
35076
18693
18694
18696
2312
18699
35083
35084
18701
35087
18709
35095
18714
35098
2332
35103
18729
2346
35114
18732
35117
18734
2354
18739
35125
2360
35131
2365
18751
2369
18754
35138
18758
18761
2378
35148
18767
35151
35153
18770
35158
2395
18779
18784
35168
35172
35175
2408
18794
2412
18798
2415
35183
18800
18802
35186
35188
2422
18814
2432
18818
35202
18820
35207
35209
2443
18827
18828
18833
18834
18835
2461
2463
35231
2465
35233
2466
2469
35237
18857
18858
2475
2476
35244
35246
2478
2480
18865
18869
18872
18875
2494
2496
18882
2499
18883
35267
35268
2503
18888
35272
18889
18890
18894
35283
2517
2518
2522
35290
18908
35292
2526
18912
2528
2529
18913
35300
18918
35302
35306
2544
35312
35313
35315
18932
18937
35322
35327
2561
2564
35336
35343
18963
35350
2584
35353
2587
18971
2594
35363
35366
2600
18988
35373
18993
18996
35381
35385
2622
35392
35393
35394
2631
19016
35402
19019
35404
2639
19023
19026
35412
2645
35417
2651
19040
2660
35432
35435
19054
35438
35439
19056
35441
35444
2677
19061
2680
35450
2684
2686
2692
19079
19082
35468
2703
19088
2706
19091
35475
2708
2710
2711
19102
35488
2723
35493
19110
19111
19112
19116
35500
2733
19118
19119
2737
35505
35506
2740
35509
2742
19126
2743
35515
2750
19134
2757
2758
35526
19145
2764
35533
35537
2771
19156
19159
19160
35545
2780
19166
35552
19170
2787
35558
35562
2796
2797
19182
35569
2802
35572
2806
2807
19191
19196
2813
2814
35582
19199
35583
2817
2818
2821
35589
2822
35591
19208
2825
35593
2826
2827
35595
2828
35597
2831
19215
2835
2836
19223
2841
35611
19230
2848
2850
2855
19241
35625
19245
2862
19246
35634
19255
35643
19260
35645
2878
35647
2880
19265
35651
2886
2888
35661
19279
2901
2904
19288
19289
2911
19299
19301
2919
35688
19305
19306
19309
19312
19314
35700
2933
35701
35703
2938
35706
35708
35710
35711
2945
35721
2954
19339
35723
2956
35725
35728
2963
35731
2964
2966
19351
2969
2973
35742
2978
19362
2979
2980
19364
35749
19369
2986
35759
2992
19376
2995
19381
35766
19382
2999
19385
3002
19387
35771
35772
19391
3007
35775
3008
19392
35776
3011
35782
35785
3019
3021
19405
35791
19411
35796
3029
19413
3030
3032
35800
19425
3042
19427
19429
35814
35815
19432
19433
35817
3050
35818
3061
19448
19449
3067
35839
3078
35847
19465
35849
35853
35857
3089
19474
19475
35859
35861
3097
19484
3104
3109
35877
3110
35880
35881
35883
3119
19503
35888
3123
35891
3127
3128
19513
35898
19516
35901
3135
19519
3138
19522
3148
19533
19534
35919
3152
19536
35920
19540
35924
35926
19543
35930
3163
35933
35935
19551
3170
35938
3172
35943
3180
19567
35952
35955
19572
3189
3193
19579
35963
3198
19583
35968
19585
35972
35975
19594
3212
35983
3216
19603
3221
19606
3223
35992
19611
3228
19612
19616
36001
36002
3236
36004
19621
36011
3244
36012
3248
19633
36019
3258
36027
3261
3265
36035
19656
3273
36043
3275
3277
19662
36048
3281
36050
36051
19668
3287
36057
19674
36062
36063
3296
3302
19686
19688
19691
3310
36079
3311
19696
36081
3314
19699
19700
3319
36087
3320
36092
3325
19712
3330
36103
19721
3339
3340
19726
3343
36111
3345
19730
36114
36116
3350
3351
36119
19736
19737
19746
36133
3368
36138
19755
3372
36140
3373
19759
19762
36146
3379
3381
36150
19768
36154
3387
36158
36159
19776
36160
36163
36164
3403
36173
3407
19798
3419
19804
3422
36194
19815
36199
3432
19817
3434
19818
36202
3436
19822
3439
19824
36210
3449
19838
19842
19843
36227
19847
3466
36235
3471
36242
3476
19862
36249
36251
19869
3486
36256
36257
19877
3494
36263
3496
3500
19888
36272
3505
19889
3508
3510
19896
3513
3515
19899
3516
19900
36290
3526
36303
19920
3537
36305
36308
19933
36317
19934
36319
3552
36321
3553
3555
3556
19941
3557
19943
3561
19946
36330
19947
36331
36334
36336
3572
19957
3579
36347
19964
3580
3581
19965
36349
3582
19969
3586
19970
36358
36361
36363
3596
19980
19981
19983
19986
19987
19991
36375
19993
3610
3612
36381
19998
19999
3619
36387
3620
20004
36392
3630
3633
20019
3638
36408
36410
36412
20029
20031
20034
36427
20044
36430
20047
20049
20050
3666
36438
3673
3675
36444
36446
3679
20063
36447
20064
20065
3683
3691
20075
3693
20079
3696
36464
3697
36466
20086
36472
36473
20089
3706
20091
20093
36479
36481
3715
36483
3719
20103
36491
3729
3730
36500
36502
20121
3739
20127
20128
20130
36515
36526
20144
20146
3763
20148
36532
3770
3771
20155
36541
3778
20162
20163
36547
20165
20166
20168
3789
3790
36565
20182
36569
20189
20190
20191
36575
36578
20197
20198
3819
20205
36589
3823
36591
36593
36595
20212
36600
3833
3835
20219
36605
3838
20224
3840
36608
36610
3844
20230
36614
3847
3848
20238
36625
20242
20243
3863
3864
3868
3869
36639
3875
20259
36643
3877
20261
36658
3891
3896
20280
36666
3900
36668
20287
20288
36676
36678
3911
36682
3915
20300
36684
20302
3921
20307
20308
36693
36696
3930
36698
20317
36703
3936
36706
36712
20329
36716
3949
3951
20336
36720
20337
20339
36724
3957
20341
20342
3961
36729
20348
3965
20350
20354
3971
36743
20360
20361
3978
3979
3983
3984
3985
36753
20370
36754
36755
36756
3988
36759
3998
36771
4004
36772
4008
4013
20402
4019
36788
4023
36791
36794
20412
4029
20414
4031
20415
36800
36804
20426
20428
36813
4047
20433
20435
4052
36820
4056
36824
36828
20445
36830
36831
4065
4072
4073
36842
4076
20462
4079
4080
20466
4083
36851
4085
20475
36859
36863
20480
20484
36868
36872
36875
4107
4111
36881
36882
20500
36884
4120
36890
20507
20508
20510
4127
36899
4139
4141
36910
4143
4146
4154
20538
36922
20539
4157
20541
36925
36927
20549
36934
4167
36935
4168
20554
20558
4175
4177
4179
36949
4195
20579
4196
4197
4200
20587
36972
36973
4206
36974
36978
4211
4212
20596
4213
4216
20601
20602
36988
36990
36995
4228
36999
20619
37004
20622
4241
20626
20627
4244
37012
4246
20641
20643
37027
37028
4261
20645
4269
37037
37038
4273
20663
37050
20667
20670
4288
37057
4291
37060
4293
20681
37065
37070
37081
4314
4315
20699
4317
4319
20704
4321
20707
37091
20709
37097
20717
4335
20719
37105
20721
4340
20724
37111
37112
4345
37116
20734
37122
20741
4358
20742
4361
37129
4362
37130
4364
37132
4365
37136
20753
37139
4372
20757
37141
20758
4377
20762
4380
20765
20766
20768
20769
20770
20771
4388
20774
4392
20781
37169
37170
4405
20789
20792
20793
20794
37178
20797
37183
4418
20802
20804
37188
4421
4422
37190
37191
20810
4429
20814
37198
37199
20816
4434
20818
4442
20827
37214
4448
4450
4454
4455
20841
20842
4459
20843
4460
20846
4463
20849
20855
4471
4473
37242
4476
4477
20862
37247
37248
37253
37258
4493
20877
4495
20880
37264
4502
20890
20896
4513
20897
37282
4515
20900
20902
4519
4521
4522
20907
20908
20910
37296
20913
37301
20919
4537
20924
20925
4547
37316
20934
37318
20935
37321
20940
37324
37329
20947
4565
37339
37341
4580
20965
37349
37353
37355
37358
20975
4594
4596
37364
4597
37369
37371
37372
37373
4607
37376
4612
20996
37380
37381
4614
37383
4615
4616
4617
4618
21003
37387
37391
21009
37396
21013
21015
4632
4633
37402
37406
21024
4641
37409
21030
21031
4648
21033
4652
4653
21039
4658
4659
21043
4661
21045
37431
37432
21051
4672
4679
4681
4683
37451
4685
21070
4688
37458
21080
37464
4698
21082
4699
21083
4702
21087
37473
4708
37477
21094
37479
4714
37482
21101
4720
37491
4724
21112
4729
37497
21117
4735
37504
4737
21125
21131
37515
21134
21135
4752
4755
4762
37531
21149
21151
37535
21155
21158
4777
21161
21162
37549
21166
4783
21167
37554
37555
4788
21174
4795
21179
21180
37565
4798
21182
37566
37568
21185
37571
21190
4809
21193
37578
21200
4817
37588
37589
21206
4823
37597
37598
37607
21224
21226
4844
4847
4848
37617
37619
21236
21237
37621
37622
37623
21241
21242
4858
37633
37634
4866
37635
4868
37640
4877
4881
21266
4886
21273
4890
4891
21275
21278
37662
4897
21283
4900
21288
21289
4906
21290
4908
37678
21295
21296
21300
21303
21304
37688
21307
21309
37700
37701
4934
21319
21322
37706
37708
4944
37712
21330
37716
21333
21334
4953
37722
21340
37726
37728
4961
37730
4963
21348
21349
21350
21351
37735
4968
37737
4970
37744
21364
37750
37752
4989
21373
21374
37759
37760
21378
4996
21381
37765
5002
5005
37774
37776
5011
37784
37785
21402
21407
37793
21410
5028
21412
5033
21419
5036
37804
37806
5039
37808
5043
5045
37819
21444
21446
37831
21449
21451
5072
21462
5079
37849
5082
21467
21469
37853
5086
5087
21474
21476
21477
21478
5095
37864
5097
21485
37869
21487
37872
5106
21495
21497
37881
37884
37885
37886
37888
5123
21509
5128
21513
21515
5132
5133
37902
5136
21521
5138
5139
5140
21526
37910
5147
5148
21532
21537
37923
21540
5158
37929
21546
21547
21550
5169
37939
5174
21559
21562
37948
5181
37950
21569
21573
21574
37958
21577
37961
37962
5198
21582
37966
5205
5206
21590
21592
5215
21599
5218
21606
37993
37994
21611
5228
21613
5231
5234
21618
38002
21619
21620
38008
21625
38009
38010
38011
38016
38018
21636
38021
38022
21638
21646
5264
5268
5271
21655
5272
38042
5279
38050
21667
38053
5289
5290
21674
38064
38065
38069
21686
21687
5305
21690
38076
5312
5317
5320
21705
38089
21707
21708
5327
21711
38096
5328
38097
21719
21720
38104
5339
5341
38110
21727
21730
5351
5355
21741
21745
38130
38131
21750
5369
38137
38139
38142
38143
21761
38147
5380
21764
38148
5383
5385
21770
38154
21771
21772
5389
5391
21778
38165
5398
5403
21787
5404
21789
38173
5407
38176
21793
38177
38178
21797
5420
21804
38188
21805
38190
38191
5424
5426
5429
5431
38200
38202
5434
5435
38204
21821
5439
21829
21833
5450
5451
38219
21836
21837
5456
21840
21841
5459
21848
21849
38233
5467
5468
5469
21858
21865
21866
5483
21867
5484
5485
21869
5486
5487
38257
5490
5493
5494
38263
38265
5500
38268
5505
38273
21893
5509
5515
5516
5517
38285
21907
21917
5537
5538
21924
21927
5544
5549
5550
38319
5554
5556
5557
21942
5560
21945
38332
21949
21950
5568
5576
5586
38358
5593
21978
21980
38365
38370
38371
5604
38373
21990
21991
21994
5611
21997
38381
5615
22000
22001
22002
22003
22004
38391
38395
5628
22012
38397
22014
5633
38401
22018
38404
38407
5640
22024
22030
5651
22035
5657
38425
22043
22045
5664
5665
22053
38440
38442
38443
22060
22061
38449
5689
38458
5694
38465
22087
38471
22088
22090
38475
22098
38482
5717
38489
5724
38493
22110
38499
38500
5734
38504
22121
38509
22128
38512
22129
22133
5751
38520
22138
22139
5756
5757
22142
5764
38533
5769
22153
38537
38538
22155
5776
5777
38547
5780
5782
22170
22171
38555
5790
5794
22180
38564
5798
38567
5803
5805
5809
5811
22195
5812
5813
5816
5817
22202
38586
22205
38590
5826
5827
38595
5828
22214
5831
22215
22222
5840
5841
22225
5842
38614
22233
22234
22235
22236
38621
22238
5855
5856
38628
22246
22248
38632
5865
38635
22252
22256
38640
22260
5881
38649
5884
5891
38659
22279
22280
5899
22283
5900
22286
5904
38675
5910
22294
22297
5915
22305
38690
38692
22308
5925
38694
38698
22317
5934
5935
22319
5937
38706
38707
5943
22328
5945
5947
22332
5950
22335
38722
22340
5957
38726
38728
22348
5966
5967
22354
38738
5973
38742
5978
22367
5988
38756
38758
22375
38766
38768
38772
38773
38774
22393
6010
38778
22396
6013
38781
22400
38786
6019
22404
38790
6023
6024
22410
6027
22411
22412
22413
38802
6036
38804
6043
6046
38815
22432
38816
6051
22436
6055
6058
22442
6061
38829
38830
22447
22450
6070
22454
6074
6076
38855
6089
22477
6095
22481
6098
38866
38867
22484
22486
22488
22489
6109
22493
6110
38878
22495
38881
6114
22498
22501
22508
6124
38895
22513
6131
38905
38909
6144
6145
22531
22536
6155
6157
38928
22545
38929
6166
6167
22551
6169
6171
22561
22563
22564
6182
6183
22568
6185
38958
22576
38960
6193
22577
6194
22578
38964
6198
6200
22587
38971
38972
6204
22592
6209
22597
6214
38984
6217
22603
6219
6220
22604
38988
6221
22605
38990
6225
22612
38996
38997
38999
22616
22618
6235
39003
39005
6238
22622
39006
22628
39014
6247
6248
39021
22638
39028
6261
39031
6266
6268
6271
22657
6275
22659
6276
6277
22661
39050
22668
22669
22670
6294
39066
6300
6302
39072
6307
22691
6313
6314
6315
6320
39091
22709
39093
22711
39098
22716
22720
39105
39106
22726
6344
22732
6350
39118
6353
22740
22744
6362
22750
22752
6373
22762
6379
39147
39149
6388
6391
6392
6395
39166
6399
39170
39172
6406
22792
6412
22797
22798
6418
22803
22807
39191
22809
39193
22810
6427
22814
39199
22817
6435
39204
22821
39207
22825
39209
22827
39214
6450
6452
6454
22838
39225
22842
6460
22845
6463
22847
6466
39236
6470
6472
39240
39241
22862
22863
22866
39250
22871
39256
39257
6490
22874
22875
6493
22877
39262
6496
6499
6502
22886
6503
22887
6507
22892
39280
22897
39282
6515
22908
22911
6529
39298
22917
39301
22918
39303
6540
22924
6544
6546
39314
39317
6549
22933
6552
39321
22937
39323
6555
22939
6556
6558
22942
39326
22944
6562
6569
22956
22959
22962
39346
39348
22964
22966
22968
6585
6586
39354
22974
6593
39364
22981
39365
22985
22987
39371
22990
6612
39380
22998
6615
22999
39385
23005
6621
6624
6625
6631
6633
39402
39404
23020
23022
23027
23028
6645
23032
23033
23035
23036
39423
39428
23046
23048
23049
23051
23053
6670
23055
6672
39440
6679
23065
23066
6685
23069
39455
6689
23074
39458
23075
6693
23077
23079
6696
39465
39466
6698
39468
6704
23090
39476
6709
23093
39478
23095
39486
39490
39493
23109
23111
6728
6730
39499
6732
23116
23117
6734
39503
6737
6738
39506
23125
39509
39515
39517
23134
6752
6753
39521
23139
39523
39524
6764
23148
39533
6775
23160
23162
6782
6784
6787
23171
39555
39557
23180
6798
39566
6799
6801
23188
39572
39573
6808
39577
6810
23196
23197
6814
39583
6816
39584
39585
6818
39587
39588
39590
6824
6829
39597
6830
39598
6832
23217
39601
23220
39604
6839
6842
23227
6845
23230
39614
39615
23233
23235
39619
39620
6853
23250
39635
39637
39639
39644
6877
23264
6881
39651
23268
6891
23275
6892
39660
23279
39663
6900
6905
6908
39679
39680
23301
39685
6918
39686
39689
6922
23306
39692
39694
6931
23319
39703
39709
39711
39714
6948
6949
23333
23336
39720
39721
6954
39722
39731
23349
39733
23350
39736
39738
39740
39741
39743
23361
39746
6980
23366
39750
23368
6985
6990
23376
39760
6994
39766
23384
39769
23385
39772
39773
23389
39775
39779
39782
23400
7017
7019
23408
39792
7025
23409
7026
23412
7030
39805
7041
23426
39810
7043
23427
39811
39817
7051
23437
39825
23443
39831
7068
39836
7070
39838
39839
7075
23459
39843
39844
7077
7078
7079
23463
7080
23464
7083
23467
7085
7088
23474
7096
23480
7097
7098
39867
23484
39873
23490
39874
23494
39878
7112
23497
23499
7118
39888
39889
7122
7124
7128
7131
23516
23518
23519
39907
7139
23525
23527
39911
39916
39921
23538
39922
39923
39924
39926
23544
7165
7170
39938
39949
39951
7184
7185
23570
23573
39959
23576
23578
39963
39964
7199
39968
7203
7205
23591
39975
39978
39980
39984
23601
7218
7226
23610
39996
23614
39998
23620
40005
7242
23629
7248
40017
40022
7258
23643
23644
7262
23646
7264
23654
40039
23656
40042
40043
23661
40045
7279
40048
7281
40049
40056
23675
40059
40061
7295
23679
23685
23687
40071
40072
40073
7306
23690
23692
40076
7311
23696
40082
7314
23698
23702
40086
7320
23706
7325
23710
7330
7331
40105
40106
23725
23726
23727
7353
23737
23740
7357
40125
23743
40131
40132
7365
40133
7369
7370
23759
7376
7383
7384
40152
40153
23770
40157
23775
40159
7392
40160
7395
23784
23787
7406
40176
23795
7412
23796
40181
23801
40185
40186
7421
23805
40192
23810
23811
7428
40200
23817
7435
23819
40204
7440
23834
23835
40221
40223
23840
23845
7463
23849
40235
7469
40237
40238
40240
7475
23861
40245
7478
23862
23866
7485
23869
7488
23872
23874
40258
7491
7494
40262
7497
40267
40270
40271
40272
7507
40276
40277
7510
23894
23895
23900
7518
7523
23907
40294
23912
7532
23916
7539
23923
7542
40311
40312
7546
23932
7550
40319
7552
7553
40321
23939
23941
23944
40335
7569
23953
23958
23962
7580
23967
40356
7590
23974
40359
7595
23980
40367
7600
23985
23987
7606
40376
7609
7610
7614
40382
24003
7623
40393
40394
7628
40396
24014
7636
40404
7637
40405
40409
7642
7645
24030
40415
40418
7654
40423
40426
7659
7661
24048
40432
7665
24050
40434
40437
7673
7677
7681
24068
7685
24069
24070
40454
24071
24072
7690
40459
7694
24079
7696
24080
7697
24081
40466
7706
40475
40476
40479
24098
7715
24099
40483
7716
7717
7723
24107
7724
40492
40498
40500
40501
24117
7738
24126
7744
7748
7750
24134
40518
40520
24139
40524
24143
7760
40530
7764
24151
7770
7777
24161
7780
40548
24165
7782
40551
40552
24170
7787
7788
24172
40557
7793
24181
40566
40567
24183
24186
24187
7806
24191
24192
40576
24203
7820
40589
7823
24208
40593
40594
7830
24214
7834
7836
40604
40606
7839
24224
24225
40609
24227
24229
7846
24231
40617
7850
40619
40623
24242
7865
40638
40639
7872
7881
40649
7882
24267
40653
24277
7898
7902
24288
24289
40675
7908
24298
7914
40683
24301
24302
40686
40687
7922
40691
24312
40696
7932
24319
40704
7944
24328
40714
24331
40716
7948
7949
40717
40719
7954
24340
40724
7957
24343
7965
7969
7971
24359
40743
40744
24369
40755
40757
7995
24379
24383
8003
24387
8004
24395
8012
8013
24398
40785
40787
8021
24406
40790
40792
24409
8026
40795
24412
8031
24415
24416
24420
8039
40807
40810
40816
8049
24434
40820
40822
40823
24439
24441
40829
8063
24450
24453
8070
40842
8076
8078
40846
8079
24467
40851
40852
40854
24472
40857
24476
8093
40864
8098
8100
8103
24490
40875
8111
8113
8116
8121
8122
8123
40892
8125
24516
40900
40901
8138
40906
24523
24526
40911
40912
8150
40919
24541
24544
24545
8162
24549
8165
8172
40942
24560
40944
8177
40946
24563
24574
8192
40960
40961
40964
8200
24584
8206
8209
40977
40978
8214
24600
40985
40989
40991
40992
8226
8227
40997
8230
40999
8233
41001
8239
41010
24633
24637
24639
41025
8258
8260
41032
24650
8267
8269
41037
8273
24659
41046
41048
41049
41056
24675
8293
41061
24678
8295
41064
24683
24684
41070
24691
24696
41081
24698
41084
41087
8324
8327
24713
8331
41100
41101
8335
8342
41111
24728
41113
8349
41119
41120
24737
24739
8356
24740
8357
24741
8360
24744
24745
41131
8367
8370
24759
41145
8379
41147
41148
8380
8381
24765
8382
8383
8385
24770
24771
41155
41156
8388
8389
41159
24776
8392
41161
24779
8396
24780
8398
8399
41167
24785
8403
24788
41174
8410
24799
24803
8425
41193
41194
41197
24816
8443
8449
24833
8451
41219
24837
41223
41229
8463
24847
24849
41235
8468
24852
8471
8472
24858
24859
8478
24862
24863
24864
41248
41249
24869
24870
24871
41255
24873
41257
8490
24877
41261
41262
8497
41269
41274
41279
24896
41280
8516
41286
24903
8521
24905
24906
24908
8526
8527
24912
8529
24917
41302
41304
41307
8541
8543
8545
24929
24933
8552
24938
24939
8556
41326
24945
41329
41333
8568
24952
41336
24953
41337
8571
8572
24960
24962
8581
41349
24969
24970
8587
8588
41356
41358
8592
8595
24979
8596
41365
24984
24988
8606
41376
8609
41380
8616
25002
25003
41387
41390
25006
41391
41392
41396
25014
8633
25018
8637
8638
8640
25030
25034
41422
8655
41423
25041
41427
8660
8668
25052
8674
25058
41444
8677
25061
25062
8679
25063
41449
8686
8688
8691
8693
41462
25079
8696
8698
25082
25084
8702
25086
25094
8712
25097
41483
8718
25102
25108
41494
41497
25114
41499
8732
8734
41503
25120
8737
8738
25123
8740
8742
41514
8750
41519
8752
25136
25137
25145
8763
25148
41532
8766
41537
25154
25157
25158
41542
8776
8782
41551
25169
8786
8791
25176
41564
8799
25183
8800
8802
25189
8807
8810
41579
8814
25198
25203
41591
41592
25213
41599
25216
41600
25217
25218
41606
8839
25227
41613
41615
25234
8852
41620
25237
8858
8860
8864
25252
25259
25266
25267
25268
25270
8891
41661
25279
8897
25285
8902
8904
25291
41679
8913
25298
25301
25306
8923
41691
25317
41702
25319
8936
41705
8939
25323
25324
8945
41713
25335
41722
8955
25340
25341
41726
8959
41730
41732
41739
41746
25365
41754
41755
25372
8992
41761
25379
25381
8999
25383
9006
9007
9010
41779
25396
9012
41780
9013
9017
25402
41788
41789
41793
25410
9027
41795
9028
25412
41799
9032
41802
9036
9037
25424
9048
25434
9052
25436
25437
41823
9059
25445
41834
9067
9068
9069
25457
9074
25459
41844
25463
9081
25466
41852
41854
9090
25474
25475
41859
9092
25477
41863
9096
25481
41865
9101
41869
9102
25487
9108
25497
41881
9114
41883
25505
41890
9130
41898
9131
9132
41901
9136
9137
41906
9142
25526
9143
25528
9146
41914
9149
25536
41920
41922
9156
25541
41925
41926
41929
9161
25554
9172
41944
25563
9182
25566
41950
25568
41953
9186
9189
41958
9192
41961
9197
41969
9205
25597
25599
9216
41985
9219
9222
41992
25609
41995
41997
9231
25615
41999
25616
42000
42004
9237
25622
42006
9242
42011
9246
25633
9250
25635
25636
42026
9259
25644
42030
9265
9268
25656
25659
42046
42048
9281
25665
25666
42053
9288
9291
9292
42060
9296
25680
42064
9297
25681
25682
42067
25691
9308
42076
9312
25696
25697
42081
42084
9317
25702
25704
9321
25706
42094
25711
25712
9331
9332
42100
42102
25718
9338
25725
42109
42112
42114
9348
25732
42116
9349
25735
25739
42123
42124
42125
42126
25744
25748
42132
9367
25752
42136
42137
25755
42139
42142
9375
25759
42145
25762
9379
42151
42153
25770
25772
9389
9390
25775
9392
25777
9395
25781
42166
9403
25791
9408
42178
25797
42184
9416
25801
42185
9418
9420
9421
25805
25807
9424
42193
42194
9427
42196
42199
25819
25820
25822
42208
42209
25827
25828
9446
25831
25833
25834
9450
42220
42221
9455
25841
9458
25842
42226
25845
42232
25849
25850
9468
42237
25855
42241
25857
25861
25864
25868
42252
25871
9491
42262
42263
9496
42264
25881
25884
9502
9503
25887
9505
42274
42276
9512
9514
9516
9521
9522
9523
25907
42292
42293
9526
42294
9527
9528
42296
25913
42298
42300
9533
42301
9535
9538
9539
25923
42311
9544
25929
42315
25938
42322
25940
25942
42326
25946
9562
25950
25951
42335
9569
9572
42340
42346
9580
42348
42349
9582
42352
42353
25970
9588
25978
42363
42366
9600
25986
9603
25988
25993
9610
42380
9615
9618
42392
26011
9628
26014
42400
42406
26023
42410
9643
42412
26033
42418
42419
42422
9657
42425
26042
26047
26048
42432
26049
26050
9667
42436
26053
26060
26061
42446
9679
42447
9685
42456
9691
9693
26078
42462
42465
9698
26082
42467
26084
26098
42482
9715
26099
42489
26107
42492
9726
26111
9728
42498
9731
42499
42500
26118
42505
26123
42511
26131
26132
9750
9759
26144
42528
26146
9763
26147
26152
26154
9775
9778
9781
42552
42553
26170
26176
26177
26180
9798
26182
42568
42574
9806
26190
9812
26197
42581
42582
9815
26199
42586
26204
42592
26210
42597
26216
42610
9844
9846
42615
9849
26234
26235
42619
26236
26239
9858
26244
26255
42639
9873
26257
26258
9877
9878
26262
9879
9880
9881
42652
26270
9887
9888
26273
9890
42659
26276
26277
26279
9896
42665
42667
42670
42671
26288
26293
42678
9911
26297
9914
26300
42686
9923
9924
26310
9927
9934
42702
9936
26320
9938
42706
42710
9947
42715
26332
9949
42717
26334
42721
26339
9961
9962
42730
42731
42732
42738
26360
9977
9988
9989
26373
42763
42767
42768
10000
42771
26389
42773
26390
26392
10009
26397
10014
42782
10015
26400
26403
10024
26409
10026
42797
10030
42799
42814
42816
26433
26436
42822
10062
42830
10064
26448
10069
10070
42839
26455
10073
42847
10081
10083
10085
42853
42861
42863
26482
42866
10100
26487
10104
10108
10118
42887
10122
10126
42897
10130
26518
10134
10135
26520
10138
26523
10140
42910
42915
26532
42917
26534
42920
26537
10155
10156
26540
42925
10158
42929
26547
26548
10165
10166
10168
42937
42938
26555
42941
10175
42945
26564
10185
42953
10194
10196
42965
10205
42976
10209
42977
10212
26598
42982
42991
26609
26610
10228
10229
10236
26624
43009
26627
26628
26629
43014
43020
43022
10255
26640
26641
26643
10262
43030
10263
10267
26654
43038
10274
10275
43043
10276
10277
43045
26662
26668
43052
26669
43053
26670
26671
10288
43060
43066
10300
10301
26685
10309
43077
43078
43079
26701
10318
10319
10320
26704
43088
10322
10323
43094
26711
26712
43097
26716
10333
26718
10335
43103
26722
10339
26726
43110
26727
10344
10348
26732
10350
26735
26736
43120
43122
26739
43123
10356
26740
26741
43125
43126
43130
43131
43132
43137
10370
26755
26757
26758
10376
10377
26763
10381
43150
10384
26768
43154
10386
10387
26775
43159
43160
26777
26778
10396
10404
10405
43173
10406
43178
26799
26800
10421
43189
26807
43194
43195
43197
26814
26817
10434
43202
10436
26820
10438
10440
26824
10441
10442
26828
43212
10445
10446
43216
26833
43218
43220
26838
26839
10456
10463
26849
43234
10466
10469
10470
43238
26857
26858
43242
10475
10477
43248
43249
43254
10489
26874
10497
43265
10499
26887
43273
26890
43274
10510
26896
43280
26897
26899
10516
10522
43290
10526
26912
26913
43297
43298
26916
26917
10535
26920
10539
43309
26927
43311
43312
26930
10547
26932
43324
43327
10563
43331
43333
10571
10572
10575
10576
43348
43350
10587
43356
43357
10595
10597
43365
26982
43366
10601
26989
43375
10610
43380
26997
10616
10618
10619
43389
10622
27008
27011
10629
27013
43397
10631
43404
27025
10644
27029
27031
10648
43417
27033
10650
27037
27041
10658
10661
27045
10662
43430
43431
10666
27050
27053
10672
27059
10677
10679
27065
10686
27070
43454
27073
10691
10693
10695
27079
10699
10700
10706
27092
10711
27099
43484
10720
10726
27112
43498
10731
10732
43501
27118
27120
10736
27124
27125
43510
27128
10745
27133
10749
43518
10752
43522
27139
10761
10762
10763
27147
43531
27149
10768
43539
27156
43541
27157
27161
10779
27165
10783
43551
43554
10802
43572
27192
10811
10814
10816
27201
27206
10826
10827
27213
27215
10837
27222
10843
43612
10846
10849
27234
43620
27241
27242
10862
43631
10866
10867
27251
43639
27255
27256
10874
27258
10877
43648
27267
43651
27270
27279
43665
43666
43670
43671
27288
43672
10905
10907
27291
27292
43678
43681
27298
10915
43684
43689
10922
43693
10926
27310
27311
10927
10928
43697
10931
27316
10936
27323
43707
10942
43710
10953
43722
10956
43725
27343
10963
43731
10964
27354
43743
10976
10978
10979
27369
43754
10986
10988
27372
27374
10991
10995
43763
43765
10997
43767
27383
11004
27388
43773
27390
43774
11007
43782
27399
11016
43784
27401
27402
27403
43788
11025
11027
27412
27413
43797
27414
11031
27416
27418
43806
43807
11040
43810
11043
27430
11047
11050
43818
43819
43821
11054
43823
11058
11063
11066
27451
27452
27456
11074
11076
27461
11081
43850
43852
11085
11092
11093
43863
11095
43869
11105
11106
43875
11110
27494
43879
11111
11113
27499
43884
11117
11122
27507
11124
43901
11133
27520
43904
11138
11139
27524
27529
27532
43920
43921
43926
27543
43927
43928
11161
43929
27546
11164
27549
27551
43936
27553
43938
43940
11174
27559
11176
43944
43949
27566
11187
11194
27581
27584
27587
11206
11207
27595
43983
43984
43985
27606
27608
43993
43997
27619
44003
44005
27623
11242
27628
27629
11247
44021
11254
27638
44023
11256
11258
44027
44033
27650
11267
27653
44040
27657
27658
44046
44048
11281
11282
44051
44054
27671
44057
11292
44060
27683
27684
11301
27686
44072
44073
44081
44083
27699
11320
11322
11324
27708
11330
44099
27719
44104
27722
11340
11346
27730
44118
11353
27738
27747
44132
11366
44136
44141
27761
27766
44152
27769
44155
11391
27777
27778
11395
27781
44167
11405
27790
44176
27794
11411
27800
44184
44186
11419
44192
44193
27811
11429
27814
27816
44206
27823
44207
27824
27827
44211
27830
27834
11451
11453
27839
27841
44227
44229
44230
44234
27852
27854
27856
27859
44244
44245
11478
11483
11485
11487
27872
44258
27880
27881
44266
27884
27885
27886
27888
11506
11509
44281
44288
27905
27906
11524
11525
11526
11527
27912
44297
11533
27919
11536
44304
11540
27924
11544
27929
11550
27934
44319
44321
11556
11557
44326
44328
11561
44331
11567
27951
11570
44339
11573
27957
11582
11584
44356
27974
27979
44363
11596
11598
44369
44370
11603
27987
44371
11606
27992
44378
11611
11614
27998
11615
44385
28002
44388
28006
11622
28007
11626
11627
11629
11633
28019
11640
11641
28025
44410
28027
44415
28035
44422
11656
44425
44427
11659
11664
28049
44434
28053
44439
44440
44445
44447
11680
28064
44448
28066
11683
28068
28069
11687
11688
28076
11693
28078
11697
28081
44465
28083
28084
44474
28093
44479
44482
44483
44496
11732
28116
11733
28117
28119
11736
28120
11738
28125
44514
28132
11749
44518
11752
11753
44522
11761
44531
11764
44532
44533
28151
11769
28153
11772
11773
11775
28159
11778
11780
11781
28166
44554
44556
11794
28178
44563
44566
44567
28184
28185
28187
11805
28189
28190
11807
11809
11810
28194
44579
11812
11816
28203
28205
44590
11828
28212
44600
11832
11836
11839
28223
11841
44610
11843
11844
28230
44617
11852
28237
28238
11856
11861
11866
11873
44645
28265
44649
28271
11889
11891
11894
11895
28284
44670
28286
44674
11908
28295
28297
28298
11916
28302
44687
11921
11923
44693
28310
44694
11930
28316
28318
44702
11936
44708
28329
44716
28335
11954
11955
28341
44726
28344
44731
28348
11965
28353
11971
11973
28359
44744
44745
28362
11982
28368
11985
11986
11990
44759
28377
44762
11999
28384
44768
28386
44773
44776
12012
44781
12014
12017
44790
12023
44791
12024
12026
12027
28411
12028
12029
44797
12030
28414
44798
28415
12035
44803
12037
28422
12040
12042
28428
44815
28432
44816
44820
44822
12059
28444
12064
12067
44835
44842
44844
44849
28466
44853
44854
44855
44856
12090
44858
12091
44860
28479
12096
12102
28486
12103
44879
12114
28498
28499
12116
12118
28504
12121
12123
28507
28519
44903
28520
28522
28523
28525
28526
12148
28532
44918
12152
12157
12159
44928
12161
12162
28546
12163
44931
44933
12167
12172
44941
12178
28563
12183
28567
28568
12190
28574
12191
44961
28580
12199
12200
12205
28590
44974
12212
44983
28603
28605
44989
28606
12225
45000
12234
28618
45002
45005
28624
45012
28630
28631
45015
28632
28638
12258
45029
12264
45032
12266
28650
45035
28656
12277
45046
12279
45048
28665
12282
12283
45052
28668
45057
28675
28679
12300
45068
45069
28691
12308
28693
12312
12313
45081
28698
45084
28703
28708
28711
12328
45098
45101
28718
28720
45109
12343
28728
12350
12352
12355
12359
12361
12362
12363
28747
12374
28761
12379
12380
28765
12383
28767
12384
28781
28782
12402
12403
28788
28790
12409
28795
28796
12418
12422
12424
28812
12430
12431
12432
12436
28825
12446
28834
12455
28839
28843
12470
28854
28855
12472
12475
12477
28864
12482
12484
28878
28889
28890
12507
28892
12511
28895
12515
28903
28906
12524
12531
28915
12532
28916
28923
28933
12554
12555
28945
12565
12566
28950
12570
12577
28970
28978
12600
12603
28989
12606
12607
12608
12609
28993
28995
28997
12616
29000
29002
29003
12620
29005
12625
29011
12628
29015
12632
29021
12643
29027
12645
12646
12650
12652
12653
29039
12661
29045
29047
12664
29053
29061
29065
12688
29074
12691
29078
29080
29081
12702
29087
29089
29091
29094
29096
29097
12714
29100
29104
29106
12723
12724
29112
12731
29120
29124
12749
29133
29136
12753
12754
12762
29160
12781
12785
29169
12787
12795
29189
12810
29194
29195
29197
12816
12817
29202
12820
29209
12831
29226
12843
12851
29238
12855
12856
29242
29246
29251
12869
12870
12871
12879
12880
12881
29276
12899
29284
29287
29289
12908
29295
12916
12920
29305
12928
29312
12929
12934
12936
12941
12943
29328
29330
29333
12949
12950
29334
12953
12954
12955
12963
12967
12968
12969
29356
29358
29362
12979
29363
12980
29364
12984
29369
12988
12989
12992
29376
12999
29384
29385
13002
13003
29387
13004
13010
29394
29397
29399
13015
29401
13019
13022
13026
13027
13033
13035
29424
29425
29427
29429
29433
29435
29436
13059
29445
29446
29447
29451
13069
29454
13070
13072
13075
29459
13076
13077
29461
13080
13081
29470
29480
13097
29483
13102
13104
29488
13105
13107
29492
13109
29500
29501
13120
13121
13124
29510
13130
29514
13133
13134
29522
13140
13141
13143
13145
29530
29532
13154
29540
29545
29546
29551
13168
29556
29558
29559
29561
13185
13188
13191
13204
13209
13216
13217
29603
29609
13233
13235
13239
29623
29627
13244
29631
13250
29638
29641
13261
13264
29667
13286
13287
13288
13289
29674
29676
29678
13295
13296
13300
29698
29702
13322
29710
29713
13331
13332
13334
13336
29720
13337
29729
13349
13351
29735
29740
29741
29743
13360
29745
13364
13365
29750
13366
13371
29755
29762
13382
29767
13384
13385
29772
13391
13392
29780
13398
13401
29786
13404
13411
13416
29803
29807
13428
29814
13432
13436
13437
29821
13438
29823
13443
29828
29830
13447
29835
13455
13459
29843
13461
29845
29846
13463
29848
29849
13467
29852
29853
13470
13471
29858
29862
29863
13483
29868
13485
29872
13495
29880
13498
29883
13500
29884
29886
13506
13510
13512
13515
29900
13518
29902
13522
13525
29914
13534
13535
29922
29925
13542
29926
13544
29929
29933
29938
13557
29945
13562
13567
29952
13570
13574
13581
13587
13589
13594
13595
13600
13602
29988
29992
13609
29996
13617
13620
30006
13623
13624
13626
13629
30013
30018
13636
30025
13642
13648
30034
13654
13655
30040
13659
30043
13662
13663
13664
13666
13673
30059
13677
30062
13681
30065
13687
13688
13691
30086
13706
30090
13708
13715
30100
13717
13719
30104
13721
30106
13733
30117
30121
30123
13740
30126
13744
13747
30131
13748
13749
30136
13757
30142
30143
30144
13768
13770
13771
13772
13776
30162
30164
30169
30170
13791
13795
13802
13806
30193
13812
13813
30198
13816
13817
13825
30210
13832
30221
13838
13839
30225
30238
30239
13857
30241
13858
30250
13867
30256
13876
13879
13880
13881
13883
30268
13890
30280
13903
13904
13907
13914
30300
13922
30308
13925
13926
13929
13931
13932
30316
30319
30321
13938
13940
13944
13946
13947
30333
30334
13953
30337
30340
13962
30348
13965
30350
13969
13970
30354
30355
13974
13975
13976
30363
30367
13988
13989
13990
30377
13995
30381
13997
30387
14009
14015
14020
30406
30407
30408
14027
30411
14037
30424
30425
30426
30428
14045
30429
14050
14052
14055
30442
14059
14061
14062
14063
30448
30449
30450
30452
14078
14081
14082
30470
30471
14091
30475
14093
30477
14095
30487
30489
14107
14108
30492
30493
30498
30503
30505
30515
30517
30526
30527
14145
30530
30532
30541
30542
30543
30546
14163
30549
30550
30551
30558
14178
14182
14187
14189
14191
14197
14200
30585
14204
14205
14207
14208
30596
30600
30602
30604
30605
30606
14225
30609
30611
30615
30619
30620
30623
14241
14242
14246
30632
30645
30649
14271
30655
30658
14274
30659
30663
14280
14284
14286
30672
30676
14294
14295
30687
14309
14318
14319
30703
30705
14329
14333
30718
30719
14342
30729
30735
30737
30739
30746
14365
30751
14368
14383
14385
14387
14389
14391
30779
14398
14401
14404
14407
14412
30801
30805
30810
14430
30817
14433
14434
30819
30827
14448
30834
14453
30837
30840
30841
30842
30847
14468
30855
30856
30859
30865
14482
30871
14488
30876
30881
14501
30885
30887
14508
30893
14511
30895
30899
14518
30902
14519
30908
30909
14531
14532
14533
14534
30919
30921
14538
14545
30930
30931
14554
30946
14563
30947
14564
30953
30954
30964
30966
14583
30967
30970
30971
14589
30976
14594
14598
14600
14602
14603
30991
14608
14609
30995
30997
31002
31003
31005
31007
14627
31015
31017
31018
31020
14637
31022
31025
31026
14643
31027
31031
31034
14651
31037
14654
31039
31042
31054
31055
31058
14678
31063
31067
31068
14688
31074
14694
14708
31092
14709
14712
14718
31102
31111
31114
31118
31120
14741
14743
14744
31134
31142
14763
14767
31152
31156
14774
31158
31162
14779
14780
14782
14784
31170
14791
14794
31181
31190
14809
31194
14814
31203
31206
14830
14832
14837
14846
31233
31234
31235
31246
31248
14868
14869
31254
31256
14873
31260
31261
14885
14888
31274
14895
14898
31285
14902
31293
31295
14913
14914
31299
31300
31304
14923
31307
31311
31314
31315
14932
31316
31318
31319
14944
31334
31340
14960
14963
31349
31354
31361
31362
14981
31368
14988
14990
31377
14998
14999
15000
31387
15011
31399
15019
31403
15022
15023
15026
15029
15033
31425
31426
31428
15046
31430
31433
31434
31435
15059
31457
31467
31477
15095
31480
31481
31482
31483
15103
15106
15109
31496
31503
31504
31506
15123
31513
31514
15130
31515
31517
31524
31526
31528
15150
15153
31537
15154
15155
15156
15157
15158
15160
31544
31556
31557
31559
15178
15179
15180
15182
15187
31580
31584
15202
15205
31595
15216
31602
31604
15226
31612
31613
31617
31621
15241
31625
15242
31629
31633
31636
15255
15259
15262
15268
15273
31661
15278
31662
15280
31664
15281
31665
31666
15285
15289
15294
15298
15301
31689
15306
15307
31692
15313
15320
31706
31709
31715
15334
15335
15339
15340
31724
15341
31729
15349
31738
31740
31743
15372
15373
31757
15375
31761
15384
31769
31774
31780
31781
15400
31787
31794
15414
31800
31803
31804
31805
15424
15430
31814
15436
31821
15438
31827
15444
31831
15449
15450
31837
15454
31844
15463
15464
15466
15472
15474
15478
31863
31865
31866
15484
15489
31882
15499
31886
31889
31891
31892
31893
31895
15519
31905
15528
31915
31916
15534
31918
31924
15544
31928
31930
31938
15555
15556
15558
15562
15564
31950
15568
31954
15576
15579
31964
15588
15589
31976
15593
31977
15599
31983
15600
31986
15605
31993
31994
15613
15614
31998
32004
15620
15621
15627
15634
15638
32022
32024
15642
32036
15657
15659
15664
32048
15666
32052
32056
32059
32062
15681
32068
15686
15690
15692
15693
32077
32082
15704
32090
32091
32092
15709
32100
15720
15721
32107
32109
32110
15727
15730
15733
15734
32121
32125
15745
15749
15751
32136
32140
15759
32149
15767
15775
15777
32168
15788
32174
15792
32177
15794
15795
15796
32180
32181
15798
15801
15802
15804
15805
32190
32191
15808
15821
15822
15823
32207
32210
32211
32212
15831
32222
32224
15842
15844
15847
32235
32238
15855
32241
32242
15861
32248
32250
15867
32252
15870
15871
32259
32260
15876
15879
32263
15886
32271
15890
15895
15897
15898
32286
32287
32301
32307
15926
15931
32321
32323
15943
15946
32330
15949
15951
32338
32341
32343
32344
15962
32351
15968
15972
15974
32358
32359
15981
32366
15984
15985
32371
15988
32372
15989
15992
32376
32381
16006
32391
32398
32402
32403
32411
16027
32423
16039
16042
32426
16045
16047
32431
32432
16051
32437
32438
16054
16062
32448
16066
32456
32459
16077
32461
32462
32464
16081
16086
32470
16090
32474
16092
16098
16102
32487
32491
16107
32492
16115
32505
16123
32508
16129
16136
32524
16141
16143
16145
16150
32536
16153
32537
16155
16157
16159
32543
16165
16169
32553
16173
32557
32559
16179
32571
16189
16191
32579
16196
32581
16199
16201
16203
32587
16204
16212
32599
16225
32611
16229
32615
32617
16234
32619
16237
32622
16243
16246
16248
32635
16252
16259
32654
32661
16279
32663
16284
32668
16291
32675
16292
32677
32684
32685
16303
32687
16304
32690
16307
16308
16310
32698
16315
16325
32712
16337
16338
16340
16345
32730
32737
16354
32740
16358
32743
16361
32745
32747
16366
16370
32756
32758
16375
16376
16380
32765
10
0
130
197
229
183
265
251
222
14
142
10.90