170
0
1
7
519
12
524
15
1040
17
18
532
534
24
25
538
1051
540
35
37
549
551
41
42
45
47
1071
561
563
1075
1076
53
57
569
570
59
574
63
575
577
1089
67
579
580
69
581
71
585
1097
1098
589
84
598
89
601
98
612
107
629
120
126
129
642
644
133
140
141
655
144
146
661
150
152
664
162
677
683
172
184
696
185
189
701
191
193
200
202
720
214
729
732
221
224
741
232
238
240
756
245
764
767
769
260
778
779
268
272
786
794
283
797
798
287
800
290
810
811
814
305
819
823
826
316
829
318
325
326
333
846
847
849
346
349
861
350
863
868
358
365
878
882
887
893
384
899
392
398
911
914
917
920
923
926
417
424
941
947
441
449
965
460
972
461
973
977
989
995
1007
1011
1015
1021
2
35
53
