517
1024
1
2
1026
1027
4
8
1033
10
11
1035
12
14
1039
1040
17
1044
1045
1046
23
24
1048
25
27
28
1052
1053
30
1054
32
33
34
1062
38
39
42
43
1067
44
46
48
50
1077
1079
56
57
1082
1084
60
1087
64
1088
68
1092
70
1096
73
1097
74
1098
1100
1101
1102
1105
1106
82
83
1110
1111
1112
91
95
1119
1120
1121
99
101
105
1130
1131
111
1137
1138
115
1139
1141
119
1147
123
125
1149
1151
1152
129
1153
130
132
133
1157
1162
1164
140
141
1169
145
147
150
1175
151
153
154
1180
156
158
160
162
1186
1190
168
171
1195
175
176
1203
179
1204
1205
185
188
1214
190
191
1215
1218
195
196
1220
1221
198
1226
204
1228
1229
207
1231
1234
210
1235
213
214
215
1239
216
1241
217
218
221
1250
227
1251
1255
1257
234
235
1259
236
1260
238
240
1264
242
1267
1268
246
1272
251
1275
1276
253
1277
254
1280
258
259
260
1284
264
1288
269
270
272
1296
1297
277
278
1302
1304
280
1305
283
285
1309
287
288
290
291
1315
292
295
1321
298
299
300
1324
1325
1327
304
305
1331
1332
1333
1336
1337
315
1339
316
320
1344
321
1347
324
1350
328
1353
329
1354
331
1355
1359
336
1360
1361
338
1364
1367
345
1371
349
1373
350
1376
1378
354
1380
357
360
1384
1385
362
1386
366
368
1392
1393
370
1395
372
1401
1404
380
384
388
1415
1416
392
394
1418
395
1420
1421
1422
399
1424
401
402
1426
1427
1429
1432
1435
1437
1442
1443
1444
421
1450
427
431
1455
432
437
1463
442
1468
1469
1470
447
1473
450
1475
452
455
1480
457
1483
1485
463
1487
1489
466
468
1493
1495
1498
475
477
1502
479
486
1510
1511
487
1512
1514
1515
1518
1520
497
499
1524
502
1527
505
1531
508
1533
511
1535
512
514
1538
1539
517
1541
518
1542
1543
519
1545
1546
523
1547
1550
1551
1552
529
1553
535
1561
1564
1565
542
544
546
1572
551
552
1576
1577
554
556
1582
1583
561
1586
564
1590
568
572
1597
575
576
1600
582
584
593
599
600
602
604
606
612
631
637
638
646
651
652
659
662
668
669
671
674
678
680
685
689
692
696
702
703
705
707
714
718
725
729
733
737
738
739
740
741
742
747
756
757
758
759
762
764
765
768
769
771
773
780
783
784
787
788
794
796
799
805
807
811
818
820
825
831
835
841
843
848
850
852
857
858
860
863
871
872
873
879
880
882
884
888
894
895
899
901
902
903
906
908
909
917
918
919
921
923
924
927
931
939
940
959
962
977
978
981
982
983
985
988
989
996
997
999
1001
1009
1013
1018
1023
138
257
259
4
260
261
6
265
10
266
267
16
272
18
275
21
278
279
280
25
26
27
28
288
32
33
34
290
291
292
36
37
294
295
39
299
301
302
50
309
54
311
56
57
58
59
315
60
318
66
324
69
326
327
71
72
78
79
336
81
338
339
85
341
342
343
344
93
95
96
354
98
355
99
356
102
359
360
361
363
365
114
116
118
119
376
121
378
122
123
124
125
126
133
134
137
143
145
155
157
158
164
167
169
171
172
174
181
184
185
189
191
192
193
194
197
200
204
205
206
208
211
213
216
221
224
226
228
229
233
237
238
240
241
242
244
245
251
253
