1836
4
5
12293
7
12298
11
12
8204
12302
8207
15
12303
4117
4118
23
26
27
12315
8220
30
31
4129
12323
12325
8229
4134
4135
41
12330
4139
12332
12333
8238
4143
8241
4147
12342
4151
8247
12343
56
12344
8250
12346
60
8252
61
12351
8257
12354
4163
4164
8260
4171
78
12367
12369
4178
8277
86
12374
88
89
90
12378
4188
12381
95
8291
4196
8292
4197
12389
102
12391
8297
106
12397
12398
112
12400
113
4210
8309
118
119
4218
124
8316
4222
4224
8322
8323
4228
4229
134
135
141
4237
142
143
4243
149
8341
4250
8347
158
8350
8353
4258
8358
8362
4271
8367
4274
8374
8375
8379
190
8383
192
4289
197
8392
4297
204
205
8398
210
211
8403
216
218
4317
228
8420
8422
8427
8435
248
8440
249
8441
251
8443
253
8449
4355
4358
8454
263
266
4364
273
8465
274
4379
290
8482
4387
4396
302
4399
304
4401
4402
307
310
8510
4415
8511
320
322
323
4419
8516
8521
330
331
8524
335
336
4445
4449
353
356
358
360
4463
8564
375
4471
8567
378
379
4479
8575
384
4482
387
8583
8584
8586
8587
398
8591
8592
8594
4499
8598
415
4511
416
417
4515
8611
421
422
423
424
426
4522
429
4526
8624
8629
4534
8630
439
8634
8636
4543
8641
453
8645
8646
4552
4557
462
8667
479
4576
481
8674
489
8682
4589
4592
8688
4594
500
8695
8700
512
4611
4616
524
8717
4625
533
534
8726
535
4636
8735
544
4643
8739
4644
4649
8745
556
560
8752
563
4661
568
573
576
4672
8770
579
4678
585
4681
4683
8779
597
8790
601
602
8805
620
4716
4719
4724
631
4730
635
4731
4732
4735
4741
8837
8838
8839
648
649
651
8847
662
4758
8854
663
8856
8858
669
8862
671
4767
4768
4770
4771
676
680
4778
686
4786
692
4791
696
8888
698
4795
700
8892
4797
4803
708
4804
713
8905
4810
4811
8912
8913
4818
8918
727
8919
8920
730
4826
8924
733
737
740
4837
8935
8940
4847
4849
8946
8947
8948
4853
4854
763
4862
4866
4867
772
774
8969
779
781
782
784
8976
785
788
8981
790
791
4893
8989
800
8994
8995
4900
4908
9004
813
4909
4910
4913
9009
9012
4917
9015
9016
831
9026
835
9031
839
4937
9035
848
9040
9045
854
9047
9048
857
859
9053
9054
4958
9057
4962
867
876
4973
9070
879
9072
4977
4978
9075
885
9079
4988
9086
4991
896
897
4993
4998
9094
4999
905
9098
9103
913
9105
914
5010
915
9110
928
5025
931
9124
935
9127
938
5035
9131
9132
942
944
9137
5043
5046
951
952
9145
957
959
9152
961
962
9158
968
5064
5065
972
978
9171
983
9175
984
9176
5082
5086
5089
9186
9187
9189
5094
9197
1006
9200
5106
1018
5117
5119
5126
5134
9230
5135
5137
9237
5143
5144
9245
1056
5152
9255
5162
5164
5169
9267
5172
9269
1080
9274
1086
9279
1088
5185
1090
5188
9290
1098
1099
1103
9295
5200
9296
9297
5204
5205
1110
1113
9308
1117
5213
1118
5216
9324
9325
9326
9327
1138
9332
9333
9334
9341
1150
1155
1157
9351
5259
5260
9357
1167
5265
5267
9365
1174
9366
9369
5274
9370
1179
5276
9372
9374
5280
5283
5284
5285
9392
9395
5301
9399
1210
5309
5310
9406
9408
9409
1219
9412
5317
1222
5322
9418
1232
5331
9427
9428
1239
5337
9433
9434
1247
9447
9453
9454
1265
5362
9460
1269
9464
9465
5370
1275
9473
1288
5388
9485
5390
9489
9490
5397
1305
5404
1310
9505
1316
5413
9509
5414
5416
1322
1324
9516
5421
5423
9519
1328
9520
5425
5427
1334
5431
9527
5433
9529
1338
1348
1349
1352
5449
9546
5452
1357
1361
1362
5458
9554
5459
9561
9569
5475
1380
5478
5482
1387
1392
1397
1402
9594
9597
5502
1407
5503
1411
1413
5509
5514
9616
9623
1432
1437
5535
5540
1445
5543
9639
1450
9647
1457
9649
5555
5556
1466
1469
5570
1477
5576
9676
1485
5581
5583
9679
1488
9681
1492
5588
5595
5599
1508
5605
9701
5609
9706
5612
5613
5618
5623
5625
1531
5628
9726
5631
5634
9731
5636
1550
1554
1559
5656
1562
5664
1573
9765
5671
1578
1584
9779
1595
9795
5702
9801
9804
1614
5715
5716
9819
1628
9823
1633
9828
5733
9829
1638
5735
9836
1652
9852
1661
9858
1667
9859
1669
5765
9862
5770
5772
9873
5780
1688
5788
5792
1698
5796
1701
9893
5800
1706
9901
9902
5808
1720
9915
1728
5824
9920
1730
1733
9929
1742
5838
1744
5840
1747
1749
5845
9943
1755
1760
5856
9952
9957
5862
9958
5869
1774
9968
1780
1782
9974
5879
5883
1790
1791
5892
1797
9993
9997
5901
5908
5910
1815
10007
1816
1820
10012
5917
5919
10017
10023
1833
10026
10028
5935
5936
5938
5941
1845
10038
1852
10044
5952
5956
5957
1864
5960
10058
1867
5963
5964
5969
5970
1878
10070
5977
1883
5979
1885
1896
1898
1905
6002
10099
10100
10102
6007
10103
1913
6009
1915
1916
10108
1920
6019
1926
1927
10119
1928
6025
6026
1935
6033
6036
10136
10137
1947
10141
1950
10142
6050
10147
1963
10157
1966
10159
6064
1976
6075
10172
6082
10181
6086
10184
1994
1998
6094
10192
2007
6104
10202
2016
2018
2020
2021
10214
6119
10221
2031
2033
10225
2047
10239
10240
10247
10248
10249
2063
10255
10257
2067
10261
6166
10263
10269
2079
2080
6180
2089
6185
6188
10293
10294
2103
10295
6200
10296
2106
2108
10304
2114
2115
6212
2117
10309
2120
6218
2123
6224
10322
2131
6228
6231
10328
6236
10338
6244
10343
10344
2156
2158
2160
6257
10354
2162
2163
2169
6265
2170
6268
10367
2177
2178
10372
10375
6282
2189
2190
2191
6287
2192
6289
10385
6290
2196
6293
10389
10391
2201
10399
2209
2212
10405
6310
10413
10414
6320
6321
10418
2228
10424
10427
10431
2240
2241
2247
10441
2252
6350
10446
2255
6351
2261
10458
6363
6364
6368
6370
10467
6372
10475
6382
6389
6392
2297
6393
2299
2301
2302
2304
6405
10502
2314
6410
2319
6416
2321
6420
6421
6424
2329
2336
10534
10538
10539
6444
2350
10544
6451
2357
10549
2359
10555
2368
6466
6470
2375
6471
10572
2381
10574
6479
10575
6481
2386
10578
6483
6485
10581
2390
6488
6489
10585
6492
6493
2401
6497
10601
10603
6510
10609
10611
6517
10616
10619
2428
2435
6534
10630
6537
6538
2446
6543
10639
6547
2452
2453
2454
6550
2455
2461
6558
10658
2466
2474
2475
6578
6580
6586
2491
10683
10691
10692
6597
6599
10696
10700
2511
6608
10706
10711
2523
10715
10719
10721
6626
10723
10729
2539
10733
2543
10739
6646
2552
6655
10751
6663
2569
6665
10762
6667
6674
10771
10772
6676
10775
10779
2592
10784
6691
6695
2601
6697
2603
2605
2607
10802
6707
6713
10811
2620
2624
10816
10817
2627
10820
10823
10824
2637
10830
10832
2641
6739
6744
6745
10845
6750
2655
6751
6753
2659
10851
2665
6765
2671
10864
2674
2678
10872
10878
6783
10880
10882
6789
2695
10887
2703
6800
2704
10896
6802
6803
10901
10902
2712
2716
6817
6818
10915
2730
10923
2733
6831
2737
6833
6837
2744
2746
10942
2751
10944
6850
6852
2757
10953
2761
6857
2764
6864
10961
10966
6876
6877
10980
2791
10983
6888
2798
6894
2800
6902
11003
2812
6908
2816
6912
2819
2821
11014
2826
11018
2827
2828
2829
6925
2832
11024
11026
11027
6932
2840
11035
6940
6941
11040
6945
6948
2853
2856
11051
11054
2863
2872
6968
11064
6970
11068
11069
2878
2880
6978
6979
2884
11079
2889
11081
2895
6991
6992
6993
11090
6994
2899
6997
2902
6999
2908
7006
11102
7007
11103
11108
2918
7019
2924
2925
7021
11119
2928
7024
2930
2935
2942
2945
7041
2950
2957
7054
7055
7058
11158
2967
11159
2972
2973
7069
2977
7073
7074
2984
11176
2987
7085
2993
7090
2999
3000
7098
3007
3011
11204
3013
7110
7111
11211
3021
11214
11217
11219
3030
7126
11223
3032
3035
7131
3037
11231
11232
7140
3045
7141
3049
11245
3056
11253
3062
7158
7159
7160
11258
3067
3071
11264
11265
7171
3077
3084
7184
3092
7188
7190
3096
11288
7193
7194
7196
11294
3103
11296
7206
7207
3113
3114
11306
7211
3115
7212
7215
11313
11314
11315
7223
7227
11323
7228
11328
7232
3139
11331
11334
3143
7242
11349
7256
3162
7261
7262
3168
3170
3171
3172
7276
7278
7279
3184
11376
11377
7282
7287
3196
11399
11401
11402
3211
3212
3220
11412
3221
7317
11413
3226
3237
11430
7335
3240
11434
11439
7346
11442
3251
7347
3252
7350
7352
3257
7354
11451
7357
7359
7363
7364
3269
7367
7368
11465
3274
7371
11468
7373
3285
3287
7383
3288
11482
3290
7386
3291
7391
3302
7400
11500
3309
3312
7408
11506
11507
7412
11510
3321
11513
11516
7422
3327
7424
7425
11522
11529
7437
11533
11535
11536
11537
7444
7447
11545
7455
3367
11559
3369
3372
11567
11569
11571
11572
11576
3385
7484
11580
11587
3404
3405
11598
11601
7506
7508
11604
3414
3417
11609
7514
11613
3430
11623
3433
3434
7530
3438
11632
3441
3442
11637
3449
7546
3451
7551
3456
3461
3463
3464
7563
3468
3473
11665
11666
3476
7572
7574
3484
7584
3491
7588
3492
11685
7592
3498
7594
11691
3506
3510
7609
7610
3515
11707
11709
3519
11711
7617
11713
3523
7619
3525
3526
3527
7631
3537
11729
11730
3539
3542
7638
11734
7639
11735
7640
7642
11738
11740
3550
11744
3555
7653
11750
7655
11753
11761
3570
11768
11771
11775
3584
7680
7681
11777
3586
11780
7689
7690
11786
3595
11787
7700
3605
11798
3615
3618
7716
3621
3627
3630
11822
3631
3636
7732
7738
3643
7741
3647
7743
7744
3648
7745
7746
7753
11854
3662
7758
3663
11855
7766
7773
7774
11871
7776
3682
7778
3684
7780
3687
7787
11890
3700
7797
7799
11899
7804
3711
7808
11904
3713
11907
3716
11913
7819
3724
7821
11917
3730
3731
11924
7830
3735
11927
3737
3739
3742
7839
3751
3752
7848
3756
3757
3759
3760
3763
11955
11956
7865
11962
11967
7873
11973
11974
7880
3790
7886
3791
11984
7889
3793
11992
3803
7901
7911
12011
3821
3823
7920
12016
3826
3829
7925
7926
3834
7930
12027
3836
3840
12033
7939
3844
12037
3847
12041
3850
7948
3855
12048
3863
3865
3866
7963
3868
12060
3870
7968
7970
3876
3878
3880
3881
7981
3891
12083
3894
3900
12097
8002
12103
12104
3920
8018
12115
12116
3926
12121
12123
12125
12128
12130
3942
8041
3951
3954
12147
3957
12150
8055
12151
8059
12155
3968
12161
3970
3971
8068
8070
3976
3977
8080
12177
8087
3997
4000
4006
8104
12200
4010
4014
8110
4018
12219
8125
4032
12224
8131
4036
4037
4042
8138
12241
4053
8150
12249
4058
12250
8155
12251
4062
4063
4064
4065
4069
4070
12267
12269
4080
4081
12275
4084
4087
8189
19
133
328
202
267
397
142
401
145
18
340
21
345
351
103
366
112
53
376
314
