874
2048
2
10242
2051
6150
6151
4108
10252
4110
6159
2070
8214
4122
2075
29
4125
30
6175
10272
33
6177
36
10276
2086
6182
4136
4139
10284
4140
8237
2098
6197
8248
4153
57
6201
8252
10307
2116
2117
8266
8270
2127
4175
81
10321
4178
10322
10324
87
8279
88
6233
2140
4191
4194
8291
100
101
8294
4199
104
6251
108
2156
112
8305
4212
6261
120
6268
125
2175
129
2183
6281
4234
4235
2188
8334
8339
6296
4251
6301
4254
2207
165
2214
8358
167
168
2222
6322
8373
184
2237
2240
6342
4298
6348
6352
6353
210
4306
6359
4311
8407
2267
2270
2272
6372
4328
2283
4331
4333
4338
246
252
253
6398
2306
259
2307
260
269
2317
4365
6413
4366
2326
6422
2329
6425
4379
2332
2334
8479
6432
291
2344
8488
297
2346
8490
8495
305
4402
8499
6457
4410
2375
6471
6474
8525
335
338
6482
2388
8534
2392
4441
8552
6505
6506
4459
4467
4468
374
4477
4478
4481
8577
2434
387
389
4494
8592
8597
412
6558
417
6565
6566
2470
6567
6576
435
4532
8630
6583
8631
8641
449
2497
6594
6596
2502
462
469
2517
4567
478
2530
8674
4579
2535
6631
492
2542
8686
6640
2545
6642
2547
499
502
504
2553
4607
2561
515
8710
2567
4617
2570
4622
527
8721
2581
2583
537
4633
2586
8731
2592
2594
4645
6693
8741
2599
6696
554
2602
4652
561
562
4658
566
2619
8765
2625
580
8772
4677
588
6733
590
4686
8783
593
594
2644
2647
8792
2652
2653
4704
610
2658
4709
6760
8808
6763
2669
624
625
2675
6771
628
8822
8823
2681
4730
6780
4734
643
8835
2692
4742
2699
8844
6797
2712
4760
666
2715
671
6816
4772
4779
4780
8884
2743
4791
8887
698
8893
703
6847
8895
2752
705
4802
4806
4808
8906
2763
2764
6860
8912
2770
2779
4828
738
742
8934
8938
6895
6896
2801
6899
2805
4854
4855
761
8953
8954
4860
6911
768
4864
2821
6918
4871
8970
782
4884
795
2846
806
2854
6950
809
4907
4909
9005
2865
9009
4915
4916
4921
6969
830
6974
4935
9037
848
9041
7000
4953
862
2910
2912
7009
9060
874
9066
4972
4973
7022
9070
2927
9076
2933
4983
4985
7034
9087
897
7042
2948
4996
2952
5003
917
918
5016
9116
5021
7072
2982
936
937
9131
943
7087
5040
2995
9139
948
9142
5061
968
3017
974
7118
5072
3029
7125
985
7130
9179
5084
3041
998
3047
5103
9202
5107
1013
5110
3063
9207
9208
3069
9216
9217
5122
3076
5125
7175
3081
9225
1034
3083
5134
1040
1042
3090
7188
3093
1046
3094
5143
9241
3098
3101
7204
1062
3111
3119
9264
1075
3123
9267
5172
1081
3132
1085
7229
9277
3134
9280
5188
7239
1099
3148
3151
7251
5207
7256
9304
9305
1116
5217
7265
5221
1129
3178
5226
5227
9325
5230
3182
9326
3187
1144
9337
3195
1151
1156
3206
5258
3212
5261
9357
3214
3215
3216
7312
9361
5266
3224
5273
5274
7323
1181
3231
7328
7330
1193
9387
9389
3247
7345
5306
7354
3265
3267
1220
3270
9414
5321
7371
9422
1231
3279
9423
1235
9427
3286
7382
9431
7384
9433
9438
7391
3301
5349
9445
3302
5351
1256
9452
9454
3311
1266
7410
1268
5365
5367
3319
1272
9468
9472
3330
9475
3335
7432
5385
1293
5389
9486
5390
9488
7441
1298
5404
1310
5408
5410
3363
7460
3365
7467
5421
9517
3377
3378
5426
9525
3383
1337
5433
9533
5444
1351
9544
9545
9550
1363
9558
3415
7512
1370
3421
5480
5492
5494
9590
1399
9592
9593
7545
1405
3453
5502
9599
1410
9607
3463
3467
9613
7568
7572
1431
7576
7579
5536
5537
9636
7591
5547
7598
9646
9647
3511
5562
3514
7610
9661
1471
7615
1480
3531
1486
7631
9683
3542
5600
7648
9701
3560
1514
1515
5615
5616
7665
7666
5619
1524
5625
5628
5631
9728
7681
3587
5639
7689
9740
1550
3600
5648
7705
7706
1562
3612
3613
5663
3618
5668
1573
3624
7724
3633
5682
9779
5684
3637
1589
5694
1603
7747
7750
9801
1612
7756
5712
3666
1619
7766
3674
1628
7773
1630
3678
3686
7787
1647
3695
7797
1654
7798
3703
5752
9849
9852
3709
1666
9860
3718
3719
3720
7819
3724
1678
3726
3729
3730
5778
9882
3748
5799
3752
9896
3753
1706
1708
7855
1713
7858
1717
9909
5814
7862
7864
5819
3771
7868
9916
1725
3773
7877
9926
5832
5833
1738
7887
1745
1749
3799
1766
7917
5875
3829
9974
1783
3836
5887
7937
9985
1797
7942
5895
1801
5897
5903
1809
7959
1816
3865
1818
10012
7967
5919
1825
1826
10019
7974
3879
3880
1837
7981
1841
10036
5945
5947
1855
8001
3907
1864
3913
5963
10068
8021
10070
10071
1880
8027
10082
5990
10088
3949
1902
1903
1906
6009
3965
10109
10112
10114
8069
8071
6029
10128
8082
10135
10136
1946
1947
3997
8094
6046
10151
1960
4011
6063
6064
1969
8113
6065
10168
6076
4029
4031
6081
1991
8137
1996
10191
6097
8146
2003
4054
6103
4056
10201
8154
4064
2024
4073
10217
4074
2029
2030
4078
10224
4081
10226
6134
8184
10233
2042
4092
2
0
42
