1500
4100
4102
10
4106
4107
12
8206
14
4111
8211
4117
8215
8216
27
31
8223
4128
8224
39
8232
41
43
8240
49
4145
4146
53
8245
54
4154
8250
62
63
64
4161
8258
71
72
76
4172
77
81
4178
4180
85
4183
89
90
8283
92
8284
93
8287
8290
100
8292
4197
102
103
104
8298
108
4206
111
4209
4211
8307
117
118
124
125
4221
4222
8319
4226
134
8328
137
138
8330
8331
4236
4240
146
150
8347
8350
4258
8354
8357
4264
8360
169
8362
173
175
4273
4276
4281
4283
190
4286
194
198
4296
203
4299
204
4305
213
214
4314
219
223
4321
233
242
4341
246
248
4345
254
256
4353
258
4356
261
263
265
268
4364
269
4367
4371
277
279
280
281
4377
285
287
4385
4386
4393
299
4397
303
4402
308
4404
315
4413
321
4417
4422
332
333
4430
4432
4435
346
348
350
353
356
360
4456
4460
365
371
4472
377
4477
383
4482
4484
389
4488
394
4494
4495
407
4504
411
4508
415
420
4516
425
4524
4526
432
4529
4532
4536
442
443
4548
4557
4562
477
479
4580
484
485
487
4589
496
502
4599
504
4603
509
4610
516
517
4616
522
525
527
4624
531
4628
533
4630
534
4631
4632
541
4640
4642
4643
4645
550
4647
552
554
556
566
4663
4666
573
574
575
576
4675
581
584
594
595
4695
602
603
4702
610
612
4713
618
619
4724
629
633
635
637
4734
645
647
4752
665
4764
669
672
674
676
677
4774
4776
685
4783
4787
4789
4792
697
698
4796
706
4802
4803
708
4804
4805
4806
711
4810
715
719
4815
722
4818
724
728
731
4828
733
4832
738
740
745
4845
755
763
4859
767
4866
772
776
4873
786
4889
794
4895
4899
807
4904
812
813
817
4920
4925
4927
835
837
838
842
845
4942
4945
850
4947
855
4952
4958
865
866
4967
878
879
882
883
886
4983
889
4985
4986
891
4987
892
4989
894
4990
4991
897
904
5000
906
912
5010
915
5022
931
5027
932
5029
5033
938
5035
941
5041
5048
5049
959
960
961
965
966
970
977
5073
5075
981
5077
986
988
990
993
5089
5090
995
999
1002
5104
5105
1016
1022
5123
1036
5135
5136
5138
1043
5140
5143
1048
5144
5150
1060
1062
1064
5162
5166
5174
5175
1080
1083
1086
5186
1091
5188
5189
1097
5194
1099
1102
1104
5200
1106
1108
1110
1114
5210
5211
1115
5212
5217
5221
5235
5239
5241
1149
5245
1155
5253
5256
5258
5262
5264
1170
5267
5268
1173
5273
5274
5276
1183
5279
5280
1185
1186
5284
5285
1191
1192
1193
5293
1200
1205
5301
1206
1213
5309
1214
5310
1216
5312
1219
5315
1227
5323
5324
1231
5334
5345
5347
1252
5348
1253
5349
1260
1262
1266
5362
1269
5368
1273
1275
5371
1276
5374
5376
1286
1290
1296
1297
5397
5398
1308
1311
1317
1325
5423
5425
5426
1334
1338
5445
5450
1359
5457
1368
5464
1371
1373
5482
1387
5492
1399
1400
5496
5499
1407
1411
5508
1413
1417
5514
1419
5516
1422
1431
1434
1437
1439
1440
1452
5549
1462
5560
1467
1468
5564
1469
1470
1474
5575
5576
5580
5583
1490
1491
5587
5589
1496
1502
1503
1505
1507
5605
5609
5612
5618
1524
1525
1527
5625
1531
1532
1537
1538
5635
5642
5643
1550
1551
1556
5653
1558
1571
5669
1574
1580
1583
1585
1586
1587
5683
5686
1591
5687
5689
1594
5690
1598
1600
5704
5705
5708
5721
5727
1633
5732
5736
5739
5740
5744
5745
5747
5748
1656
1657
5755
5756
1661
5763
1668
5767
5768
1679
5776
1685
5781
1701
1705
5802
1707
5804
1712
5808
1713
5810
1715
1716
5812
5816
1722
1723
5823
1730
5828
5830
5831
5835
1740
5837
1742
5838
1746
5846
5847
5850
1759
5861
5863
5864
5870
1778
5879
1785
5884
5885
1797
1798
1807
1813
5911
1817
5913
1819
5917
1823
1824
5921
1828
5925
5926
1831
1833
5929
1835
1841
5939
5941
1848
5945
5947
1854
5953
1863
5971
5972
5979
1884
1885
1886
5982
5986
5993
6002
6003
6004
1908
6007
6017
1922
1925
6021
1926
6024
1930
6032
1937
1938
6036
6037
6041
6044
1951
6047
1954
1959
1962
1964
1971
6067
1980
1987
6084
6087
1996
6093
6098
2006
6103
2010
2015
2016
6114
2027
2030
6131
2041
2042
2043
2047
6143
6149
6153
2061
2070
6166
6171
2079
6175
6176
2081
2089
2092
6189
6191
6197
2105
2106
2107
6210
6213
6216
2121
2123
6221
6222
2127
6227
6228
2137
6238
2142
6243
2149
6246
6247
6249
2155
6251
2156
6253
6256
2162
2166
2168
6269
6270
6271
6275
6276
2184
6280
2187
2195
6296
6297
2208
6308
2213
6309
2214
2217
6314
6318
2223
2225
6321
6323
6324
2231
6329
2235
2239
6338
6339
6340
2246
6342
6348
2254
2255
6352
2257
2260
6359
6365
2270
6368
2281
6382
2287
6383
6386
6387
6389
2300
6399
2308
6404
2311
6410
6411
6419
2324
6422
2327
6424
2329
6425
6428
2334
6434
2342
6438
2344
2349
2351
2352
2353
6449
2357
6458
2365
2372
6473
6480
2386
2394
6491
2400
6500
6501
6504
6507
6508
6510
2417
6518
6519
2428
6535
6538
2442
6541
2449
6545
2453
6549
2455
6556
2461
6560
2472
2474
2480
2482
6578
6580
2487
6583
6584
2494
2510
6611
6612
6616
2521
2522
2525
2526
2529
6627
2535
6633
2538
2541
6638
2547
6651
2556
6653
2558
6656
6657
6658
2565
2567
2569
6672
2578
6674
6675
6676
2582
6679
2587
6684
2593
6691
2599
2602
2603
6700
6702
6711
6713
2618
2619
6715
6720
2625
2627
2630
2634
2636
6734
2640
2641
6737
2642
2647
2649
2652
2659
6755
2663
2665
2666
2667
6763
6767
2672
6773
6774
6775
6776
2685
2687
6787
2693
6792
6795
6798
2703
6811
6813
2720
2721
2729
6834
2741
6837
6840
6843
2751
6848
6849
2754
6852
2760
2761
2763
2764
6863
2770
6868
2773
2778
6876
2783
6879
2785
2786
6883
2788
6884
6885
2791
6894
2800
2801
6899
2804
2805
2806
6902
6903
2808
2809
6906
6907
2812
2820
6926
6928
2841
2847
2852
2853
2857
6957
2863
6961
2866
6962
6965
2870
6968
6969
2889
6986
6995
2901
6998
2905
7005
2911
7016
2927
2932
7030
2943
7039
7043
7048
2954
7052
7056
2961
2962
7058
7060
2965
2967
7070
7073
2978
7074
2980
7083
2988
7088
7089
3000
3001
7099
3007
7103
3009
3010
3013
3014
3015
3016
7113
3018
7114
7116
7117
7118
3025
3028
3031
7129
7132
3038
3045
7143
3051
7151
3057
7153
7155
7160
7162
3072
7173
7176
3081
3087
7184
3090
3094
7190
3095
7194
3100
7196
3101
3102
7198
3104
3105
7201
3106
3108
3111
7214
3122
7218
3126
3127
7223
7229
3143
7240
7242
7246
3151
3153
7249
3156
3157
7255
7265
7266
3175
7271
7272
3177
3181
3182
3184
3185
7283
3189
3191
7289
3200
3204
7300
3209
7306
7308
7309
3216
3217
7313
3221
7317
3224
7320
7321
7323
3230
3233
7333
7335
7337
7341
3248
3249
3252
3253
7355
7356
3263
7360
7362
3267
7367
3276
7372
3281
7383
3288
3292
3303
7399
3304
7403
7405
7412
3318
7414
3322
7418
7420
3329
7429
3334
7431
7434
7436
3340
3342
3343
7442
7443
7444
7449
7452
7453
3362
3366
3367
3369
7466
7468
3378
3381
7477
3382
3383
7482
7500
3405
7502
7507
3412
7509
7510
3415
7511
7517
7520
7527
3438
7535
7536
7539
3445
3452
7549
3453
7552
7554
3462
7558
3470
3471
7572
3477
3479
3480
3482
7581
3488
3492
3495
7593
3497
7596
3501
3507
7606
3519
3526
7622
7624
7630
3539
7635
3541
3542
3545
7646
3553
7651
3572
7672
3578
7677
3582
3586
7687
7701
7703
3608
7706
7708
3615
7712
7713
7717
7721
3629
3632
3637
7734
7740
3645
3648
7749
3661
3663
7759
3664
3669
3674
3680
7783
7789
3697
3698
7794
7797
3704
7801
7803
7806
7808
7810
3716
7817
3724
7822
7825
7826
7828
7830
3737
7834
7837
7838
7839
7846
3755
3757
3763
7860
3765
3768
7872
3779
7881
3790
7886
3791
7887
3800
3801
7897
7898
3803
3807
3808
7907
3812
7910
7912
3817
3818
3821
3828
7925
3831
3832
3833
7932
3844
3845
3847
7943
3848
7951
3855
3856
3857
7953
3859
3861
3863
3868
7965
3871
3879
3884
7986
3891
3892
3893
7991
3896
3898
7995
3909
3910
8007
3915
3920
8016
3921
8019
3927
8027
3933
3935
8031
3939
8037
8042
3947
8044
3949
3950
8047
3953
3955
8054
3962
3965
8064
3972
8068
8076
8081
3990
3993
8089
8095
4004
4016
8113
4021
4026
8124
8126
4033
8131
4039
4041
8139
8142
8145
4051
4052
8149
8151
8155
4065
4074
4079
8180
4086
4089
4090
23
321
65
129
2
325
392
9
270
341
214
90
157
31
33
162
290
295
359
311
184
185
124
61
