404
1024
2049
2051
1028
5
2057
1036
2060
16
2066
2070
2071
1053
30
2079
1062
1063
2090
2093
2094
2095
50
52
53
1078
54
57
1083
2108
1087
1088
2115
2117
1093
2120
2124
1101
1102
2129
1107
1109
1110
1112
89
1113
93
2145
98
2151
105
1130
107
2155
119
1143
120
122
124
125
1149
2176
1153
2181
1159
135
1163
1164
140
142
2191
144
146
149
2201
1177
2207
1189
2214
1192
170
175
1199
1206
1208
190
195
1221
1225
1226
2255
208
1233
209
1239
217
219
2269
1246
2271
1248
225
2275
228
1253
229
2279
234
1260
238
2287
240
2290
2292
2294
251
253
2303
1280
2307
1294
273
2326
279
280
1306
2332
2333
2335
1314
2343
1320
299
2351
1331
2355
311
2361
317
2365
2366
1342
1343
1344
2369
325
2373
2375
2378
330
2379
332
1357
2381
335
1360
337
2386
342
2394
2395
350
1374
2399
2409
363
364
365
2416
2418
371
1396
1400
378
385
388
2436
1414
2444
1421
2447
2448
1430
2455
1434
1435
2466
1445
1447
1448
2473
1449
429
432
1460
2485
1461
1463
2488
440
441
1465
1466
2490
2494
450
453
2507
460
1484
1485
461
2510
2512
2513
465
1490
468
1494
472
2520
2521
2522
1500
477
478
2526
1505
483
2532
486
1510
489
1517
494
2543
2544
2550
1528
508
2561
1537
514
519
1545
2569
1550
1555
1562
2586
1563
2588
2589
2593
1570
2596
1575
552
554
1578
2603
556
2605
1582
559
1584
1585
1592
1596
577
1602
583
1613
590
1621
1627
1628
612
613
1643
625
1649
1650
629
1655
1656
633
638
1663
641
1665
1669
646
651
652
1677
655
656
1681
1688
668
672
1696
673
674
676
1712
1714
692
1718
694
697
1729
707
1731
1732
708
1733
712
1736
713
714
1743
720
1752
730
743
1767
744
745
749
1773
759
1783
764
766
1794
1796
774
776
777
1803
783
1808
1810
1811
787
1821
799
802
808
1832
1834
819
1843
824
825
1849
826
831
1855
1860
1867
1868
1869
846
1877
1880
1887
864
867
1892
876
877
880
888
1922
1928
920
928
1953
1958
1959
935
940
1965
953
955
957
1988
968
1994
2006
2007
986
2012
990
996
2020
997
998
2026
2028
1013
2039
19
32
64
96
131
5
103
40
42
44
45
15
146
116
85
54
122
157
95
63
