493
2
1027
1033
1037
2063
17
2066
18
19
1043
2069
22
2077
31
1057
2083
37
38
1064
1065
45
1069
2095
50
2101
1077
1079
1080
2105
57
1082
60
61
63
1087
1088
65
2116
1095
1097
75
2126
2130
2131
2132
2134
2137
95
96
2144
97
2146
1123
101
2149
2156
110
1135
111
2160
114
1142
1145
1146
2170
2175
2177
2181
1165
143
145
1169
2195
150
158
159
1183
2208
1185
162
163
1189
2213
2214
1191
2219
2221
1198
175
2223
1200
1201
178
1204
2233
187
188
2236
2237
1215
191
1218
2243
1220
198
2246
1226
205
1229
1230
207
1232
2259
1237
2264
2266
221
1246
2270
225
1249
1250
2274
227
1253
2277
231
232
2281
236
2285
2289
1266
1268
1273
1276
1278
2302
2303
259
260
2308
2313
2314
271
1297
275
1299
2323
2324
277
1303
1304
2328
281
1306
283
2334
1311
1312
1313
2338
291
1315
2342
2343
2345
1322
2346
299
1325
2349
304
307
2355
308
309
311
313
315
316
1340
1343
321
1346
2373
2374
326
1357
1359
337
338
342
2390
2391
1374
2398
353
355
2404
357
2405
1389
366
2414
1392
369
2418
2419
375
2423
377
2426
2427
380
1407
384
1412
389
396
1420
398
1422
2447
1425
2449
403
1430
2456
409
1441
419
421
2470
1446
1448
2474
2475
1453
2477
432
1457
434
2482
1459
436
1460
1463
2491
446
1472
2500
1479
457
1482
462
1487
465
1490
2515
2520
2521
474
475
476
1501
2525
2526
2530
484
1510
487
2538
496
1527
1529
1532
1535
1536
2563
1540
517
2567
520
1544
521
1545
2569
1546
523
525
1549
2573
1552
1556
533
2582
535
2583
2586
2588
2590
1568
2593
546
1574
2599
2601
1579
2604
561
2610
566
1590
572
2621
1599
577
1601
578
580
1605
582
2631
2633
585
1609
2634
1612
590
592
595
1621
600
604
2654
606
612
613
2661
614
1640
2664
618
620
622
1646
2673
630
1654
1655
1656
2680
633
634
637
1664
1665
642
1666
1667
1672
651
1676
656
1681
659
1684
665
1689
1690
1691
1694
1696
673
1699
1700
1702
679
1703
680
683
685
1710
1712
689
690
693
703
706
710
1734
714
1738
720
721
1745
722
723
1751
1752
734
1761
1762
754
1780
758
1787
765
1790
768
1796
1799
782
783
784
785
790
1816
795
1822
1824
802
803
808
822
1850
1855
1857
834
840
842
1867
843
849
1879
1881
1882
1883
862
863
866
868
1896
873
882
1906
1909
887
1914
892
894
1918
899
1928
905
1932
922
1946
1948
1955
932
933
936
940
1970
1973
1978
954
955
1979
1986
963
966
1990
1994
1997
2001
2004
981
2012
989
992
2018
2020
997
998
2022
2024
1002
1006
1008
1021
6
16
65
67
37
24
9
