371
5120
1028
1029
2056
2060
2063
1043
1048
3097
1050
27
7195
3100
7197
5150
5151
5153
37
7205
4136
7208
2089
6188
7213
6193
1078
4156
1085
3135
1089
66
3143
5196
6223
1108
6229
3158
1111
90
3164
2149
7269
4212
2165
7289
122
2170
3196
3197
7293
2175
7296
7299
1162
6282
139
1167
146
1171
5267
4244
5269
2198
153
2202
4251
157
2206
1185
3235
3237
167
5289
171
1199
2227
189
3261
4285
6335
6348
1229
2258
3286
4311
5345
5346
1251
229
3308
4332
1263
3312
4336
1265
242
3315
6387
4341
5366
6397
1281
1282
265
1289
3337
6409
1292
5388
271
274
5410
2343
1320
2346
5420
4396
3375
6449
4402
3380
2359
4407
4408
5432
6456
313
2363
6460
5437
4420
2375
4423
2379
3406
3411
4437
343
3415
1369
2400
3424
2401
1378
1380
4462
2416
4464
1403
1405
1416
4491
1422
5525
6557
6558
4513
1455
2480
3505
4531
6580
2496
4544
6594
453
456
4552
1486
3535
2515
1492
473
6619
4572
480
3556
3562
5610
4587
5612
2543
4599
6647
4600
1529
513
2561
2562
515
516
3588
3591
1545
4623
532
535
4632
541
3615
1569
6692
6697
5682
565
1597
2621
5695
578
5700
2630
1612
589
3668
4693
599
5720
5722
3676
4703
2658
4706
3687
3695
2677
4728
4730
636
1660
3709
1664
4741
646
3720
649
2698
652
3730
1684
5782
6820
2725
5801
2733
687
3760
5811
1715
2740
3764
5815
1720
3768
6841
701
1725
5826
5829
6854
6865
6869
4824
3801
6876
3806
746
3821
5871
2800
5872
2802
1782
2811
3845
775
1802
1804
6924
786
5906
3861
792
4890
4891
799
1824
1827
2852
5926
3881
4905
6953
4907
811
4908
813
1840
2864
2871
1851
5947
2877
3904
838
842
1868
2897
5970
5973
5974
3927
1881
2911
7012
1903
7023
3954
7032
7034
1915
3963
6014
4995
2951
5005
3982
5010
2963
7060
1941
2965
2966
3993
5022
7078
5034
5035
6060
7085
5038
1971
948
2997
6069
1976
5051
5052
6079
4034
1986
7107
6090
4044
974
3025
6097
2003
7129
4062
993
996
4068
997
4069
5094
2034
7159
3066
1019
6141
7166
4
16
339
238
303
