481
0
1
1026
2
1027
4
1028
8
9
10
11
12
14
15
17
20
24
25
27
28
30
32
36
37
39
41
45
46
47
54
56
57
59
60
62
63
64
66
70
73
76
78
79
80
88
89
90
91
92
95
97
99
101
104
105
109
111
112
113
118
120
122
124
126
127
132
134
135
137
140
142
143
147
148
149
152
153
156
158
159
160
161
164
166
168
171
172
173
174
175
176
177
178
179
180
183
184
187
188
191
193
201
203
205
211
215
219
221
222
223
226
227
228
229
230
231
232
234
235
237
238
239
245
246
247
248
252
254
259
261
262
264
265
269
277
279
282
283
284
285
288
289
292
295
296
299
301
302
304
305
306
307
309
310
311
313
315
316
320
322
326
327
330
331
335
337
338
340
341
342
344
347
348
352
354
355
356
358
359
360
366
368
369
371
372
373
374
375
376
378
380
382
385
386
387
392
393
394
397
398
399
404
405
406
411
412
413
417
418
419
420
422
430
431
434
435
436
440
442
443
445
452
454
457
458
460
461
462
463
469
472
473
476
480
481
485
488
489
491
495
498
499
501
502
504
509
510
513
515
517
520
521
524
527
529
530
531
534
535
536
538
539
542
553
556
558
560
562
563
566
567
568
570
571
572
573
576
580
581
582
583
584
586
588
590
591
592
593
597
598
606
608
610
613
614
616
618
621
625
628
629
630
632
634
635
640
642
643
651
652
653
655
657
659
663
664
668
670
672
674
675
677
678
679
680
682
688
689
695
698
701
702
703
708
709
711
715
716
717
718
719
721
722
726
729
730
731
732
738
739
742
743
745
746
747
748
749
754
756
758
761
762
763
766
768
769
770
774
776
777
778
779
780
781
782
786
788
789
790
791
794
801
802
804
807
808
809
812
813
814
817
818
820
822
824
828
830
831
833
835
837
839
840
842
843
848
852
860
861
862
863
864
865
866
867
868
869
871
877
883
884
885
886
890
892
897
898
901
902
904
908
911
912
913
914
915
917
921
922
924
925
929
930
932
934
937
938
939
943
945
946
948
952
953
955
956
960
965
969
970
971
974
975
976
977
980
984
987
992
993
996
997
1001
1007
1008
1010
1013
1015
1017
1020
1023
174
0
256
257
1
259
4
261
263
9
265
11
267
12
13
14
270
16
18
20
277
21
278
23
280
25
281
283
284
286
287
32
288
33
289
290
34
35
291
292
37
38
294
39
295
297
41
299
43
301
46
303
47
305
308
53
311
55
56
312
314
58
316
317
320
322
66
324
326
71
328
330
332
77
79
336
337
338
83
339
341
343
344
88
89
91
348
350
94
95
352
96
98
356
101
357
103
359
104
360
361
106
107
111
368
113
115
116
117
120
125
126
131
133
134
138
140
146
149
150
155
158
160
161
163
164
167
171
172
175
177
182
185
187
188
189
190
191
192
193
195
197
198
199
204
208
210
211
212
215
216
217
219
220
221
222
224
227
228
231
232
233
234
235
237
238
241
243
244
248
249
251
253
254
255
