307
512
513
1026
1542
520
1544
12
524
2060
1037
14
527
16
528
1041
529
1553
20
1045
534
1046
2070
24
536
2072
537
1049
1562
31
543
1569
34
547
1062
2087
552
1065
42
555
557
1069
2094
2095
563
1587
2099
564
1076
565
1080
60
2110
578
2114
586
2122
589
591
1616
2128
81
2131
2132
85
87
600
1625
605
1119
2143
608
2144
98
1124
2149
1125
1126
2150
1640
107
1131
108
2156
1645
623
1135
1653
1656
1145
634
126
638
2175
2177
132
2182
2185
141
653
1167
2191
144
2199
1688
1178
2202
155
670
1182
1183
2209
2211
676
1703
681
2219
172
1708
2222
1199
178
1202
179
180
1204
181
1210
2235
191
2240
705
1219
708
1733
710
2246
712
713
1737
2250
1227
1231
722
1746
1237
726
214
1750
215
729
220
735
1760
739
1764
229
1254
1766
744
234
1258
238
1777
1778
243
756
246
248
760
762
251
1275
1282
261
773
774
1801
1806
1811
1304
282
1820
799
801
1313
1315
806
1830
807
1831
296
809
1322
301
816
817
1331
825
1849
314
826
1340
829
318
831
1861
326
1864
1353
842
1868
334
1361
338
1362
339
340
341
1877
857
1883
348
1373
1885
352
1377
1889
867
356
1382
1384
873
1900
366
1394
1395
1908
374
1910
375
1402
381
1412
1924
389
1414
903
1416
393
1934
400
1424
402
1939
1431
922
1440
1954
1444
1963
428
940
1454
1966
431
432
434
947
1973
438
1976
1468
957
1981
1983
449
962
1477
1479
460
1484
1485
979
2004
2005
984
985
2010
475
988
1501
2013
2016
994
2019
1509
998
487
2025
489
1002
2030
501
2037
1527
1016
2043
2
38
60
