247
1024
1536
513
2
1539
2051
8
1033
1036
1038
18
532
2071
1047
25
1051
29
1053
542
2082
1060
1573
1065
41
2089
46
1070
1589
1079
2104
1592
1081
1083
1084
1597
574
63
2112
2123
2124
1100
77
1101
1614
79
1107
1113
604
1117
1633
2146
614
1638
1127
2154
1132
625
1137
114
1138
627
2164
630
2166
120
1657
1658
1147
1154
1668
648
138
139
140
1168
1169
1171
1173
1182
671
1698
1186
165
1193
682
1710
1203
1719
1208
701
1215
1731
1219
1739
1740
716
1229
1743
720
210
1234
1236
1751
1756
224
226
1251
231
1256
1768
745
233
1257
1769
1771
1263
241
754
756
1780
247
759
761
1274
1788
766
770
1794
772
773
1287
776
1800
267
268
780
1805
787
1812
1304
282
1308
1822
1313
801
805
297
1327
305
818
308
820
309
1846
1849
314
315
828
1855
1344
321
1345
327
1353
841
1868
1869
845
848
852
342
1368
1370
1376
1379
871
360
365
877
1901
881
371
1396
1911
1403
1917
895
1920
389
901
1416
392
397
1934
1423
1431
1944
1945
925
1438
415
1951
928
1443
421
940
1965
430
1454
944
947
436
1463
1980
958
448
451
963
967
1991
1995
460
2001
2002
466
2004
468
471
473
985
1500
1000
1002
1004
1521
2034
1010
500
1526
502
506
507
1020
508
509
1022
1534
21
32
130
99
163
100
4
72
75
44
47
48
113
21
23
119
121
59
91
28
125
30
