1048
0
1
6147
4100
2057
11
4107
2063
8207
2064
2066
8211
21
22
23
24
2074
2075
2079
4128
6177
8227
8228
36
6180
2085
2091
6187
44
4140
8239
6193
8242
4146
52
2101
6199
2103
2104
58
8254
6210
68
4164
4165
4166
71
4167
8264
76
2124
78
2126
6222
8272
2129
83
6227
84
2133
4182
2135
8280
8282
2140
4188
8284
4192
2145
8289
4194
6245
8293
6246
8296
8297
2154
2157
110
2159
4209
6257
8305
2162
4213
6262
2167
4215
2168
4223
2178
6277
2182
6284
143
6288
149
4245
2199
153
2201
4252
2205
158
6303
162
2210
4258
4259
167
4263
6313
171
2219
2221
6320
177
2225
4273
178
2227
183
185
6330
189
4285
192
4289
194
195
2249
4297
204
4301
2254
4305
6353
2264
6363
6364
2269
224
2273
2275
6373
2282
6378
4331
4332
237
2285
239
2287
2288
241
2295
4348
6397
6398
254
6400
261
2309
2310
2311
265
2314
6412
269
6422
279
2331
2332
290
6436
297
302
6449
6451
2357
310
6455
4409
6458
2363
6464
4417
2370
6467
2373
6469
326
2375
6472
6475
4428
6477
335
2389
344
2392
6490
2397
6493
6495
6500
360
2413
368
2419
2422
2423
2425
4473
2429
2432
385
6532
389
4486
2443
2445
4493
4495
2452
6550
406
408
2456
6556
415
4511
2464
4516
422
427
6572
2480
4528
433
2483
436
4535
6584
2496
452
6598
4550
2503
4551
4557
6606
463
464
4560
465
4562
467
468
2517
4565
472
4569
4571
2524
2526
6627
6628
6629
4583
4585
6634
6635
4588
492
2540
493
4589
2542
4591
496
2544
497
2547
502
4599
2559
514
4610
6659
4611
516
4614
519
2567
6668
6670
526
6671
2576
4626
6674
537
2586
6690
4643
2596
4647
6695
2601
4649
6697
554
555
2603
6700
2607
2608
2609
6706
6707
2611
2613
2615
2617
4665
575
6719
6722
2628
6728
587
2636
4686
2641
6737
4692
597
4694
600
603
2651
6752
613
4710
2664
619
4716
6764
2670
2674
6771
2676
631
632
2680
2681
6778
634
635
4731
6783
6784
4738
6786
4741
6790
2696
4744
4745
2700
6800
6804
2709
2711
4761
4762
2716
2721
6818
676
682
4778
6830
688
4789
2742
4791
701
2751
704
2752
6854
4808
713
718
4816
6867
2773
6870
726
2781
6879
4834
739
4836
744
747
2799
4848
6899
4853
758
2806
4854
6902
2807
761
2809
4860
6909
6912
2819
2823
781
784
6928
785
6929
4882
4885
2839
793
4889
2844
4892
2849
4899
6951
6953
6955
812
819
6967
827
4927
833
4935
839
4938
2891
846
848
2896
2901
2903
2907
7003
7005
862
2910
4958
2912
4962
868
2916
7014
2919
4969
7026
7028
4992
905
7049
7051
7052
2956
909
5007
912
2960
2962
7058
916
2964
7061
923
924
2979
932
2980
933
7078
2993
7095
5049
3002
959
7103
5059
7109
7111
5066
971
3021
3023
5076
7125
7126
5078
3034
988
5087
3042
3044
997
7141
5097
1006
5103
7156
7157
3063
1018
1026
5122
1029
7175
1033
5134
7182
7184
1041
7188
5141
7190
1051
5147
5149
5150
7199
3108
7204
5159
7208
7210
1067
7213
1074
7219
5172
3125
5177
3131
7229
3133
1088
3141
5189
5191
3144
3149
7246
1104
3152
3154
7257
3165
7262
7263
1119
3169
5219
5221
3182
5233
3186
1140
7284
5238
1144
7289
5245
1152
1153
3201
1154
3204
5252
1159
1161
1163
1164
5261
1170
1172
7318
1175
7319
1176
7321
7323
3228
7326
3234
7334
1193
3241
1194
7338
3243
1196
3247
1200
5299
7347
1207
5306
1214
3263
3265
7365
5319
5320
7368
1225
7370
3276
3278
7378
1236
3286
1239
1241
3289
1242
1244
7389
5345
3298
5348
5350
1254
5356
1261
3309
1262
3310
7407
7409
1269
1270
5366
3319
5379
3332
7430
1291
3341
5392
3345
3350
5400
5402
7453
1311
5409
3362
7460
7461
3365
5413
7463
3371
5420
5421
1327
5423
1328
3376
3385
5433
7485
5445
5448
1353
7498
5453
1359
5459
7508
5466
1371
7516
1377
1378
5476
7525
1389
3452
3457
5508
1414
3462
3464
1417
1418
7564
3470
5519
3472
5520
5521
7570
7577
7578
7580
1438
3490
7591
3497
7593
1453
3501
1454
1455
5551
3504
3506
7602
3507
7603
5564
7612
3517
1470
3518
3519
5568
1473
1474
5570
7621
5576
5578
1483
3531
3536
5585
5586
7634
1496
7653
1510
3558
7659
3563
1516
5613
5615
7663
5617
3576
7673
3579
1533
7677
5630
7678
5631
5632
1538
3591
3592
7688
7689
1547
1550
1553
5650
5651
1556
3605
7704
1562
7706
7709
5661
7713
5668
1574
3626
7722
7723
1581
1584
5680
7729
7732
5686
5687
7735
5689
5691
5692
7741
7742
3648
3649
5697
7746
7753
3659
5708
1614
7758
1615
3663
7761
1619
7764
7765
5720
3672
1626
1629
7774
1631
5733
7784
7785
3690
1643
7792
5744
1654
3703
5753
7805
1666
7814
1671
7817
1678
1679
5775
3728
7826
3730
1684
3734
5782
7830
1690
3738
5786
5787
5789
3742
5791
5792
1700
7846
5798
7847
3753
1707
1716
5813
3767
1720
7864
3771
1732
3781
5831
1738
3786
5834
3787
5839
3799
1755
7901
5856
3811
5860
1765
5861
5864
3817
3818
5867
7916
7917
1777
1778
7925
7926
3835
7931
3837
1791
7935
1792
7944
7946
3851
1803
5899
3852
5900
7951
3856
1809
7953
3858
1813
7958
7959
7960
7961
3865
3866
1820
5916
7973
1833
5930
1835
3883
1836
1837
7982
3887
5935
3889
1842
3890
1844
5941
3901
1853
5953
8003
5956
8004
3910
5961
8012
3917
1870
1871
3923
1876
5972
8020
3925
1878
8022
5975
3928
5980
8028
1885
3933
3935
5983
8031
1888
5986
8036
5989
3944
8041
5994
8042
8043
1903
3956
3957
3958
8056
8057
6010
8062
1919
6017
1922
6018
3973
8074
1931
3979
8076
1934
3984
1938
3989
6039
6048
4005
1959
6057
6058
8108
1966
6062
8110
8114
1973
4022
8118
4023
4027
4041
6089
1994
8139
1997
4048
4049
8145
2003
6100
6101
4055
8152
8157
2014
4062
6112
4065
6113
4067
6119
2024
6120
4073
8173
4079
2032
8177
8184
2043
6140
2046
6142
4
129
99
22
134
