497
5
2054
1033
14
1040
17
2066
18
19
23
1050
1052
30
2081
1058
2083
38
2086
1064
44
45
2095
53
1077
55
1079
2103
1080
60
61
62
63
65
2114
67
2116
69
73
76
2125
1102
2126
2130
2131
84
92
94
95
1122
2146
101
103
2151
2152
107
1131
110
1135
112
1136
113
114
2165
1142
1144
2168
121
126
1152
2176
1155
133
2183
2185
1165
2190
143
1169
1170
147
1171
2195
1173
2198
2204
157
158
1182
159
2207
1184
2209
162
2211
1188
167
2215
1192
172
1198
175
2223
2224
184
1209
2234
2237
2238
1215
191
2239
194
1220
198
2246
2247
1226
1231
207
1234
2259
212
1237
1240
2265
2266
1246
1247
224
225
1250
227
1253
233
2283
1260
237
239
1266
2292
2297
1278
2302
2304
2311
265
267
1292
2317
2319
1297
1298
275
2323
277
1304
281
1305
1306
283
1311
290
2338
293
2343
298
1322
299
2349
304
305
309
311
313
2363
316
318
1342
1343
1344
2369
334
1358
2383
337
338
1362
1365
2390
1367
2391
2392
1370
1372
1374
354
2403
357
1382
359
1385
362
1386
2413
368
1392
2416
2418
372
373
2421
375
1399
2423
2424
377
2425
1403
380
1405
2429
1406
1407
388
1412
2436
1413
1414
1416
2441
1418
1420
2444
398
1422
2447
400
401
2449
403
405
2453
406
2456
409
2462
2465
1446
424
1448
2472
425
2474
1453
432
1457
435
436
437
1461
2485
1464
2488
2489
1471
1472
1474
2498
455
1479
1480
1481
458
462
2510
465
2515
2520
476
2524
1501
2525
484
2533
1510
1513
1514
2538
1515
2545
2549
1527
508
1532
1537
2561
2563
520
1544
1546
2570
523
1547
2571
525
1549
2573
527
2576
529
2582
535
2583
536
1560
1561
2586
1563
2588
542
1566
544
2593
1570
1574
2601
1579
2603
2604
558
559
2610
2611
1588
1590
1594
571
2621
576
1605
1606
1609
2634
1611
2636
1617
2642
595
1621
598
1625
1628
2654
1631
610
612
2661
614
2664
622
2673
630
1655
1656
637
640
642
1667
1674
1676
663
664
1688
665
1690
1700
677
679
684
1708
1712
689
696
1727
706
708
1733
710
711
713
1738
720
725
1751
1752
729
732
1760
738
739
1768
745
1770
1777
1778
1783
760
1785
1787
763
765
768
1794
773
1799
776
782
783
785
787
1817
1818
1819
1822
1824
802
1828
813
1840
818
1845
823
1850
827
829
832
1856
834
1859
1863
840
1867
843
847
1880
856
1885
864
868
1892
871
873
1898
875
1903
1911
1915
1921
1923
905
912
1939
1941
921
922
925
1950
928
1952
930
1955
934
1959
940
949
1973
952
956
960
1989
968
1996
973
1997
978
2004
2015
2017
999
1002
1004
1006
1007
2031
1015
2041
1021
5
37
55
8
13
78
