1365
4100
6
4102
8200
6153
10
4106
4108
2061
4109
8206
6160
8210
2067
8211
4117
2070
4122
6171
27
8219
4124
2079
8223
8227
2085
4133
6181
39
2089
8234
2092
4140
6189
46
2094
8240
4144
4145
6197
8245
6198
56
2106
4154
8250
6204
6206
63
64
8256
65
66
4164
8260
4165
71
72
8267
76
6222
4176
4178
6227
8275
4180
6229
8277
4183
2136
89
2137
8284
93
94
2142
4191
8287
96
2146
8290
8292
2149
102
8298
6251
108
110
4206
2161
115
4211
4216
2168
6265
4218
8314
8316
6269
125
4221
4222
6270
6271
8319
4225
6273
130
4226
6276
8326
135
8327
6280
8328
137
140
6285
4240
2198
153
2202
2203
4251
6299
8347
6301
8349
158
162
4258
2213
2214
2217
6314
6315
8363
8365
6318
175
6319
176
4273
6321
4278
2231
4280
2233
6329
186
2235
190
2238
4286
2239
6338
6339
6340
198
2246
4294
199
200
4296
2249
203
2251
204
6348
206
2254
2257
210
2260
213
2262
218
219
2267
6365
222
2270
4321
228
2278
232
233
2281
4332
6381
4335
6383
241
243
244
6390
248
4345
6394
252
2300
2302
6399
4352
257
4353
261
263
6411
2316
269
4367
2320
274
2323
6419
4373
6422
280
2329
281
6428
2335
4384
4385
2342
6438
2344
2345
298
299
4396
2351
2353
6449
2354
4407
4410
6458
315
6459
4413
6466
2372
2375
329
6473
6475
4428
333
334
4430
4431
6479
4432
338
2387
4444
6499
356
6500
357
2405
6501
6502
360
4456
365
2413
6518
4470
6521
2427
4477
6526
383
4481
4482
4485
6534
6536
4489
394
2442
4492
6541
4495
2449
4497
4500
6549
406
2455
2456
4507
6556
2461
4510
2464
6561
420
2470
423
427
6571
2478
431
4529
4530
6579
4532
6580
4534
2487
6583
4536
4538
443
4548
454
6599
6603
4557
2510
4559
2512
4560
2513
468
4564
470
6614
6616
2521
475
2524
6623
479
2529
4579
6627
6630
2535
4588
6636
2541
4589
2546
499
2547
2549
502
6647
504
2553
6651
508
6657
517
4613
2567
6663
2569
6665
522
2573
4622
2576
6673
6674
531
6675
4628
533
4630
2582
6678
6679
4632
2587
6684
541
4637
543
4640
2593
6689
6691
4645
2597
550
2599
6695
552
554
2602
2603
556
6700
2608
6709
6711
4664
6713
2618
4666
2619
573
4675
580
6725
2630
584
4682
6730
2638
6734
2642
595
4693
2647
2648
2649
602
610
6756
2660
2662
617
2665
4713
618
619
4716
6765
624
2672
4724
629
2678
631
6775
2680
6776
2683
635
6780
4739
644
6788
645
2693
6790
647
648
6792
4747
6798
2703
4751
4752
4755
660
661
4759
665
6809
2714
6812
669
672
2720
674
4770
676
4776
6825
682
4783
691
6836
4789
698
2747
6843
6847
6848
2753
706
708
6852
4805
710
712
2760
714
2762
6858
715
2763
4814
719
6865
2770
723
6867
724
4821
6870
731
4828
6876
733
2783
4833
6883
744
2793
6890
6891
2798
4848
755
2803
4851
6899
2805
6902
4857
6905
6906
4859
6907
6909
767
6911
6913
4866
2820
774
2822
6919
776
777
779
2827
2829
4877
782
6926
784
786
2841
4891
4893
4899
6947
2853
4902
2857
4907
812
6957
2866
819
2867
4917
2870
6967
4920
825
4922
4924
829
4925
2879
835
837
2885
4937
6988
4942
2901
854
855
857
2905
2906
859
2907
7004
864
2913
866
4964
4966
4967
7019
876
2924
4972
2927
7025
882
883
7028
7030
7032
7033
4986
4987
4989
894
4990
895
7039
2944
2946
7043
4999
2953
5001
2954
7050
2955
5004
7053
910
2958
2959
2961
5010
915
7060
2967
2971
5022
7070
928
7074
2979
934
935
936
937
2985
938
939
2987
7083
5038
2993
5041
7097
3007
7103
3008
961
3010
963
7108
965
3013
966
3015
3016
970
5066
7114
3019
7119
5074
979
3027
5075
987
988
7132
990
3038
7134
5087
7135
5089
996
998
7142
999
5102
1007
5104
7155
7161
5114
1019
3067
3068
1021
1022
5123
7172
1036
7181
7184
5138
5140
3094
3095
5143
5144
7193
7194
1051
3099
7198
1054
7201
5155
1060
1063
3111
7207
1064
7209
7212
5165
7214
1076
3126
1079
3127
5175
7223
5177
5184
5186
7235
5189
1102
3150
3152
5200
3153
5204
7253
1110
7255
1114
5211
5212
7260
7261
1120
5217
1125
5221
3174
1127
3175
3177
5226
5227
5229
7278
3184
5235
7283
5236
7284
3189
7286
3191
5241
7289
1149
1152
3200
1155
7300
1157
7306
1164
7308
3216
5264
7313
5268
1173
3224
7323
5276
3230
1183
5280
1186
5284
7332
7334
7335
1192
1195
5293
1198
5294
7346
3252
1206
3254
3256
7353
7354
7356
5309
1214
5310
1216
5315
3268
3269
1222
1224
5323
7373
1229
3281
1234
3285
5334
5335
7383
1240
3290
5345
7394
1252
5348
1254
1255
3303
1256
5355
3311
7408
5364
7412
1269
5367
7416
1273
3322
1275
5371
7419
1276
5374
5376
3329
7428
3333
1286
7430
7431
7432
5385
5387
7436
3340
1293
1295
1297
7441
3350
1306
1308
7452
3357
5405
7453
7455
3362
1316
5412
1318
3366
3367
3369
5417
1325
3373
1329
5426
3379
1333
7477
1334
3382
3383
1338
1345
7489
7492
3397
5445
1352
7499
1357
3406
5454
7502
7509
7510
5464
5467
1373
5469
7517
7532
7533
3439
1391
7535
5492
7540
1397
3445
1399
5495
7543
5496
7546
3453
7550
1407
3456
7552
7553
7554
7555
3460
3462
7560
5514
5516
3470
5519
5520
1426
7572
1429
5525
7574
1431
7576
5531
3485
5534
1440
3495
3497
3498
5546
1452
1454
1458
3509
7606
7607
3512
7610
3519
1472
3521
7617
1474
5570
1476
7622
1479
5575
1480
3528
5576
7624
5577
1481
7629
7630
1488
5587
1493
7638
7639
3548
1502
3553
3555
5605
7653
5606
1511
5612
5614
3568
5616
5618
7666
3572
1525
1527
5625
3578
5628
1534
3582
5633
5635
1541
7687
5642
1551
1552
3600
5648
1553
1556
7701
3608
1561
5657
7706
3615
1569
5668
1574
5670
5671
1578
1580
3629
1586
3637
5687
3640
1594
1595
5691
3644
7740
3645
5693
1598
1603
3651
7749
5705
5709
3663
7759
3664
1618
3667
3668
3669
1625
1626
3674
5723
1629
5725
3678
5726
3679
1633
5731
3684
5732
5734
5736
3690
5739
1644
7789
7790
1647
5744
5745
1652
5748
7797
7799
1657
7803
1661
3709
7809
1666
3716
7812
3717
5766
1671
5767
7815
1672
5768
3724
5774
5779
1684
7828
3733
5781
7830
1690
3741
1694
5790
1695
3743
3745
5793
7841
1698
1699
1701
3755
3756
5804
5805
1712
5808
1713
5810
1715
1716
5812
1719
1720
3768
1722
1723
5822
5823
7872
3779
1734
5831
1736
1738
5835
1742
7886
3791
3794
5842
3797
5845
7895
3800
5848
7896
1753
3801
7898
1757
5855
5856
1761
5859
5861
1766
7912
3817
7918
1775
7921
1780
5876
7925
5879
1786
3836
5884
5885
5886
7936
7938
1799
3848
7944
3849
3850
5898
1803
7948
3854
7951
1807
7953
3858
1814
7958
1818
3867
3868
3871
5919
1826
3874
5922
7971
5926
7974
3879
1833
3881
5930
1835
3884
7981
1839
1840
3891
3892
5940
3893
3894
3895
7991
1848
7993
5945
3898
3899
7995
1854
8003
3910
5961
1866
3915
1870
8014
5967
5971
5972
5976
3929
5978
8027
5980
8029
1886
8031
5985
5986
3941
8037
1895
1896
3947
1901
3950
5998
1904
3952
6000
6001
1906
3954
8052
8054
6009
1914
1915
6012
1917
8064
6018
8066
3972
1925
6021
1926
6024
1930
8076
6029
3982
6032
8081
1938
8082
6036
8084
1942
6040
6044
3997
1951
6047
4002
1957
4006
1959
6055
1962
6058
8107
8110
4016
1971
8116
4025
6075
8124
6077
8126
4033
4035
1987
8131
6084
1993
6090
1995
1996
1997
8142
2001
8145
4050
4051
6099
4052
2006
4054
6103
8152
2012
6108
8156
6111
2016
4064
4065
8161
8169
4074
4076
2030
8176
2034
4083
2036
8180
6133
4085
4086
2042
6139
8189
6142
2046
2047
15
2
101
389
69
9
169
79
375
311
56
314
26
316
253
93
