132
0
768
1
513
769
259
518
264
10
11
524
269
273
17
20
25
538
283
30
291
804
292
41
553
809
810
813
301
46
302
560
50
562
307
820
309
54
824
57
825
315
571
316
828
833
66
323
584
330
588
79
850
341
342
598
344
603
352
611
355
869
359
107
109
879
111
368
113
627
885
375
631
636
126
385
897
131
643
134
394
651
140
397
399
659
404
406
160
164
682
939
947
180
184
956
451
452
709
968
201
457
460
716
973
464
976
468
472
474
730
476
732
221
990
996
484
742
231
488
747
491
749
1005
1007
498
754
499
244
759
504
1020
510
45
320
66
323
67
68
69
200
8
202
138
79
336
146
210
338
20
21
213
277
22
278
280
157
158
351
160
352
34
290
99
227
169
365
238
239
47
113
115
116
308
52
53
55
188
62
0.01