239
1024
1
7
8
1544
1033
1036
525
15
1041
18
535
24
1050
31
33
1060
37
552
40
1065
555
1584
1589
1078
2104
1080
1592
1083
1084
60
2109
574
63
2111
580
72
1611
1100
77
79
592
1105
1107
1109
599
1113
91
606
2143
95
97
1636
1127
1130
1132
2156
628
2164
117
630
1142
2166
120
1657
1147
642
1154
643
1668
133
2183
1672
138
657
1171
660
665
1690
158
679
1705
682
1196
1708
684
1203
1205
1719
189
1728
1729
196
1221
710
713
714
1226
1738
715
1740
206
1743
1234
1755
733
1757
224
1251
743
745
1257
234
236
1773
754
756
1270
247
1273
251
1788
1277
1793
772
1797
776
777
1803
782
1297
787
1812
277
789
279
1817
793
282
1308
1823
287
804
294
297
1325
814
1839
1327
306
308
821
1850
1341
320
321
1345
323
841
1868
1869
847
850
1362
1880
344
1379
1381
869
1894
877
1901
1390
879
1394
1396
1911
380
1918
1920
386
387
388
1413
389
901
1933
1423
1425
401
1942
1431
1432
1945
1438
928
421
937
426
1965
430
1454
431
944
946
1970
1972
1973
950
1466
1980
448
1984
451
963
1990
2001
2002
2004
468
471
986
475
2012
988
1506
1512
1000
1517
1519
2034
2036
502
2041
1020
508
509
1022
1534
11
32
81
99
163
84
4
7
136
138
47
111
