382
2561
2049
514
2051
1028
519
2569
1034
1036
16
2066
2070
2071
1562
2586
1564
2588
2589
30
2079
2591
1570
1062
1063
552
554
2603
44
1581
1582
2094
559
2095
1584
1585
1589
1592
57
572
1596
2108
1088
1089
577
1602
2115
68
2117
1093
1607
583
1096
2120
2124
1613
590
1102
2129
594
83
1107
2132
1109
1622
1112
1113
1627
93
2145
1121
98
612
613
2151
105
1130
1643
625
1649
1137
626
1139
629
119
1143
120
633
122
1146
124
125
1149
126
638
1663
2176
1153
1669
133
646
1159
135
1163
1164
140
652
1677
142
143
655
144
656
1681
146
661
1685
2201
1177
1178
2203
155
668
2205
2206
2207
1696
673
674
1189
2214
1190
2216
2218
170
171
175
1712
1202
1714
178
692
181
1717
1718
694
1206
2230
1207
1208
190
1729
195
1732
708
1221
1733
198
1736
1225
713
714
1226
1739
2255
1743
217
731
1246
2271
225
2275
228
2276
1253
230
1254
1767
744
745
234
749
1773
2285
238
239
2287
241
2290
245
2294
1783
248
1786
1788
764
1278
2303
1794
2306
2307
2309
263
777
2313
267
268
781
1294
1810
787
1818
1306
2332
2333
799
2335
802
1314
2338
291
2343
1320
1832
1321
1834
813
2351
1842
819
1331
1843
1334
311
824
825
1849
2361
826
317
2365
2366
1343
1855
1344
2369
1346
1860
2373
328
330
1867
2379
332
1868
1357
1869
2381
846
1871
337
2386
853
1877
2394
2395
2397
1374
2399
1887
864
352
867
2403
1892
357
359
363
876
2412
877
2416
884
1396
1399
1400
376
888
378
893
385
1409
1411
388
2436
901
1414
1928
1929
1421
397
910
2447
401
402
1939
2455
920
1434
1435
928
2465
420
1445
1959
1448
2473
1449
940
1965
429
432
1460
2485
1461
2488
441
953
1466
2490
955
957
446
2494
1984
450
1988
2500
453
968
1992
1993
1994
2507
460
1484
1485
461
2510
975
2512
2513
465
468
1494
2007
472
2520
2521
986
2522
1499
1500
2012
477
478
990
1505
483
996
2532
997
998
1513
1002
1517
2543
499
2550
503
2039
1528
1534
8
32
96
112
146
131
5
23
122
