498
0
1024
1026
1027
3
4
1033
11
1035
12
1036
1037
14
1038
1040
17
20
22
23
1049
32
33
1058
35
39
1066
44
46
1073
1076
1077
1079
56
57
1082
59
1086
63
1088
1089
1090
67
1091
1094
73
1098
1101
1102
1103
79
1104
81
1107
1109
88
1112
90
91
94
95
1125
102
103
104
105
1131
117
123
1149
128
1153
135
1159
1160
1162
140
141
1167
1168
1169
148
149
153
154
1180
156
157
1182
1183
1187
164
1188
1190
167
169
1196
172
1197
173
1201
1202
1203
180
181
1205
1207
1213
191
192
193
1217
1218
195
1219
196
197
198
1225
1228
205
1229
1231
214
215
1239
1241
218
221
1246
225
1251
1255
233
234
235
236
1260
237
238
1262
239
1264
1268
1271
1272
251
1275
1276
253
254
256
1280
258
259
260
1284
1287
265
1291
269
272
1296
1297
275
276
1300
277
1303
283
284
1310
290
1315
1316
292
1317
1318
298
300
1324
302
1326
1327
305
1335
316
1340
1342
1343
319
1345
321
324
1350
1354
331
1355
332
1357
1361
1362
1364
1365
342
344
345
1369
346
347
1371
1372
349
351
354
1380
356
1381
364
1390
367
1392
369
372
1398
1402
380
1405
382
1406
384
1409
386
1410
387
1411
1413
394
1418
395
1420
397
1422
1423
1424
401
1425
402
1426
1427
404
1429
1430
410
412
1436
1438
1442
1443
1445
427
1451
1453
429
1454
431
432
1456
1457
1459
1460
437
1461
1463
1467
443
1468
445
1469
1474
451
1476
1478
455
1480
1483
1484
1487
465
1489
1490
467
1491
1493
471
1496
474
475
1502
1506
1507
1509
486
487
488
1512
1514
493
494
1518
496
1521
1524
1525
502
1527
504
505
1531
509
1535
512
1538
517
1541
519
1545
523
1548
525
527
1552
529
531
535
1561
1564
1565
542
1567
547
548
551
552
1577
1578
1584
561
1585
562
1586
566
1590
1591
568
569
1597
575
577
586
588
592
593
594
597
598
600
604
606
608
609
612
615
621
622
623
625
627
630
633
637
642
647
652
654
657
658
659
666
667
668
671
675
676
680
681
684
685
689
692
696
700
703
705
708
715
720
721
722
723
726
729
731
734
736
738
745
747
750
753
759
764
770
781
784
785
787
791
797
799
808
810
812
817
818
825
827
832
834
835
841
843
847
848
851
852
856
858
859
863
869
871
873
876
877
878
879
883
884
885
893
907
908
909
910
911
913
917
919
925
936
937
943
952
960
961
962
964
966
972
975
976
977
980
982
983
984
985
989
993
994
997
999
1001
1007
1009
1011
1016
1020
123
0
257
1
259
260
4
8
9
10
268
270
18
274
19
275
276
22
279
281
282
28
29
285
289
34
290
36
292
293
294
39
40
297
300
45
49
308
52
309
53
311
313
318
321
65
66
69
326
327
72
73
335
336
82
339
340
85
86
88
345
89
350
95
101
102
103
108
364
365
109
366
111
112
369
113
372
374
375
123
379
125
131
132
133
148
150
152
153
154
155
157
158
162
166
169
174
180
181
182
186
188
196
197
199
200
201
203
204
206
211
212
215
217
219
229
233
236
238
240
244
247
248
249
