462
0
1
1027
4
9
10
11
13
15
17
21
22
23
25
26
27
29
30
32
33
34
36
37
39
40
41
51
52
53
54
57
58
59
62
63
64
66
69
70
71
77
79
80
81
83
84
90
97
99
101
111
112
113
115
119
122
123
124
126
130
134
135
136
143
144
146
148
149
151
152
153
155
157
159
160
163
166
168
169
170
171
172
174
176
177
178
180
181
182
183
184
191
192
196
197
198
205
208
217
219
221
222
223
224
226
227
229
231
232
233
234
236
237
238
245
246
249
250
254
255
257
259
260
265
269
272
274
277
281
283
284
287
288
289
290
291
292
293
294
298
299
300
301
302
304
307
308
309
310
311
313
315
316
319
321
322
323
326
329
330
334
341
343
344
345
347
348
349
355
356
358
359
360
363
365
366
368
371
373
375
378
379
386
388
389
393
394
397
399
400
404
411
415
416
418
419
429
432
434
435
436
443
444
445
449
452
453
454
460
463
464
468
469
472
474
475
476
479
480
482
484
487
491
493
496
501
504
507
508
511
512
514
515
517
518
519
520
521
525
526
527
533
534
535
538
539
541
542
549
551
553
555
558
563
564
565
570
571
572
573
575
576
579
582
583
584
588
590
598
599
601
603
606
607
608
610
611
612
614
617
618
622
623
625
627
630
636
637
642
643
644
645
648
651
653
655
656
658
664
669
670
671
672
675
676
678
682
684
689
697
699
701
703
704
706
708
715
716
717
718
719
721
723
724
725
726
729
730
732
734
737
740
742
743
744
745
747
749
750
751
754
755
756
760
762
764
766
767
768
773
774
775
779
782
784
788
789
791
793
795
801
802
803
804
806
809
812
814
817
818
820
824
825
826
828
830
833
837
842
843
845
848
851
852
853
857
859
860
861
863
864
866
867
868
869
871
874
877
878
879
881
883
885
886
890
895
897
899
904
909
910
911
914
915
916
918
920
922
924
925
927
930
931
933
934
939
940
941
943
948
950
955
956
957
958
962
964
965
968
970
971
972
974
975
976
984
987
988
989
991
992
993
999
1004
1005
1006
1007
1008
1015
1017
1020
1022
159
256
0
257
3
260
262
6
263
8
264
270
15
16
17
273
274
18
19
20
21
277
278
23
279
280
24
281
282
27
284
29
32
33
34
291
292
36
293
38
39
295
40
296
41
44
301
45
302
46
303
47
305
306
307
52
308
55
56
317
318
319
63
320
321
66
67
68
71
328
72
73
77
334
336
80
337
82
339
84
85
342
344
90
348
92
93
350
96
354
355
99
100
102
358
360
105
364
110
367
113
370
372
373
120
123
124
127
134
135
139
144
146
147
148
150
151
153
155
156
157
158
159
163
164
169
171
172
176
177
184
186
190
191
192
197
201
202
205
206
213
217
221
223
225
226
228
231
233
234
236
237
238
239
243
245
249
250
253
254
