518
1
5
2054
1033
2058
15
1040
17
19
2069
1050
2077
30
31
2081
2083
2084
37
2086
44
45
2095
51
2102
1079
2103
57
1082
1083
60
62
65
66
2115
2116
69
73
75
76
2125
78
1102
2126
80
1104
2131
1108
84
2134
2137
92
1122
2146
2147
101
2149
1126
2151
105
1134
1135
112
1136
2160
2165
2166
1142
120
2168
1145
1149
126
1151
1152
2176
1153
2177
133
1159
136
2184
2185
1165
143
145
1169
146
1170
147
148
1173
1175
152
2204
157
158
1185
165
167
2215
2219
172
2223
2224
1204
182
2232
1209
2233
2234
188
1212
2237
2238
1215
191
2239
194
196
1220
2245
2246
2247
1226
1227
2256
1234
2258
212
1237
1240
2264
2266
1246
2270
1247
224
2274
231
234
2283
1260
2286
239
2289
1266
2293
1271
2295
2296
249
1273
2297
2303
1280
2304
259
2313
267
2317
1295
1297
2322
1298
275
2324
277
1303
1304
2328
281
1305
1306
2332
286
1311
288
1312
2338
291
293
2343
1320
296
2345
298
1322
2346
1325
305
311
313
315
2363
316
1342
2366
1344
2369
322
1346
326
327
328
2381
334
1358
2383
2388
1365
2390
1367
2391
1370
1372
1377
2401
354
1380
2404
357
2405
1382
362
1386
2413
2414
2416
2419
372
373
375
1399
2423
1400
2424
2425
378
2426
1403
2427
1405
2429
1406
2432
385
388
1412
389
1417
394
400
401
1425
406
409
1438
2462
415
2465
2466
2468
2470
1448
425
2474
432
1459
437
1461
2485
1464
2488
2489
2492
446
1471
1472
2500
455
1479
1481
458
459
2509
1487
465
1490
2514
474
1498
2524
1501
2530
2533
1510
487
1513
490
1514
1518
496
2545
2549
504
2552
505
507
508
1532
1536
514
2563
2566
2567
1544
2568
2569
1546
2570
1547
2571
525
1549
2576
529
2582
536
1560
2588
542
1566
2590
544
545
1569
1574
555
562
1586
2610
1588
565
566
1594
571
573
2621
574
1601
2631
585
2634
1611
2636
1617
595
1622
1623
2649
1626
2653
1629
1630
1631
610
612
2661
2664
622
1649
1650
626
627
1651
1653
637
642
1666
1667
1672
1674
651
652
1676
654
655
663
664
1689
667
1696
677
684
1709
686
1710
688
1712
689
691
696
1727
706
1730
1731
708
1732
710
1734
711
713
1743
720
723
725
726
1750
1751
1752
729
733
1759
1760
1761
1768
1770
1774
1777
1778
757
1785
1787
763
767
768
1794
1799
776
1801
782
785
787
790
1817
1818
795
1819
1822
800
1825
803
1832
1837
1840
818
819
1850
827
1851
828
829
1856
1859
838
1867
1869
847
849
1873
851
1878
856
1885
864
866
868
1894
878
881
1909
1915
899
1923
1928
905
1930
911
912
922
928
1952
1953
932
1956
934
1959
936
1970
1972
1973
954
1979
956
960
1992
1995
973
1997
977
2012
2022
1002
1004
1006
1007
2032
1015
6
3
86
55
24
13
45
