359
2561
1537
2049
514
2051
1028
2565
5
1541
519
2057
1033
1545
2569
11
2571
1036
2060
1041
530
2066
1046
2071
1562
1050
2586
1563
2588
540
2589
541
2079
1570
549
1061
1062
1063
2087
2599
552
554
1578
2604
2093
1582
2094
559
2095
1584
1585
52
1592
57
2108
1087
1088
1600
577
1602
2115
579
2117
69
1093
2120
1098
2124
1613
1102
1614
2126
2127
1617
1107
1109
2134
1112
1113
1627
2140
93
2144
2145
2147
612
613
1638
1130
1643
1135
625
1649
1652
629
119
1143
1655
633
121
122
124
125
1149
638
1663
2176
641
1153
1159
135
2184
649
138
651
1163
140
652
1677
142
2191
655
144
656
1681
146
1688
1177
668
1696
673
2214
1703
1192
175
1712
1714
1718
1206
1719
1208
186
698
1723
190
1731
1732
1221
1733
2245
1736
714
1226
1740
1229
1742
2255
1743
212
730
1754
218
2269
1245
1246
2270
2271
225
1251
2275
228
1253
743
1767
744
234
749
1773
238
2286
2287
1779
756
2292
757
2294
1783
761
249
1280
257
1794
1796
260
774
1288
777
778
1808
1810
1811
787
1814
1306
2331
2332
1820
2333
1311
2335
1314
807
2343
1320
1832
1834
299
1330
819
1331
1843
311
1336
825
1849
2361
315
2363
2365
1342
1343
1855
1344
2369
1860
2373
330
1868
1357
1869
2381
334
336
1360
337
2386
1877
1369
2394
2395
1374
2399
1887
864
867
1892
360
2411
363
876
365
366
880
2416
2418
1396
1398
1400
888
1402
378
2430
385
1922
2436
390
1414
2444
1421
2447
1430
2455
920
1434
923
1435
414
928
2466
2467
1445
1959
935
1448
1449
939
428
940
1965
429
432
1456
2480
1460
2485
1461
2488
441
953
1465
1466
2490
956
957
2494
450
962
1987
1988
453
968
1994
2507
460
1485
2510
2513
465
2002
2515
468
1494
2007
472
2521
2522
1500
2012
477
478
990
1505
483
1507
996
997
998
2024
1005
2541
494
2543
2546
2550
2039
1016
1018
506
2045
1535
18
96
2
131
5
69
8
104
109
46
110
49
146
19
51
147
89
58
30
