184
513
1542
520
1544
12
524
2060
14
1553
20
1045
534
1046
2070
24
536
537
543
34
547
1065
555
1069
2094
2095
1587
2099
565
60
2110
2114
586
2122
1616
2128
81
2131
2132
87
600
1625
1119
608
1124
2149
2150
107
1131
108
2156
1645
623
1653
1145
634
1661
132
2182
2185
141
1167
2191
144
2199
1688
1178
1182
1183
2209
2211
676
1703
681
2219
1708
2222
1199
178
179
1219
708
1733
710
1737
1227
1231
722
1746
1237
1750
215
729
1764
1254
744
1258
1777
1778
243
756
248
760
1275
1282
774
1806
282
1820
799
801
1315
806
1830
807
296
301
817
1331
825
826
1340
829
318
831
1353
842
1868
334
1361
339
340
341
857
1883
352
1377
356
1382
1384
366
1394
1395
1910
375
1412
389
1414
393
402
1939
1431
1954
428
1454
1966
431
947
1976
1468
957
1981
449
962
1477
1479
460
1484
1485
979
984
985
475
988
2019
1509
487
2025
1002
2030
501
2037
1527
1016
2043
1
38
