1357
4101
4105
10
4107
12
2061
4109
8206
14
6158
4115
8211
8212
6165
22
6166
6168
8216
2073
4122
6171
28
2079
8223
6177
37
41
4137
43
2092
6189
4142
6191
8239
8240
49
4145
50
8243
6197
8245
54
2103
8248
4154
8250
2107
4159
66
6212
6213
71
2121
2123
8267
78
6222
81
8274
6227
2132
8276
85
87
2137
92
8284
8289
6242
8290
8292
2149
102
103
4201
4202
107
2155
6251
108
2156
8300
6253
4206
8302
8303
6256
4209
2162
2163
4211
8307
8308
8310
2167
2168
2170
8314
123
2171
4219
6269
125
4222
6270
6271
4226
6276
8327
2184
6280
8328
8329
139
8331
4236
8332
2190
146
2196
150
6297
8347
4252
8350
2208
161
2210
4258
6308
6309
8358
4264
2217
6314
8362
173
6318
4271
8367
8368
2225
6321
2226
8370
8371
6327
185
188
190
194
4290
6340
198
2246
4294
199
4296
203
6347
204
6348
6349
6352
2257
4307
212
214
216
219
6365
223
4321
233
4335
2288
242
6386
6387
6389
248
4345
2298
2304
4352
2305
258
259
6404
261
2309
6410
6411
268
6412
269
2317
4367
2320
2321
2322
275
4371
6419
2324
6422
6423
279
2329
281
4377
2330
2331
6428
2334
287
4383
289
2337
4386
6438
2343
302
303
2351
2353
6449
4402
308
4404
2357
2358
312
6456
4409
315
322
4420
2372
329
6473
333
4430
6479
6480
2386
6482
2387
4435
4438
343
2394
4442
350
4446
2399
2400
353
2401
356
2404
6500
6503
360
2408
4456
6507
4460
2413
366
6513
2418
2420
6516
6518
6519
377
6521
379
2427
381
4477
6525
383
4482
4483
2436
389
390
6535
2442
2445
6541
398
400
6544
2449
6545
6546
2453
6549
406
4504
411
6556
2461
414
4513
4514
420
4516
422
6567
424
2472
425
2474
432
2480
2482
2484
6580
437
2485
6583
4536
6586
444
6591
2502
455
2509
2510
4561
4562
6612
6613
2518
473
2521
4569
474
2523
2524
2525
478
479
480
4576
2529
6627
4580
485
487
2535
2538
2546
2547
503
4599
504
6648
512
6656
4609
2563
2564
519
520
522
6670
527
6672
6673
533
4630
534
2582
4631
6679
537
2587
541
544
4642
6691
4645
2597
550
4649
2603
2611
4662
6711
2618
4666
571
2619
2620
4669
574
576
6720
2625
2627
4675
581
2630
584
6729
587
2636
4685
2640
593
6737
2642
595
4691
4695
601
2649
4697
4699
603
2652
6753
610
2659
6755
4711
2667
6765
625
626
2675
629
2677
630
2678
6774
6776
633
6778
635
637
4734
2689
4740
647
6792
649
4745
2698
6794
6795
6798
655
4752
657
4754
4755
6805
2712
6811
4764
669
670
2719
674
678
2728
4776
2729
4780
685
4783
4784
6833
6834
691
4787
693
4789
4792
2745
6843
2751
6848
4801
6849
2754
6851
6852
2758
2760
6856
2761
4810
715
2763
6865
722
724
6868
2773
728
2776
2778
732
4830
4832
4833
2786
6883
740
2788
6884
741
2790
4840
2796
6893
752
2801
2805
4853
2806
4854
6902
6903
4855
2808
6906
4859
6907
2812
767
4866
772
775
776
6921
6926
2832
785
6930
2838
2841
4889
794
2847
4895
801
4899
804
4900
4904
2857
809
811
812
2863
6961
2866
6964
6965
2870
6970
2881
6979
837
2885
838
6982
6983
2889
842
6987
2895
2896
4945
2900
2901
4952
857
2905
7003
7005
4958
2911
4959
866
4967
7016
4969
874
7024
883
2934
2935
4983
7032
4986
894
4990
895
2943
7039
897
902
4999
904
7048
2954
908
2958
7054
2959
2960
2961
2962
915
7060
2965
5013
5017
5020
7073
7074
931
2980
933
2981
5029
937
938
7083
2988
942
5041
7089
5042
2997
3000
3001
5049
7098
955
957
3005
3006
5054
959
3010
3011
7107
7109
966
3014
967
3015
7111
3016
970
7114
5067
5068
7116
7118
7119
977
3025
5073
7121
7122
3028
5077
7126
983
988
7133
5088
993
996
3045
7141
5094
999
3051
7151
5104
1009
3057
5105
7153
7155
7160
3066
7164
7165
5118
7166
5120
7171
1030
7177
1036
7182
5135
7184
5138
7187
5140
1046
3094
5143
5144
3099
5147
3101
7198
1054
3105
5153
3106
1060
7204
1062
3111
3113
5165
7214
3119
1074
7218
7219
3126
5174
3127
5175
1080
5177
1083
5180
1085
7229
7230
1090
5186
1091
1092
5188
3143
1097
1098
5197
1102
3151
5204
7252
1110
7255
1112
5210
7258
5211
1115
5213
1119
1120
7265
3170
7266
7268
3174
5222
3175
7271
5226
1132
7276
3181
5231
3184
3187
7286
3191
5241
7289
1149
1155
3204
7300
5253
5256
3209
7306
7307
7308
5262
1168
3217
5267
1173
5271
7320
5274
5276
5279
5280
3233
1186
5285
7333
5286
1191
3239
7335
1192
1193
3243
1197
7341
5295
3249
7347
3253
7349
1206
5302
5304
7354
7355
7356
1214
5310
3263
7359
1216
5312
3266
5319
1227
5323
1229
1231
3280
7376
3281
5329
7383
3288
5337
5338
1247
5343
5345
1251
5350
1255
1258
3307
5355
7403
1260
3308
7405
7406
3310
3312
1266
7410
3315
7412
1269
3318
3320
1273
1276
7420
5374
5376
3329
1284
7428
1285
3333
1286
3334
3335
5387
3343
1297
5394
3354
7453
5406
5407
3361
3362
5412
3367
5416
3369
7466
1325
5423
3376
5425
5426
3379
7477
7482
1338
3387
5435
3389
1345
1346
3395
1348
7492
3399
1354
7498
3403
3405
7502
1361
5457
5458
7506
5459
3412
7509
1368
5469
7517
5482
5483
7533
3438
1391
5488
1395
3445
5496
1402
5498
1407
7552
7554
3460
3462
7558
3463
5514
1420
5516
5519
3475
7572
3477
7581
1439
1440
3488
7584
5537
5538
3492
3495
7593
5546
7596
3501
5549
3505
7604
1461
5558
5560
7608
5562
1467
1468
1469
3521
1474
3526
7622
5575
1480
7626
3532
5581
7630
5584
1490
5586
7634
1491
3539
5587
7636
3541
5591
1496
3544
7640
3545
7642
3548
7645
1502
7646
1503
7647
3553
1507
3555
7651
1508
3558
7655
5609
1515
5612
3566
3568
5618
1524
3572
1525
1527
1528
3578
1531
1532
7677
5630
1538
3586
5635
7685
1542
3591
7687
1544
5641
5642
5643
7691
1548
7696
3602
3603
7700
5655
7703
3608
3610
1563
3611
7708
5661
5665
1570
7717
3623
7719
7721
1579
1580
5676
3629
7725
7731
3637
3638
7734
5688
5689
7739
7740
3646
5694
1600
3648
7752
5705
1612
7756
5711
3663
7759
3664
3670
5732
7783
1642
5738
5739
3692
7789
5744
7794
5748
7797
1656
3704
1657
1661
1663
3714
7810
1668
3716
3717
1670
5767
5768
7817
5770
7821
7822
1679
5776
7825
1683
7828
1685
5781
1687
5786
3741
7838
5791
7839
1701
7846
1703
5799
1705
3753
1707
3758
5808
1714
5810
1715
1716
5812
7860
3765
3766
7863
3768
5816
1722
1724
1727
5823
7873
3779
5835
1740
1742
3790
7894
5847
3800
7898
3803
1759
3808
1761
5859
7907
3815
3816
5864
1769
3817
1778
1780
1781
7925
5879
3832
1785
7931
1788
3836
5884
5885
1797
3846
7943
3848
5897
7949
5902
7951
1807
3861
1814
5913
1818
3868
5917
3871
1824
5921
3876
5925
3879
1833
5931
1835
1837
3889
1841
5937
7986
3891
3893
5941
3894
7991
1848
5945
3898
3899
5947
7995
3905
5956
1861
3910
5958
8007
3913
3915
5963
1868
8012
1870
5967
3920
3921
5970
1875
5971
3927
3929
5979
8027
3933
5981
8029
1886
5982
8031
3936
3939
1892
8037
1894
8038
3947
5995
3949
8047
3957
8054
6007
3960
1920
8064
3974
3975
6023
1930
8076
6032
1937
1939
6036
8085
8089
8090
6044
4001
1954
8101
6054
1959
4017
1970
4018
8114
1971
4019
4020
4021
6073
8124
6077
8126
4031
4032
4033
1987
1988
6084
1989
8136
4043
1996
8142
2000
8145
6098
4051
2004
8149
6104
8152
2010
8155
2012
6108
4061
2015
8160
4065
2021
8165
8167
4073
2026
2027
4076
8173
6126
4079
2033
6129
6133
4086
8183
2042
4092
2047
6143
20
128
325
265
12
273
341
21
152
157
350
31
224
33
302
110
368
242
311
57
379
