1863
1
12289
8194
4099
4100
8196
10
11
8204
14
12302
12304
12307
12308
4117
12309
4122
8220
30
31
8223
12319
36
8232
12328
4139
12332
8237
8238
4143
8239
8247
12344
8250
8251
61
8257
8262
12360
4170
75
76
4172
8268
4173
12365
4176
12369
4178
12372
12376
89
4185
12378
12382
8287
12384
12386
4195
101
103
4201
106
12397
4213
4214
8314
123
124
8322
8323
8326
8327
136
4232
4235
143
4242
4243
149
150
4250
157
8350
4257
4259
4260
8357
4263
8359
8362
4269
4271
8371
4278
4279
4283
4289
8385
4292
199
4296
4297
8400
210
8402
214
217
4316
4317
4320
8422
4328
233
4334
241
4340
4341
8440
8442
251
4348
253
257
8450
261
267
8460
269
4366
274
8466
8467
276
279
8472
8473
8478
287
4384
4385
4386
8482
8489
4396
8494
4401
306
4405
8501
310
4410
315
4411
8507
8512
321
322
323
8516
8518
4422
4423
329
4429
335
8528
4433
346
8540
352
353
4451
8556
4463
8565
8567
378
379
385
4481
8577
386
4483
4489
8586
4491
397
398
402
405
8598
8599
8600
4508
8606
8608
4515
8611
424
4522
8620
4528
8624
4534
8630
439
8632
441
8634
8636
449
4546
8642
4555
464
8657
466
8660
469
8661
4566
4570
8668
8673
4578
483
484
486
4582
4583
8681
489
4586
492
4589
494
8691
8692
4597
8695
4600
4601
8700
4605
8711
8715
528
4624
8724
533
4633
539
542
8734
4640
552
553
8745
4651
4653
8750
559
560
8755
4661
568
8763
4667
576
4673
8770
579
4675
581
4677
584
4682
588
8780
4686
4687
598
8790
602
4698
8797
4702
607
4705
610
8805
8807
4713
4714
8814
4719
624
4723
8819
632
8824
633
4730
4731
4732
4734
8835
4742
8839
650
655
4753
8849
8850
8852
4758
8854
665
669
4767
4768
674
4771
680
4777
692
8885
694
695
697
700
8892
702
703
8897
8904
713
4809
8905
4811
4815
8912
8915
4820
8918
8919
734
4830
740
742
8935
8936
8937
746
8943
8947
4854
8952
8953
4858
4863
768
4866
771
4867
774
777
8970
8971
782
4878
784
8976
785
787
4883
8979
8982
791
4888
796
8989
8993
8996
4902
4907
813
820
4917
9017
9018
4923
4924
9021
4930
9030
4936
4937
9034
843
9037
846
848
9041
852
4949
9045
854
9046
855
859
864
865
9057
866
4962
9059
9064
9065
4971
876
4973
4979
889
9085
9087
897
898
9090
899
9094
903
905
5002
9098
907
9100
5005
911
5009
5010
926
9119
928
929
9122
5027
933
935
936
938
9133
9137
5043
9139
5044
950
951
952
9145
5057
5058
9156
9159
968
9160
970
5067
972
9171
980
984
5080
985
5085
990
994
9186
9189
5094
9195
9196
1005
1006
1013
5112
1018
9210
1022
1023
1028
5126
9224
9225
1036
1037
1038
5134
9234
1043
5141
1048
1049
1055
9248
1062
9255
1065
5164
9260
1071
9264
1073
1074
5172
9268
1077
5176
9272
1081
1082
5180
5188
5193
9290
1099
1100
1103
9296
9297
1106
9298
5203
5204
1109
5206
1119
9312
5221
9319
9322
5229
5231
9327
5236
5237
9334
9337
1146
9338
9339
9340
5246
1154
1159
1160
5259
9356
1165
5262
1168
1169
1170
1172
9366
5274
1179
5286
5293
5294
5302
9398
5305
5306
5309
5310
5311
9409
9410
9412
5317
9413
5323
5326
1233
9428
1237
1240
5337
1244
9436
1248
5355
9451
9454
9464
9470
5374
9474
1283
9475
1285
5388
5390
5393
1298
5394
9490
1303
9497
1311
9503
5409
9505
1314
5410
5413
5418
1323
1324
9516
5421
5423
1328
1330
9522
5429
5430
1335
1338
9534
5441
9539
5446
5447
1353
1354
5451
5455
5456
9552
1363
5462
9559
5465
9562
1371
5471
5474
1379
1384
5487
1394
5493
1405
5502
1407
1410
9604
1412
5509
9610
9611
5516
9618
9620
5526
1432
5531
9628
1443
1445
9638
1447
5543
9641
1450
1451
9645
9646
5551
9649
1458
5556
9658
5564
9661
1470
1472
5568
5569
9665
5570
5572
5575
9673
9674
5579
1487
5583
1491
9688
9689
9691
1501
1504
1506
5603
1509
5607
9706
9708
1517
9716
9726
5632
9729
5634
9730
1539
1541
5641
9740
1550
1556
1559
9755
1569
1573
5669
1579
9771
1581
5682
5683
1589
1591
9789
5695
9791
5697
5704
1609
5709
1614
9808
1618
5714
9811
1620
9814
1623
9818
1626
5724
1629
9822
1633
5733
1641
5737
5742
9839
9842
9843
5752
5754
9852
1661
9854
5759
1665
1667
9859
1668
5766
1673
1681
9873
9875
5784
1689
9881
5786
5788
1696
5793
1698
1700
9892
1701
1702
5798
1703
1712
5808
1715
5811
1718
5814
5815
1720
1723
5821
9919
5839
5845
9942
1752
9951
1761
5859
9956
9957
5862
9963
1774
9966
9968
1782
9974
5879
5882
9978
5883
5887
9984
1795
5891
1799
5896
5897
1804
1805
1810
5907
5910
1815
5912
1818
1822
10016
5923
5924
5925
10026
5931
10036
5942
1849
1851
5956
5957
1862
10057
1867
5963
5964
1869
10062
1875
10068
5976
5977
10077
1889
5985
10084
1894
5993
1900
10092
1901
5997
6001
10099
6005
10102
10103
10105
10106
1915
10107
1916
10109
10111
10113
6019
10117
10119
1931
10126
1935
1938
6034
10130
6035
1940
6036
10137
1946
1950
6049
1957
6056
1965
6061
1966
6063
1968
10162
1976
10168
6073
6074
6075
1984
6082
10179
10181
1990
1991
10186
6094
6102
10198
6107
6111
2016
10210
2020
2023
6119
2027
2029
2033
10226
2036
10231
2040
6138
2047
6144
2048
6147
2052
10244
10245
10247
2056
2057
6154
10250
2060
2063
10255
2070
10263
2074
6170
10267
10269
2078
2079
10273
2084
6180
10277
6183
2088
10284
6188
2100
6196
6201
2109
2110
2111
10306
6212
6213
6218
10316
10318
6225
2130
2131
2132
2133
10326
6231
6232
10328
6233
2142
2143
2146
6242
6245
6249
6252
2158
6254
2160
10355
6262
2167
10360
2170
2173
6270
10367
2176
2178
6275
6276
2185
2187
10379
6285
2194
2196
10389
10393
6298
2205
10398
6303
2210
2212
6311
2217
2220
2221
6317
10418
10420
6329
2239
10431
10433
2247
6344
10442
2252
6348
2254
6350
6353
10449
2259
2262
6360
6362
10458
2274
6370
2276
2279
10471
6376
6377
2282
2285
10484
2297
6393
2298
6398
10498
2307
2308
6404
10502
2311
6407
2313
2317
10513
2324
6420
10516
2331
6427
10524
10528
6433
10530
2342
2344
10538
6443
10539
2351
10544
10545
2355
6453
2359
6457
10553
6458
10555
2365
6463
2369
2370
6467
10568
6473
2378
10571
10572
2381
6479
2385
2388
10581
2390
2396
2401
6498
10594
6501
2407
2409
10601
2410
10602
10608
6518
10619
2428
10621
10627
10629
2441
6539
2446
10641
2452
2453
10648
10649
2459
6555
6558
6559
6560
6561
2468
2471
2479
2481
2482
10674
10675
2484
6586
10682
10686
2495
10688
2502
2503
10698
10700
6606
10709
2522
10714
10719
6625
6627
2532
10725
2533
6630
10726
6631
6633
2539
2543
10736
6646
2551
10744
10746
2556
6657
2562
6661
10758
2567
6663
10760
6667
10765
6670
6676
6679
10776
6688
10784
10789
2598
2599
6695
10793
6700
6702
2608
2609
6708
2613
6714
10813
10817
10818
2631
6730
10828
2637
10829
6735
10832
2642
6740
6746
10844
2655
6752
6754
10851
2665
6761
2670
6766
6770
6772
2678
6775
2680
10876
10884
10887
2696
10889
2702
10897
2706
6806
10902
10906
6814
6816
2722
10916
6828
10925
6837
2743
2744
6841
6845
10944
2753
2756
10948
2757
10954
2764
6860
10959
2768
2769
6867
2772
2773
10967
10969
6880
10976
10977
10978
10980
2789
10982
2792
6890
10987
10989
6894
6898
6900
6910
11006
6912
11009
6915
6921
2826
6923
11021
2829
2831
2832
6932
11028
2837
6933
11031
6938
6941
2846
2849
2852
6948
11048
11051
2861
11054
2863
2866
6962
2870
11062
6968
11066
2875
6971
6976
11076
2885
2886
2887
6984
11084
6989
11090
2899
2902
11094
11098
7012
2917
2923
7019
7020
2926
2930
2931
7027
11127
2936
7033
2937
2942
7038
2943
11136
7041
7042
2948
7044
7045
2951
11145
7053
11153
7060
7061
2972
7071
2984
7082
2988
7085
2997
11197
7102
3007
11203
11204
7109
7110
11207
7113
11211
11212
3023
7126
7130
11228
11229
7136
11232
11233
7137
11234
7139
7140
11236
3052
11245
11246
11247
3056
7155
3061
11253
3063
7159
7160
11256
7161
11258
3069
11262
3077
11274
7182
7183
11282
7188
7190
11286
11291
11293
3102
7199
11295
7207
11304
7210
11307
3120
3123
7219
7220
7221
7224
7225
11321
3132
11326
11331
7237
11333
3142
3144
3147
3154
11346
3155
3156
7254
11350
3159
3160
7256
3166
7262
7265
3170
7269
3176
3177
11377
3186
3191
7287
3194
7295
7302
11399
3208
7305
11403
3221
7320
3231
11424
3237
7337
11434
7341
11437
7344
7345
11441
7348
7350
11446
3257
7353
7354
11455
3265
7362
3269
11461
7367
7371
11467
7373
7374
3281
11475
11478
3288
7387
3294
7390
3295
3297
11489
3301
3302
11497
3307
7405
3310
7410
11510
3321
11516
7422
11518
11520
11521
3330
3331
3334
7432
7439
7447
11544
3355
3356
3358
3365
3369
7466
3373
11566
11567
11569
11571
3379
11576
3385
3387
7484
7485
7488
11586
3395
11587
11588
7494
11590
11591
3400
3403
7502
3406
3409
7510
11608
3419
3422
11615
3429
3430
7526
11623
3432
11626
3437
11630
3442
11642
3451
11644
7552
3458
11652
11653
3462
3464
7561
3467
3468
3470
3471
3472
7571
11668
7574
3487
7587
7592
11690
11692
3503
3509
3510
7606
3512
7609
7610
11707
7612
3525
7621
3526
11719
3532
11724
3535
7632
7633
3539
3542
7638
3544
7640
11737
3546
3548
11740
3549
7647
11743
7648
7649
3555
11747
7654
7655
11751
3570
3573
11765
7671
3581
7678
11776
7681
11777
3586
7684
3589
7686
7689
7690
11792
11793
7699
11801
11802
3617
11809
3621
11818
7725
7727
11827
3648
11841
7748
3656
11848
3657
3660
3665
11865
7773
7776
11872
11875
11877
7786
7789
11885
3694
7791
11890
7795
7798
11898
7802
3707
11899
3713
11907
3717
7815
11912
7821
3730
7830
3737
7833
7834
3739
11931
7837
3753
7849
11946
3762
11956
3766
7863
3768
7868
7869
3773
11969
7877
3782
11974
11975
3784
7880
11977
7885
7886
3791
3793
7894
7897
3803
7899
7900
7906
3813
7909
3814
7911
12010
7916
12016
7922
7924
12020
3829
7925
7926
12023
7933
3838
12030
12032
12037
7945
7948
12044
12045
12046
12047
12055
7960
3866
7963
12061
12065
3874
3875
3876
3884
12076
12079
7987
12083
7990
12088
7993
7994
12092
12095
8005
12104
3917
3918
12111
12114
12116
3926
3929
8026
8027
8029
8030
12128
3939
3942
3945
12142
3951
8051
3956
8052
12148
3957
12150
3959
12151
8060
12158
8068
8069
8070
3976
8083
3991
8091
8095
4000
8099
8102
8103
4010
12205
12207
12209
8115
8117
12218
4028
12220
4029
4032
8130
4034
4036
4039
12233
4042
8138
8142
4048
8147
12243
4055
12249
4059
8157
4062
4064
12261
12262
4073
4078
4079
8179
12281
4091
8189
12286
21
76
402
148
85
27
92
33
161
98
292
230
294
42
108
113
308
245
375
59
187
382
