363
5120
1
5121
2051
1028
5124
4102
1032
6153
7178
3084
5135
1043
2070
7191
5144
1050
5150
6174
33
1061
6185
4139
7212
45
5172
7222
2108
5180
62
7230
2112
1090
5187
1094
80
2129
7249
2142
2146
3170
5218
5220
4198
108
1132
2156
114
4213
4217
7289
122
2171
3198
4223
6271
1152
3206
1160
4233
2186
139
2188
1167
2198
7319
5273
5274
2214
168
5289
4267
7340
7341
177
7347
4278
2234
6334
2240
194
195
198
5322
3280
6352
217
3291
1246
5349
4327
1256
2280
3308
1262
241
1272
1275
2301
255
4357
2311
6407
4360
1290
1293
6416
3348
4374
1303
4375
2329
2330
6431
6434
1315
2341
4390
4393
2346
299
4395
310
2359
1339
4420
3398
2377
5453
2386
4439
6489
1370
2400
4448
3430
3435
364
2419
6516
2423
381
6530
3460
6532
6537
5514
5519
1427
3478
5527
413
6557
2462
4512
3489
5537
1442
4517
5541
6570
430
3502
4529
4530
4531
2484
6580
5560
1468
1470
450
4551
459
3535
464
6610
1494
6615
1498
1499
5601
1506
2531
4581
488
1513
6637
4600
4603
1532
4615
6663
4618
6670
4623
4628
3610
540
3615
5663
1578
5674
4652
558
6704
4657
6708
3637
2615
1594
2624
578
2627
3654
584
3658
6739
2645
601
2654
3678
1638
620
621
5748
2678
4728
5753
6778
6781
5760
4739
2698
5772
6797
1677
3731
1684
3733
669
1695
2721
5798
4774
681
6825
3754
3760
2740
2741
5822
1729
3778
4804
711
4809
715
5845
2778
3804
1764
2790
5867
6895
1784
1790
5889
5890
6917
6918
4875
1804
3852
1805
3862
6939
1822
799
2850
4901
6950
1831
3879
2856
811
6956
6959
820
2869
5941
823
825
3899
5953
2884
4932
837
5957
6986
6988
6992
4949
5973
6999
5979
7004
2912
3937
2915
7013
2918
1896
3944
1903
884
4982
894
6015
1922
899
2955
3983
6031
5009
921
6041
7065
2970
6049
6050
5032
6059
953
6078
3007
3008
4032
4034
1986
3010
7108
6088
4041
1995
4049
2005
5077
3031
4059
7141
2023
1000
3053
5103
6134
7158
2040
2042
4090
6138
2045
7166
4
308
103
9
171
