1083
1
2050
2057
4105
8202
11
4107
13
8207
4116
6165
4120
26
2074
27
2077
4126
8222
2079
4127
32
34
8227
6181
4134
6182
8230
4136
42
6187
8236
4142
6195
4147
6198
55
8250
4157
2111
8255
4165
6213
6215
71
4167
6216
2121
6217
8265
4172
77
8269
4175
79
8272
4179
6227
2132
4182
8279
6234
6238
8288
2149
6245
8293
8294
6248
4204
2161
6257
6259
116
8309
118
2167
120
4216
8314
2172
2174
6271
128
4229
2183
135
2184
4232
4233
2185
139
143
4242
4243
2196
4245
6293
4248
156
158
159
2212
166
2214
6316
4271
2224
4272
2225
4274
178
182
187
192
2241
194
2242
4292
6341
201
6346
2254
4302
4303
6355
2263
216
2264
4312
4319
4320
2275
228
2278
6376
4330
6379
237
2288
242
4340
2294
6390
247
2296
6394
2299
252
4348
6396
262
263
2311
4359
4360
6412
6413
270
6415
2322
4372
4374
4379
286
4383
6431
4384
4385
2338
295
6439
296
297
303
4400
6449
2354
6451
4412
2365
4417
2370
4419
6475
6476
4428
6482
2388
4439
345
2394
347
2395
6492
4445
6493
350
351
2399
4452
4454
363
2412
6510
4464
2418
2422
4470
6519
6522
379
4475
6523
6525
383
6527
6529
4482
4484
4486
2441
6537
6538
2443
2446
4495
6543
401
6548
6554
2460
415
4511
2468
4518
4519
424
4522
4523
6574
431
6578
4530
4535
440
6584
2491
445
447
2495
4543
2496
448
4546
6594
6595
6598
2505
4553
2507
462
2513
6610
466
4562
4565
6613
473
2524
4572
477
4575
4578
483
2531
2532
6631
2536
492
2540
2541
4589
4591
2544
2547
4601
510
2561
6659
516
518
521
522
2575
531
4627
4628
2586
6684
544
2595
549
6694
6700
4654
2608
2613
4665
571
575
6719
2625
4674
4675
2637
4686
590
2641
4689
6740
604
607
610
2668
4717
2670
6766
6767
4720
625
4722
629
632
6777
6778
634
2683
2685
639
4738
642
643
644
4741
648
4746
2702
6801
4753
4755
2711
6807
4760
2713
6810
6814
4767
672
2721
676
6821
2726
682
2733
687
691
692
4789
6838
2744
699
6843
2749
6847
6850
711
4807
6856
6861
718
719
2768
720
4816
6864
2770
2779
6876
733
2781
6878
2783
4832
739
4836
743
747
750
2798
751
2799
752
2801
4849
754
4850
6900
757
2806
4854
6904
762
6913
2819
4869
2823
6921
2826
781
6925
784
2832
785
4882
4884
6932
6933
790
6940
6941
797
798
6942
2849
6945
2850
2855
6951
6953
6955
812
2860
6959
2866
2871
6970
2875
6973
6976
2887
6984
2890
844
6988
4942
6992
849
852
854
6998
2903
856
4952
2908
2909
863
4959
864
2912
4964
869
2918
4967
2922
4970
4971
876
2926
2937
4985
7033
890
7036
893
4992
5000
910
911
5007
2960
5010
7058
5011
915
917
918
7063
2968
5016
923
924
2976
930
931
2980
941
7086
5040
5042
5046
2999
3001
3002
3004
5052
5054
3007
7104
5058
964
3012
7108
7109
5063
7111
969
5065
971
5069
5070
7122
5076
5080
989
3037
992
7138
7140
7142
3046
5097
3050
1006
1008
1009
3058
5106
5107
1014
3074
7170
3080
7176
7181
5134
1042
7186
3091
3093
1047
1050
1051
3101
1056
1057
3105
5155
7203
7204
5159
1065
5161
7209
7212
5168
7217
7221
7222
1079
1081
7228
7230
1089
5188
1094
7239
7241
7243
7245
3152
7248
1105
7251
5205
5207
1111
7260
1117
3166
7265
5218
5219
1124
7270
7274
5228
3181
7277
3183
5231
1136
7280
3187
7283
5238
1146
5245
7293
1151
1153
1155
7300
3209
1163
3212
5261
7309
1166
3217
5265
3219
7319
5273
3227
5275
1180
3230
5284
7332
5285
5286
5287
7336
1194
3244
3245
5295
3248
5296
1201
3256
1209
3263
3265
5314
5322
3276
5325
3278
5326
3279
5327
3280
3283
3286
1238
1241
7385
7386
5339
1245
7390
1250
1251
1255
5353
1259
3309
5358
1262
7406
3311
3314
5363
3316
1270
3324
5373
1285
3333
1288
3337
3338
1291
1295
5392
1297
1303
3351
5399
3352
7449
1307
3355
5404
5405
5409
3363
5413
7466
5419
7468
5425
3378
5429
7478
3384
1338
7482
5436
1341
3393
5441
7489
3394
5443
1348
7495
5448
7498
5452
3408
5458
3417
3418
5467
3420
3422
5474
7524
5477
1382
7531
5488
5491
7541
5494
3448
7545
1403
7552
5506
3459
7556
1414
5510
3464
1418
7563
3468
7565
7567
3472
1425
3474
5525
7579
7580
1443
7589
3494
3499
5548
5553
3506
7602
7603
1461
3509
1462
5559
5561
1468
3517
1473
1474
3525
7625
7632
5584
1489
5585
1496
7640
3546
1502
7650
5605
1510
1514
1516
5612
7663
7665
5622
7673
3581
5630
7679
7681
5634
7682
5635
3588
7684
5641
7689
7690
1549
1550
1556
7700
5654
3607
7704
5656
5659
3612
7714
3622
3624
5673
1581
1582
5680
7730
1587
3636
5684
7733
5686
3641
5692
7741
3647
5695
3649
5702
1607
3660
7758
7759
3665
3666
5714
3672
3673
7769
3676
7773
1631
7775
3681
3683
3685
3689
7786
1646
5742
1647
7791
5744
5745
1651
3699
1654
5750
7798
1655
1660
5756
1663
3712
5760
3716
5768
7817
5772
7820
1678
5774
1679
1680
3728
1681
7826
7827
5782
1688
1695
3743
5791
7845
7846
5798
7847
1710
7856
1716
3764
5812
1717
3765
5815
7866
3771
5822
1728
5824
7873
3777
1732
1733
1737
3785
5835
3791
5839
7888
5843
7892
3802
5850
1755
3804
1760
5856
7905
5858
3810
3811
1763
1764
5861
3814
3817
7916
1777
1778
5877
1785
3834
3835
5883
3837
5885
7933
5893
3847
1803
5901
5902
1811
5908
3864
7960
1820
3870
5919
5920
3877
3879
1833
5930
1836
1842
7986
7989
5943
3899
7996
5949
3901
5950
8001
8002
5956
1870
1871
3920
8016
5970
5972
8020
3926
5975
1879
5977
1883
8028
3934
1887
8031
8035
5990
8039
3949
3950
3954
3955
6003
3956
3959
6009
1915
1921
3972
8068
1925
1927
1929
3977
6028
6029
1934
3983
3984
1937
3994
6046
3999
8095
6048
6053
8101
4007
4015
8111
8114
4018
4020
6068
4022
1974
6070
1978
1979
1980
4028
1982
1984
1988
6087
1993
8137
1999
2000
4049
6098
2003
4052
4054
8152
4056
2010
6113
2018
2020
4068
6121
6124
2028
4077
8174
2030
2031
8176
4081
4085
8182
6137
8185
8187
5
16
81
147
172
141
