403
1025
1026
2051
3
2052
5
8
2056
9
1035
2060
13
2064
1040
2065
2066
21
2069
26
1050
28
1054
2079
1055
1056
1058
1064
2089
1065
2091
47
2097
49
2098
1075
2100
54
56
63
2112
69
2119
71
1097
2122
1103
1105
2130
2136
1112
88
2142
2144
97
2145
100
2150
1126
104
2156
1135
112
1137
2168
2169
2171
1149
1150
1152
1153
130
2180
2182
1160
140
2189
1165
144
1169
2193
148
1176
154
1180
157
159
1186
162
1188
165
1190
166
2217
1195
1196
172
2220
2226
1203
2231
189
1213
2239
194
2243
198
1225
204
1228
2255
208
1233
215
1241
2267
2269
1248
1250
2276
1253
230
1256
2282
1259
1260
2286
1265
241
2293
2294
1271
248
2297
1276
253
1279
1280
2304
257
263
267
1291
2316
2317
270
1294
2319
1296
272
274
1301
2327
2332
2334
289
2341
293
1319
2343
1321
1322
2346
2347
304
308
2358
316
319
2368
1344
1346
2371
1349
2375
1359
2384
2394
1370
1371
2396
353
1379
355
356
1382
358
2407
2417
369
2418
1395
2419
372
2422
2423
375
2424
1402
381
2432
1410
2435
389
390
2438
1416
393
2443
2446
1425
1426
409
412
1436
419
423
429
433
1458
1464
1465
1466
1467
445
447
1472
450
456
458
459
1483
460
468
471
1496
472
1498
481
1507
496
1522
503
1528
1529
505
506
1534
1537
518
523
1552
529
1555
1564
543
1568
1571
548
1574
558
561
1586
1588
1595
1599
1611
597
606
612
614
1643
625
628
1654
1657
1664
1665
642
1668
1669
1670
1673
1674
1676
658
1685
663
664
666
1691
667
1692
668
672
674
679
681
1706
1710
1716
697
703
1728
704
713
1738
1741
1742
1744
727
733
1759
735
741
742
743
1771
1773
751
1776
1781
1784
763
766
770
1798
1799
775
776
777
1805
782
1807
784
785
1814
1818
796
801
804
1829
806
808
814
1843
1845
825
1850
1851
1855
836
1864
842
1871
849
1877
858
864
869
871
1899
1902
1904
883
887
1911
1913
890
1917
896
1920
1928
911
912
918
1944
1950
1955
932
934
1960
1965
943
1970
1974
1976
1977
1984
961
1986
965
1993
973
975
976
2012
993
1004
2033
1018
1021
2045
2047
17
96
97
98
34
101
134
8
138
107
143
112
48
18
19
86
59
125
9.95