1127
10242
14338
14339
8196
10246
10247
8200
10
14347
2062
10257
4114
4115
10263
4120
14360
26
10267
28
14366
6175
12320
33
35
10275
36
8229
12326
8232
2089
2090
10282
43
45
14381
4142
50
4147
6195
52
10296
8250
2108
2110
14398
2112
14405
14406
2119
8264
8265
10315
77
2125
6222
12366
8271
6224
4177
82
12373
8278
2137
10329
12377
8285
97
14433
6242
99
4198
8295
107
14444
6254
4207
12400
12403
6260
8308
4213
8309
10359
12407
6264
14456
6268
8316
2173
4221
6272
12416
129
10370
12419
2180
2183
4231
12428
142
2190
146
12434
2195
2196
8346
8349
159
2207
6303
4256
6304
10402
10404
14500
2213
2215
12456
6314
171
10412
2222
8366
14510
8371
14516
12469
4282
2234
189
2237
2238
193
2241
4292
10438
201
14537
6346
4301
14541
2255
6351
4304
8400
12496
12498
4310
12502
4312
12504
219
14560
224
10465
14563
4325
6373
8422
14566
14570
10475
6383
10479
12528
10483
6389
12534
6392
6393
10489
14585
8443
6396
6397
14589
6403
10499
8453
14597
12550
12552
14602
4367
10511
14610
10515
2325
4374
4375
12567
14618
8475
10524
12580
10533
295
4392
8490
2349
12589
303
6447
14639
12592
14642
10547
4403
8502
314
4410
318
6463
10560
6466
10563
4420
2374
12614
327
331
12619
335
2384
2385
338
4437
10581
12633
2395
6493
14686
6496
8546
356
8548
12645
2406
359
14697
4460
366
10609
6514
12663
4472
2425
2426
8571
14716
8572
383
6527
10627
10628
388
12680
393
4490
14731
6540
2445
6541
14733
10639
403
6547
14739
6552
12699
10654
6561
2468
12709
8614
426
8618
4524
2478
8623
14767
10672
12722
4532
6581
8634
14778
14782
2495
12737
10690
4546
10691
10692
4552
8648
8653
4565
2528
12770
6630
2536
12776
2537
10734
8686
8687
500
10740
10751
12799
14847
14848
12802
4613
6661
518
8712
6665
4622
8718
527
14865
10772
2582
12822
8728
10777
6683
10782
2591
10783
6693
6695
12839
2600
8745
14889
14893
4654
8751
2609
14898
8755
565
8761
12861
10815
10818
4674
14915
4676
581
4679
2632
10824
585
8777
2634
10826
12876
14926
4691
12884
14933
10839
10840
4699
8796
10846
2657
6753
14946
14948
8806
12903
12904
616
2664
4713
12906
2667
8811
10860
2670
12910
2673
2678
10871
6778
4733
12926
4736
6789
648
2696
651
12940
653
4749
12942
4752
8848
659
2708
4756
6806
6810
8858
10907
670
2718
6814
6815
12960
2723
4771
6820
8870
10918
679
4779
685
2733
2734
8878
12974
8881
6834
4790
12982
2743
8888
12985
702
12991
8897
706
4803
8901
710
8902
10952
4810
6861
719
4815
8911
8912
2769
8913
10963
13014
6872
10970
4829
10973
2782
2793
10985
13034
750
752
8947
10996
756
759
8951
13047
762
8954
764
2813
11005
11007
2816
6913
8961
8962
2824
11019
4879
784
4880
6930
6932
6934
4887
11031
6939
6940
11043
13091
11044
805
2861
821
11062
9015
823
9016
825
11065
827
829
9022
13118
9026
836
4942
13136
850
6994
851
4950
854
2904
7000
2905
858
4954
9050
859
7003
2909
2913
9062
13161
2927
9075
13171
884
2940
11134
895
7039
13184
7042
899
2948
2953
11147
11148
13197
11150
5009
13201
11154
7059
921
9116
2973
11165
9119
9120
5027
7079
938
9132
7086
7088
945
2994
949
9142
11191
5048
3003
7099
9148
11197
11198
964
9156
5061
3016
5067
7115
5069
7124
9173
11221
9178
7131
992
994
7138
3044
9188
997
13285
5097
9194
13290
11243
5100
7149
7152
1009
7153
5109
5111
3063
5112
11257
5118
13311
3080
5129
1035
13323
9229
11279
11280
5142
3097
9242
13342
1055
9247
9250
13346
13348
7205
9253
3110
7208
13353
9259
7215
5167
9264
9265
11315
11317
3125
9269
13365
1078
5175
3129
11322
11324
11326
9279
5186
7236
9287
13383
9290
3148
7244
3149
5200
7249
3154
9298
1108
3156
1111
1116
11359
5216
13410
1125
5222
7270
13415
13416
9322
1132
5229
9327
9331
7284
3190
7289
1150
3198
13442
3203
13443
13448
7307
1166
5262
9358
13456
3220
9369
9374
5280
7328
9377
1186
11428
1189
1191
1192
3244
13486
13489
1202
13491
3257
5306
1210
5307
7357
1218
3267
9411
11460
9414
9416
1225
1226
5322
5324
11470
7377
9426
13523
3286
9430
11480
7389
3298
3299
7398
13542
13543
9452
13549
5359
7407
11507
7417
13563
11516
11517
3326
7422
11518
3328
9473
11524
9479
3340
7436
5389
7438
7444
11541
13590
5400
1305
11545
7451
11549
11550
7456
7457
1316
3364
1319
1320
3370
13613
1326
3380
9524
1336
3384
11576
13626
5435
13627
5436
1341
13631
9536
3394
13636
5446
3399
7497
5449
13642
3403
7499
5452
13646
13647
11601
11603
1364
1367
9562
13658
9563
13659
3420
9568
11616
1378
13667
1381
7525
9575
1387
3437
13677
7538
7539
1395
11641
3455
3456
3458
7557
13703
5512
13704
11658
5516
9612
7566
13713
9618
7571
1429
9622
5538
3492
5544
9640
11688
9642
1453
3502
9646
5551
11696
11697
1457
5555
11699
5556
3511
3512
13752
7609
9660
3517
1476
11718
9671
7627
1485
1493
11734
9691
13787
3548
9693
5599
1505
3553
9699
3558
11754
13802
11755
1524
5620
9717
9718
9720
13818
9723
9724
5631
7683
13829
13831
9736
11784
13834
5647
11791
1553
3602
7700
1558
1559
13848
7705
13854
13858
11810
13861
5671
1579
11822
7731
11828
7736
7738
9786
7741
11842
7748
11845
5702
5703
7751
11847
1608
13897
13899
9806
1621
3670
13910
1623
7769
1628
5724
3680
13920
9827
7781
3686
13928
11883
5740
11887
11888
11892
3701
1659
11900
13949
5758
9865
7819
7820
9875
7830
3738
3740
13984
7842
3747
13988
9894
7848
9896
1705
3753
1710
5809
3767
1721
3769
7865
11961
7874
11970
11971
7876
7877
9926
5832
9928
11976
7887
3793
1750
7895
7896
11993
7899
1757
7904
5857
5858
7906
5859
3814
3820
14062
12015
12016
14064
9969
5874
7923
9974
12024
12028
1790
1794
5891
9987
1797
12038
7945
7946
14090
9995
1807
9999
12047
1810
7956
5908
12057
14112
1826
10018
1828
10021
7976
12077
1846
3898
3903
5951
3905
10049
1858
14147
3909
5958
3914
14154
8012
14157
14159
1872
5970
3924
1877
8021
14167
12120
10074
5980
5982
14174
1888
1889
8035
1892
3943
5994
14187
1902
5998
10096
12145
6001
10098
14195
3957
6008
12158
1919
12162
1923
3971
1925
6025
6027
14220
3981
6029
14222
10128
3989
12182
6039
10141
8095
1952
14241
10146
8108
12205
4014
1967
8112
14258
14261
8120
4024
8124
6077
12221
4035
6084
8133
10187
1996
8141
10191
12241
10194
6099
14291
14298
6108
14307
4073
14314
6125
6127
10223
2032
14324
8181
2041
14334
4095
6143
3
251
221
14
1.21