576
0
1025
1026
1027
3
4
8
1033
11
1035
12
1036
16
1040
17
18
1043
1044
20
1045
1046
22
1047
1049
28
1052
1053
33
34
1060
38
39
1066
43
46
1070
1071
1073
1076
1077
1078
1079
56
57
1084
61
1088
1089
1090
67
68
69
1095
72
1096
73
1099
76
1101
1102
1103
79
1104
1105
1109
86
1110
1111
88
1113
92
93
95
1121
1122
102
1126
103
105
1130
1131
1137
115
119
1144
120
125
1149
1152
1153
130
1155
132
133
134
1158
1159
1162
140
141
1167
1168
1169
146
1170
147
149
150
153
154
1180
156
1181
157
1182
159
1183
161
1186
1187
1188
1189
167
169
1196
1197
173
1198
174
1199
176
1201
178
1203
1205
184
185
1211
188
191
1216
192
1217
195
1219
198
201
1225
205
1229
1230
207
1231
1232
1238
215
1239
218
1242
1243
221
224
225
226
227
1251
228
1255
232
1257
233
234
236
238
1263
1264
241
1267
243
1268
1269
246
1273
251
1275
253
254
1280
1282
259
260
1284
264
265
270
271
272
1296
1297
274
275
276
1303
1305
1306
283
284
1310
1312
1313
1315
1316
292
1317
1318
295
296
1320
299
1323
300
302
1326
1327
305
307
1332
1334
1336
1338
1340
1342
1343
320
1344
1345
321
1346
1347
1349
326
1352
1354
332
1357
1358
1359
1360
1361
337
338
1362
341
345
1370
347
1371
348
1375
351
1378
1380
356
1381
1385
361
362
1386
365
366
1390
369
371
372
1398
374
376
378
379
1404
380
1406
384
1409
1410
387
1411
1413
390
1415
394
1418
1420
1422
1423
400
1424
401
1425
402
1426
1427
404
1430
1431
408
1436
1437
1438
1439
416
1442
1444
1446
424
1449
1451
1453
430
431
432
1457
1458
1459
437
1463
440
443
1468
445
1470
1471
447
1472
1474
451
1475
1478
456
1480
1483
1484
461
463
1487
466
1490
1491
1492
468
1493
1494
1495
474
476
1502
479
480
1506
483
486
487
1512
1513
1514
1516
1518
495
496
1520
1521
499
1524
1525
502
503
504
505
507
1531
508
509
510
511
1535
512
514
515
1539
517
518
1543
521
523
1547
1548
527
1557
535
537
1562
539
1564
1565
1566
542
545
550
1576
1578
1582
559
560
562
1586
564
566
1590
1591
568
570
1597
1599
1600
578
581
582
584
586
588
590
593
598
600
602
603
604
609
612
615
617
622
625
631
638
647
652
653
654
657
665
666
667
668
671
674
676
677
678
681
689
692
696
700
702
703
705
707
708
709
723
725
729
731
733
734
742
745
753
754
757
764
765
768
773
777
780
787
788
791
795
796
801
803
804
807
808
809
811
812
816
818
820
825
827
831
832
842
843
847
848
849
851
852
855
856
857
858
864
866
869
873
876
879
882
883
884
893
895
897
902
903
907
908
909
910
915
916
927
928
931
932
938
943
952
953
957
960
962
963
966
968
969
972
975
978
980
981
982
983
984
988
989
992
994
996
997
1001
1005
1009
1011
1016
1019
1020
1021
1022
102
0
257
1
2
3
4
8
9
265
266
16
273
19
276
21
22
280
25
26
27
283
30
288
33
292
296
42
300
45
301
47
308
53
309
310
311
64
321
324
68
70
73
79
338
84
341
85
342
343
88
350
95
97
354
356
357
101
102
103
363
109
114
115
374
125
128
131
132
138
148
149
150
153
157
167
170
172
174
176
182
184
187
188
190
192
196
197
199
202
203
205
211
212
224
226
228
233
240
241
244
247
248
81289