543
5
6
1032
9
10
1035
1036
1037
15
1039
1043
20
1044
1047
1048
1049
29
31
1056
32
1058
34
1060
37
1063
1065
44
1068
1074
1075
53
54
55
1079
57
1083
1084
1086
63
1092
70
74
1098
1100
77
79
1105
84
85
1110
1111
89
92
93
95
1120
1123
100
105
1132
111
114
1138
1143
1144
122
1146
126
129
1155
135
136
1160
137
140
1165
1167
144
1171
147
1173
1175
153
155
156
160
1186
1187
164
1190
166
1194
174
1201
180
181
1206
184
1208
185
186
187
1212
191
194
195
1219
196
197
201
1226
203
204
206
1231
1234
1240
220
222
1246
1247
1248
1249
229
230
1254
1258
234
237
1262
240
243
244
1271
1274
1277
258
259
1284
260
261
262
263
1287
264
1289
266
267
1291
1293
1294
277
278
1302
1303
1308
1309
286
1311
288
1313
1314
1316
1317
295
1320
296
304
1331
311
313
315
1339
316
317
318
1343
320
1345
1346
322
1348
1349
1351
1352
1354
1355
333
1357
1360
1361
338
1364
342
343
1369
1370
1372
1373
349
1374
354
1378
1379
1386
1387
1388
1392
1393
1394
1396
1397
1399
375
1400
1402
378
382
1412
395
396
397
1422
399
400
1426
409
1434
410
1436
1437
1441
420
1444
1445
1448
425
1450
1454
1455
1456
432
433
1457
1458
1466
443
444
1469
446
447
450
1477
459
460
1485
464
1490
1491
468
1494
472
1497
473
1498
474
1502
478
479
1503
1506
1508
1509
486
489
490
491
492
1517
1518
497
498
499
500
501
1531
509
1534
1535
1536
512
1537
1542
1543
522
527
529
534
1560
1562
539
1563
1564
1565
543
1569
546
548
549
550
1575
551
552
553
1581
559
1586
1590
566
567
569
572
573
1598
1601
1603
580
581
585
1612
1613
591
1615
1617
595
1620
1624
1626
1627
605
608
1633
612
1637
1638
615
1643
623
1647
1648
1649
1650
631
636
638
639
640
1664
1665
641
642
643
645
1670
647
1674
1678
657
1683
659
660
661
662
1686
665
666
1691
1692
669
671
1696
1697
674
1698
1699
679
1708
1713
1714
691
692
1719
697
1723
700
1725
1726
703
1729
706
1732
708
1737
1738
1739
717
1743
719
1745
722
1749
1752
730
732
1757
733
734
735
1759
737
738
739
740
1766
1767
1768
745
748
1774
1776
1778
1779
1781
759
1786
1787
1788
1791
1794
772
1796
1798
1800
776
777
1801
1803
780
781
1808
1809
1814
1815
1818
1819
1820
1822
798
799
800
1825
1826
1828
806
1832
1834
811
812
813
815
1843
820
821
1847
824
1853
830
1855
833
835
837
838
840
844
848
849
853
858
860
861
863
865
877
878
879
881
886
888
891
893
894
895
896
905
907
910
911
914
917
920
922
926
934
937
944
948
952
953
960
962
968
969
974
976
977
978
985
987
988
990
991
995
998
1001
1003
1005
1006
1007
1012
1019
1020
1021
1023
35
67
5
134
71
136
73
9
76
77
79
82
19
84
20
85
150
151
153
26
159
96
33
99
42
45
109
110
111
114
53
120
58
122
59
62
1.94