5630
16384
16385
16389
7
24588
8206
32783
24592
24594
8212
32788
20
24598
23
8217
16409
32795
8220
16412
24604
29
32798
32799
24608
24609
16418
24610
24612
24614
16422
8232
32810
42
8235
44
24622
46
8239
49
32817
24631
32824
24634
32827
32828
24638
16448
64
8257
32837
16454
70
32839
16455
8264
16457
24654
32846
32848
8273
8274
8276
16469
86
24663
8279
92
24668
32860
8285
32861
93
32862
24670
8291
8292
101
16486
32871
32873
8298
8299
16491
8301
16494
24686
32880
24688
113
8308
118
24694
32887
8311
121
8315
32893
32894
8319
32896
16513
8323
16516
32900
24709
32901
24710
24711
136
16521
16523
32908
8333
32911
16527
144
32912
32913
24721
8339
148
8343
32919
32920
16537
153
156
157
158
8355
16548
16549
8357
24741
8359
32937
24745
16556
172
16559
176
177
24754
179
24757
8375
16571
16572
16573
32957
16575
8386
32962
196
16580
16582
8390
8391
24776
8392
8394
32971
24781
16590
16591
24783
32975
16594
211
16595
8404
24790
32983
8407
8408
24797
16605
8413
224
32992
24800
24803
230
24807
24812
33006
33008
8432
24817
242
24821
245
8438
24823
24829
8447
255
256
16643
8454
8455
16647
33034
16650
24843
16651
24844
273
33042
8467
16660
279
33047
8475
24863
33055
33056
24866
33061
293
24869
16677
33063
296
8488
8490
24874
8491
8493
16686
8495
24880
304
8500
24884
309
311
312
8504
16697
8507
33084
16701
33085
33086
8512
8513
24898
16708
16709
33094
24902
327
24903
8519
8520
16714
16715
332
333
16717
8527
24912
16720
24913
16723
24916
340
24920
33114
348
8540
24924
8543
24930
356
8549
24934
24936
16746
8555
364
33135
16753
24946
33142
8566
8569
8570
16764
16765
24959
387
8581
24966
391
392
33161
16778
8586
24971
16783
8591
400
24983
8599
24984
16793
410
411
24987
8605
33181
8607
8610
418
419
16803
8612
24997
16805
16806
33191
33192
424
16808
8617
16811
25005
8621
432
435
33204
8630
8635
25021
33214
16831
16833
451
8645
8646
455
458
8653
25039
16847
25040
33232
25042
25045
16858
8667
16859
16860
33244
33245
8670
25058
482
16868
484
25061
486
33255
33256
488
16875
493
25069
25070
495
33265
33266
16885
25078
16886
16887
25080
33274
25084
508
33276
25085
8703
16896
8706
516
16902
16904
8712
8714
523
16907
25100
526
8719
16911
8720
16913
8728
16921
537
33307
542
16931
33315
8740
550
551
16935
33321
8746
25130
33322
557
8749
558
16945
33334
572
33341
574
8767
577
16961
8770
16964
25158
8776
585
8778
8779
8780
33356
8782
590
16974
592
8785
16978
33362
25170
33363
16980
25176
16985
8793
603
16988
16991
8800
33379
611
8803
33381
8807
33383
17000
17002
33386
17003
25196
8814
622
17007
25200
33392
25204
8821
33397
8822
634
33402
17019
25214
17023
33409
17025
17026
17031
25226
17035
652
8847
655
25232
656
8849
657
8850
660
17045
25237
8853
25239
33431
17049
33435
8859
17052
669
33442
25251
25255
8874
684
17072
688
25266
17075
33461
17078
17079
25272
33466
33467
33468
25277
17086
33471
8901
8902
25287
8904
8905
8906
714
715
718
17102
8911
33488
721
722
25298
33491
725
17109
33493
17111
33496
25305
731
8923
736
25313
8931
739
8933
25319
25320
33512
33513
8940
25326
751
17136
8948
33524
33525
33526
25337
17146
33531
25341
17149
25345
25346
771
772
8964
17156
8965
777
25356
33548
17165
33552
25361
17169
33553
25363
8979
787
17172
790
8985
25370
794
33563
8987
795
798
8990
33570
802
33572
25380
805
25381
806
17191
25384
25385
809
33578
17194
25387
813
815
17199
25392
817
9009
33585
17201
33586
17203
33588
9015
9016
33592
9020
33596
17213
25405
9022
25409
33603
17221
25415
17224
840
841
25417
842
17226
17228
845
17230
9038
847
9040
17232
25427
25428
9044
33621
33623
25434
17242
17243
9051
17244
860
17245
33630
9055
25440
9060
9062
9063
17256
872
25448
25450
33643
17260
17261
17263
881
9074
9077
886
25463
17272
892
33661
25470
17279
897
17283
17284
25479
17289
25486
910
913
916
25492
917
9109
25497
9116
17311
33696
17312
17314
33698
9123
17316
933
25510
17319
935
9127
33704
9129
33706
33709
25518
25519
9135
17329
33713
9137
33715
9140
17332
33716
33717
17335
17336
25528
25529
953
9145
33721
9147
9150
33728
33730
25540
9159
17351
9160
9163
33740
9166
9168
17360
33745
25554
33747
9171
25557
982
17366
984
985
33754
33757
990
25566
9183
17377
33761
17378
33762
25570
9187
17379
33763
33765
25573
999
33768
33769
9194
25579
9196
17390
25582
9198
1007
33775
1010
25588
25590
33782
1016
25593
1024
33795
9223
25607
33800
9224
25610
17419
9229
25615
9232
33812
17429
17430
1049
9241
1052
1055
17441
25637
25638
25640
9257
1067
25645
33838
9262
33842
33844
1076
33846
33849
1081
25657
33850
25661
17470
25663
17473
9281
9282
33861
17478
9287
17481
9292
25678
17488
9297
33873
17489
33877
17493
17496
17497
1114
33883
9311
1120
17504
9314
25698
33891
33892
25700
17510
25704
17515
25713
1138
25714
1139
1140
9332
25716
33912
9338
9344
9345
33922
33923
9348
33924
17540
1156
1157
33926
17542
1159
33929
33931
17548
1167
25744
33937
9362
25746
17559
17561
1178
17564
17567
1185
33953
25761
17570
1186
1188
1191
33960
1194
17578
17579
33963
9388
17582
25775
1200
25777
1202
33970
17587
17588
33973
25782
1206
17591
9399
9400
33978
17595
33981
25790
25792
1218
1219
17604
25797
9414
1223
25802
1227
33998
17615
9425
1233
25813
1238
25814
34006
17623
34008
25816
1240
34009
9434
34013
9437
34016
17633
9442
9447
17640
34024
1256
25833
1260
34032
1265
34037
1269
1270
34042
17660
25854
34046
17662
25855
34050
1283
1284
1285
17671
1287
34055
9482
25866
9483
1292
17676
17677
34061
25869
1295
1296
1298
9492
25876
34068
1301
34075
25885
34079
9503
1314
9506
9509
25894
34086
17704
1320
1321
9514
25899
17707
9518
1328
17713
25910
34102
9529
9531
17724
1340
34109
17725
9534
34111
1347
1350
1352
17738
9546
25933
17741
1358
34126
9553
25937
25938
17746
25940
17749
25945
1371
25950
9569
34146
17763
25956
9573
25959
25960
9577
17771
9581
1391
25968
1394
9586
17778
34164
17781
25973
34169
34171
25979
17789
34173
1406
25983
34175
17791
9600
17796
1413
17799
1417
17804
34188
17805
9613
34190
17806
34191
9616
1424
34193
9618
17811
34195
9619
9620
26004
34199
9626
17823
1441
1442
1446
34215
26023
17831
34216
26029
26030
17841
1458
9651
34227
34228
26038
1462
17850
34235
9660
17854
17858
9668
26054
9671
1479
17863
1480
17864
17866
26059
9676
17869
9677
9678
26063
17871
17872
9683
34260
34261
26069
9686
17879
9687
26073
9689
26074
9690
17883
17884
26078
9696
1505
9698
17890
34274
1508
26084
9701
9702
1510
34285
17901
9709
1518
26094
1519
26096
34289
26098
9715
26100
34293
1527
26104
9720
1528
34296
1529
17914
17917
17918
9727
1535
17921
26114
9730
1540
9733
26118
34311
1543
34312
1546
9738
17931
1547
26124
17934
34318
1552
9745
34321
17939
34325
26133
34326
17942
17943
26135
17944
1561
34329
26138
9755
9756
26141
1565
9758
17951
17952
26145
34337
34338
9763
17958
1581
34351
1584
17970
34355
17973
34358
1593
9786
34364
26175
26177
9796
17989
26183
26185
9802
26187
1611
34379
17996
17997
1616
9808
34385
1618
34387
1619
1620
9812
9815
34393
18009
34397
18014
26210
9828
18022
9831
34407
26219
18028
1644
1645
9837
26223
34417
9842
34419
26227
26230
18038
34423
9849
34426
9851
34427
34428
1661
1662
18046
26238
26240
18050
26242
18055
9865
1674
26251
18059
9869
26254
9870
18065
18066
9876
26261
18069
9878
18072
9881
26268
26269
1693
26271
1696
18081
26274
18083
34470
1703
34472
18088
1704
1705
9897
9900
26285
9901
18094
9902
26287
1711
18101
34486
9910
26294
1719
18104
9913
34489
26298
26299
26301
34494
1726
9918
18112
26306
1730
1733
26313
26317
18127
9936
18128
26322
9940
26325
18134
18135
34520
34526
34529
34530
9955
26339
18151
9960
9961
1769
1771
1774
18158
34546
18162
26357
34549
18166
1783
26361
18170
26364
26367
18177
18178
34562
1795
9991
34568
9993
34569
9996
34573
1805
34575
26384
26387
26390
18198
34582
18201
26393
10011
1821
34592
1824
26401
10017
26403
34596
18215
1832
10024
26409
34602
34603
34608
18227
18230
10039
1848
34617
18234
10042
34620
34623
10048
18241
18242
18246
10054
1863
26439
18247
34635
1870
1871
34639
34641
18258
1875
18261
26454
34648
18267
10079
26464
1889
18274
18275
18277
34663
18281
34666
1899
18283
26478
1904
1906
34677
1909
18294
10103
10104
1913
10105
1914
26490
10109
26494
1918
34687
1921
34690
1923
1924
18308
34692
1929
34697
18313
1930
26506
18315
1932
26508
34700
1934
1935
34704
18322
26516
10132
10133
34710
1942
18327
18328
1944
10138
1948
34717
26526
10143
34720
10144
18337
26529
26531
1955
1957
10151
10153
1962
1964
18348
26541
10158
34735
34736
18355
10165
18365
34751
10178
10180
34758
1990
18374
10183
26567
26568
26569
34764
1997
1998
2000
34768
10194
26581
34774
18390
34775
10199
10200
2008
10203
2013
34782
18399
26592
34784
26593
10210
18402
2019
18405
2022
18409
34802
18421
10230
18422
26617
18427
10236
2045
10238
2047
26624
10240
34817
18434
18435
26627
26629
18438
18439
2058
26634
10251
34828
34830
10256
2069
34837
10263
10264
2075
26652
10269
34845
2078
18463
26656
26657
10273
10276
2090
18474
18475
18476
18477
10285
18478
2095
18481
10289
2098
10291
18484
2101
26678
34871
10297
18490
26683
26685
26689
18498
10307
26691
18502
10312
18506
2123
26699
26700
10316
10317
26701
2125
2126
26702
2128
2129
18513
34897
26705
2130
26708
18516
34900
10324
18520
26712
2136
18521
18522
34908
26717
34911
26720
26721
34916
18532
18534
18535
26729
18537
18538
26730
2156
2157
10349
26734
18543
26736
26737
34930
26739
2163
10356
18549
10360
2168
2170
10363
2173
26750
34943
26751
34944
10368
10372
18564
10373
26762
34954
34955
2189
10381
18574
26767
34959
2192
26770
18578
10388
18580
18581
2198
34966
34967
2200
18584
18586
10395
26783
10399
2207
34976
34977
26786
18594
18595
10406
18598
34983
34984
2216
18600
10409
2218
2219
2221
10414
18609
18610
18612
10421
2229
34999
18616
2233
10427
26811
18623
2239
10432
35009
2243
35012
18631
26823
35017
35018
18635
26828
2252
18636
2257
18642
35027
26837
26838
35031
18648
10459
2271
18656
10464
35040
2277
10470
2279
18663
10474
26859
2283
2285
18669
2286
35059
26868
2293
10486
35063
18679
10488
26872
2296
26874
10491
26875
2299
2300
26876
26877
10494
35070
10495
26879
2304
10499
35077
10502
2312
2313
35081
10505
2318
26895
2320
35089
26898
35091
18708
10517
26903
2328
10520
35098
10522
35099
18716
26908
10525
10526
18719
26911
26912
2339
35110
18726
26919
18728
26924
2351
35120
26928
10545
2354
35123
26931
18739
2357
18743
10552
26936
18744
18745
26937
35130
10556
10557
18750
35134
18754
26947
10565
18758
2375
10568
2376
2379
35149
18768
26962
35155
2387
10580
26964
35156
35159
2394
10588
2397
18782
26974
26975
2405
2407
2410
10603
18796
10604
26992
35185
10610
18802
35187
27000
2424
10617
18810
10618
10619
18812
10623
2431
35199
18816
18817
2433
18818
18821
35206
2438
18823
35208
27016
10632
2441
10633
18826
2443
35212
2444
35213
2446
18830
10641
2451
18835
10645
10646
10647
27031
35226
27034
10654
35230
27039
10655
27042
27045
10663
27047
2471
10666
27052
10670
27054
35248
27056
2482
35250
2483
35252
35255
18872
35257
2489
2491
18879
10687
10688
35264
10689
27073
10691
35268
2504
10696
27080
27081
2507
10699
10700
35279
10703
27089
27090
10709
35290
18907
35291
2524
27101
2525
2528
18912
35296
10721
18913
18916
18921
35305
18922
35310
18926
27119
2544
27120
35313
10737
10739
2549
27127
35319
18936
18937
35321
10745
27130
10746
10747
10748
2559
27137
35330
35331
2565
18950
10761
35337
35338
18955
27147
27149
35341
18960
10769
35349
35350
35351
10775
2585
10777
2586
10778
35354
2587
35356
27164
27165
27167
18975
35360
27169
10785
2594
10787
18979
18981
27174
27175
35368
10793
27180
27181
27183
18992
10800
2609
27185
35377
2610
35379
2612
2614
10807
18999
2616
10808
19000
10809
27193
19001
35386
10810
2619
35389
10813
2621
19014
10822
19015
2632
19020
10829
2637
10831
19024
27219
35412
19029
10838
19031
10840
27228
19036
19038
35422
2657
19042
19043
2662
19048
35434
2666
27244
2670
2671
2672
19058
27251
10870
27256
19065
35451
19073
2689
35458
27266
10884
10885
27270
27272
2696
10889
27273
2698
2699
35467
19084
19085
2704
2708
27284
10901
27288
2713
2716
10909
2719
2720
27298
35490
27299
10916
10918
19113
27305
2730
2731
19116
10924
35502
10927
27312
19121
35505
19124
27317
10934
10935
10937
27322
10939
27323
2750
19135
35525
27337
19146
2764
27342
19151
19152
19154
2773
10968
27354
2778
35546
19163
27357
27358
35550
35552
27361
10978
27362
19170
2788
19173
19174
2792
10985
27371
2796
10992
35573
2809
27387
11004
2812
27389
35582
2817
19205
35590
11015
19207
35592
19209
27404
2830
19214
27407
35601
2834
19222
11030
2842
35612
27420
19229
11040
11041
27426
2851
27428
2852
19236
2853
35624
11048
2857
19243
2861
27442
27447
27448
11065
11066
35643
35644
35645
2883
35653
35656
27465
35658
35659
2892
2893
11086
19279
27471
19281
35665
35670
2905
19290
35675
11100
35676
2909
19293
35678
11104
11107
35686
27495
19304
27497
2921
27498
2925
2926
11118
35696
2929
27505
35700
27510
11127
27512
19321
35706
19322
19323
27515
27517
35710
27518
35711
27522
35715
19332
2951
19335
19336
27529
19339
11150
19342
11156
35733
35734
19351
35736
27545
19355
2972
35745
2980
27556
19366
2983
19368
27561
2987
35755
19372
11180
11181
2990
35758
19377
19378
2994
27570
11188
19382
11191
19388
27581
3009
19398
35782
19401
3018
11211
35788
27598
35791
35792
35793
11218
27602
27603
11221
19414
35798
35799
3035
11229
27620
3047
3048
35817
3051
19436
11247
35825
19442
19446
35830
19447
3063
3064
19450
3068
3069
27648
27650
27653
11270
27655
3080
35848
11272
35852
27660
3084
27664
3090
11283
11290
19485
27677
19486
27678
35872
11297
3106
19490
19491
27683
11299
3109
19495
19496
27688
35883
3115
19500
11308
11311
35888
3121
19507
27700
3127
19512
11321
3133
27711
19520
11329
19522
11331
3142
19526
11336
3145
19529
11338
35920
19537
27732
3157
11349
27733
19542
27734
11352
27738
35931
35933
11359
19551
11360
11364
19557
3173
11366
3175
11367
27757
19565
35949
11374
11377
3186
27762
35956
3188
19574
11382
19576
35962
11386
27771
3195
27773
11390
3198
19585
27777
35970
3202
3203
27780
11401
3211
11404
3215
27792
11411
3220
19604
35989
27799
35991
11416
27802
11421
3231
3232
11425
19619
3235
3236
3237
27818
36013
19630
11438
11440
19633
27825
19635
11443
36020
19641
27835
11452
36028
27837
19645
3262
11455
36032
3264
11457
36034
27842
11460
3270
27847
3272
19656
19659
11467
3275
36044
36046
11470
27855
19665
11475
36052
36053
27870
36062
19679
36063
19680
3296
36065
3300
36068
11492
19685
3303
36072
19689
11499
27885
36078
3311
11507
3316
27898
11515
36091
36095
11519
19711
27904
11520
27907
11525
3333
11526
36103
3335
3336
11531
11533
36110
3342
27919
3344
27922
36115
3348
11540
19735
3351
11544
27928
19737
11545
3355
27931
11550
36128
19752
19753
36139
19755
3372
27949
27950
11567
27957
19769
36154
3388
36158
27966
11582
3393
36162
36163
11588
36165
3398
27974
19783
27977
3404
11596
11597
11601
11603
19796
36180
11608
11609
36185
19802
27994
3418
27995
3421
11615
11617
28003
3427
36196
28005
28006
11623
36199
36200
36201
28009
36205
19822
28015
36207
3443
19827
36212
36214
36215
36217
36220
19836
28029
3453
36223
19839
28031
36224
28032
11648
28033
19841
11650
3460
36228
19845
3461
36230
3464
28041
11659
28045
36238
3470
3471
36240
3473
28052
36245
19861
11671
19864
36249
3482
19867
11675
36254
28063
3487
19871
3490
36259
28068
11686
28070
28072
19881
11689
3499
28075
3502
28083
11702
3514
19898
36283
11708
3516
36285
28094
11710
36286
19903
3520
3522
19907
28100
28101
19910
19911
3527
19916
3537
3541
19925
11734
28121
11739
19933
3551
36321
19937
36322
19940
3559
19944
3565
36335
11760
19952
28147
11765
36341
3574
28150
3575
19960
19964
36348
28157
28158
11775
11776
36353
3587
28163
11780
36357
3591
28169
11786
19978
3594
3596
11789
3598
36367
11791
11794
28180
11798
36377
19994
28186
36379
28188
3612
11805
11806
19999
36383
3621
28197
36392
28202
28203
20012
20016
3632
3633
36401
28211
20019
28213
20023
3639
3640
20025
36410
20026
3642
28222
36414
3647
20032
3650
28227
28228
36421
11846
20041
3658
28235
20043
36428
28237
28241
36434
28243
36436
3670
20055
3671
36439
3673
11867
3675
36443
3676
28254
28256
20064
3681
20067
20069
11878
28264
11881
36459
11889
20082
3699
11892
11895
11898
20091
3707
28284
36476
11901
11902
20094
20095
11905
28289
3713
3714
28296
3721
20106
20107
20108
36493
28301
3727
11921
36498
36499
28309
20119
36503
20121
36506
11931
3742
20126
20128
36514
36519
20135
11943
36520
28328
36522
28332
20142
3758
3760
20144
11952
3761
20145
28337
28339
36535
36537
3769
28346
3771
36540
20156
20157
3775
28351
3776
36548
28358
28359
3785
36558
36561
20179
3798
11997
28382
11999
12001
12002
20195
3812
3813
20198
36582
20199
28392
28393
20201
12010
20205
3821
12014
20207
36592
28401
3826
36594
28404
36598
36601
36602
12027
12029
12030
28414
12031
3840
3842
20226
28419
12039
36615
3848
20233
28426
20235
28431
20240
12050
36627
3859
20244
28438
36631
28440
12058
20250
3866
36634
36635
3867
28447
12065
3874
20259
3876
28452
12070
28455
3881
36650
3882
12076
20269
20271
36660
28470
20283
3900
20285
3903
20287
20294
12102
36681
12107
3916
20303
3920
20304
12112
3921
36689
12114
20306
3923
12115
28500
36693
20309
28502
3927
20313
28507
3932
28508
28510
36705
36708
36709
28518
20327
36712
20328
28524
12140
36717
3950
36720
3953
36726
3958
28535
12155
3963
12157
3966
28544
28546
36740
12164
28549
12166
20360
3977
12169
12170
28554
20363
12172
20364
36753
28563
20372
36756
3991
28568
3993
3996
20380
36764
3998
28576
20385
4001
12193
36771
20387
28580
12198
36776
12200
28584
20392
12204
36780
4015
4016
36785
28595
12212
28597
36789
4023
12215
12216
28601
12218
12220
28604
20412
12221
36799
28607
12225
4037
36805
28614
20423
4039
12234
12235
20429
12238
12240
36817
12241
28626
12245
20438
12247
36823
20442
12251
28635
36829
4062
20447
20451
4067
4068
4069
36837
12264
4072
36841
28649
20459
20460
36846
20464
12272
28657
28658
4082
4084
4086
12280
4089
36859
28668
20480
36864
4099
12297
28682
12298
4108
4111
20495
4114
36885
36886
20502
4118
20504
36889
4122
20507
12316
4125
4126
12318
36895
12320
20517
4136
4138
20522
36908
4141
28719
20527
20528
36913
20530
28723
4148
36916
20533
12351
4163
4166
36934
12361
12364
28749
12367
36947
20564
12374
36951
12375
4183
12377
28762
20570
36955
12379
20572
20573
36958
20575
28767
36960
4192
36961
20578
20579
12387
4197
20582
28776
20586
12400
4209
12404
36980
20598
36982
4215
4216
12410
28794
36989
4221
20607
20608
20610
36996
20615
28807
37000
12424
4232
12429
12430
12432
28823
4249
20634
4252
4253
37022
12447
28833
37027
12451
4259
4260
4261
20646
28838
28839
4264
37033
20649
4267
12460
37038
37039
28848
12464
12465
20659
4276
37045
37049
4281
28858
4282
12474
28862
4286
28863
4288
4289
12485
4295
37063
12488
12489
28874
4298
4299
12491
28876
20685
37069
20687
4304
37073
28882
12499
20692
4311
37085
20702
28894
37087
12511
28897
20706
37091
20708
28901
20709
4328
4329
37100
20722
37108
4341
20725
28919
20729
37114
12539
28923
37116
12542
20735
28929
4354
28931
28932
37124
20741
28933
20743
4362
37131
20748
37132
28941
20750
20751
37138
28948
4372
12565
4377
12570
4378
28959
37152
12577
12580
4389
28966
4393
4395
4396
37165
4398
20782
20783
4400
12593
28978
20787
37174
4408
37176
37177
4411
4412
28989
20797
12608
20800
28994
12611
37187
12612
37188
28996
4420
20806
29000
37197
4429
20813
37199
20815
4434
12627
4437
37205
37206
4439
29016
4440
12633
20826
37214
20830
12639
29023
4448
37218
20837
4454
29030
4455
20839
4458
20844
4463
37232
20848
4468
29044
29045
4470
37238
29046
4477
20861
12672
12673
20865
29058
20866
29062
4486
12680
12682
4490
20876
37261
12688
37265
37266
4500
29076
29079
12695
29082
4506
12698
37275
37278
12703
4511
37282
4517
37287
20908
4525
29103
12724
20921
4537
12731
4539
12733
4542
37310
4543
4544
4549
4552
12745
29131
4558
4560
4568
12760
37341
29149
29150
12767
12768
12774
20966
4583
12776
4584
37353
29167
20982
37367
29175
29176
20985
37370
4602
29179
4606
20990
37376
29186
20994
20995
20999
37383
37385
12809
4618
12811
37387
4619
29196
21006
12814
29199
4623
21013
4629
21014
37399
12828
37405
12830
29221
21030
4648
12841
4650
37419
37420
12845
4654
29231
21042
37426
12850
29237
12853
4662
12856
37433
37434
37436
29247
12865
4673
37442
29252
37445
4679
21064
21065
37451
4685
37458
29268
37461
12886
4697
4700
37473
12900
4710
12904
29288
37481
4714
4717
37488
29297
29298
21107
29299
12916
29308
21116
37500
12924
21117
29310
12927
29312
37505
37506
12931
4740
21124
4741
12939
4747
29323
21132
29324
37516
21133
4753
21139
4757
4758
12951
37528
4761
29339
4764
21148
12956
29340
37532
37534
4768
21153
37537
4771
4772
12964
21157
12967
29351
12971
4780
21164
37549
37551
21168
29361
12984
21178
12986
29371
4798
29377
21186
4803
29380
37572
37573
12997
29381
13000
4809
37583
4816
29394
13010
37588
4820
29401
29402
21212
4829
29405
37599
29409
13026
37603
4835
4837
37610
4842
37612
29423
37616
4849
29425
4851
4852
21236
4855
29433
21242
21247
21248
21249
4868
13063
29448
29449
13065
13066
37643
37644
4879
21263
4880
37648
29459
4884
21270
21271
13079
4888
29467
37660
21277
21279
29475
13091
13095
37672
4904
37674
37675
4907
29489
4913
13108
13109
29496
29497
29498
21307
4925
4931
21316
37700
37701
21319
29511
13127
4937
21325
29519
37711
21328
21329
29522
21330
29523
13143
21337
29529
29530
21339
21341
4957
37725
13149
37726
29535
37727
21345
13153
21346
29539
21350
21351
21352
21354
29547
13164
37741
13165
13166
4975
4976
21360
37745
29554
13170
29557
29561
13177
21372
13180
21373
4989
29567
13184
21377
37763
4996
21381
4998
21384
29579
21387
29580
29581
29582
29587
13204
13205
5015
37784
37786
29594
37790
21409
13218
37797
5029
29607
13223
21415
21416
21417
37801
29610
21418
37802
37804
29613
29616
29617
5042
21426
29622
13241
29625
29627
13244
37822
13248
37824
29632
21441
21442
29637
37829
13254
37831
37832
5065
21449
5066
21451
5068
37836
29645
37837
5069
29647
37842
5074
29651
21461
37845
13272
29656
21465
37851
13276
21470
29663
5089
37858
37859
21475
13284
5092
13286
29670
29672
5096
21482
13290
29675
37868
5100
29677
29678
21493
29686
37879
29688
29689
21498
37885
13309
21502
5119
13313
21505
13315
5124
5127
21512
37896
29704
29709
5135
21519
13328
29713
5138
13332
37911
13335
21528
13337
21533
29727
37919
21537
5156
37925
37927
13351
29736
29738
37933
37934
13364
37941
21561
5177
13370
29755
5179
5181
21571
29765
13381
13385
21579
29771
29772
5198
37967
21583
37968
37971
13395
29780
21591
5208
37978
5211
13404
21596
37981
21597
37983
21599
13408
29793
5219
21607
21609
13421
29807
38000
13425
21621
5238
13431
29816
29819
5246
29825
5250
38018
38023
21643
13454
29838
13456
38033
21649
29841
29842
29843
13460
29847
21657
38042
38045
13471
21670
5286
5289
13481
38058
13482
38059
29868
5294
13487
21680
21687
29879
29885
5310
13503
38080
5313
21697
21699
21701
13513
5321
13514
29900
21708
21710
13521
38101
5334
38102
13529
13530
29917
38110
38113
5347
38116
29925
29929
5353
13545
38124
5358
13551
38129
5362
21746
21747
38133
13558
5367
21754
13564
5374
13566
29951
21761
5378
38150
21766
13575
38153
5388
21772
29965
21774
29968
38161
21779
13588
29974
38169
5401
13594
29979
13595
13596
38174
21790
29984
21793
38178
5410
29987
5412
29990
5415
38187
29996
21805
38190
5424
30000
5425
38194
21812
21813
21814
5431
13625
5436
13628
21822
21823
38207
5443
21827
5446
30023
5448
5449
13642
5451
21836
21839
30032
5456
21841
21844
13653
13654
30038
5463
30040
21851
5468
5472
21860
30053
13670
5479
30057
21866
30059
13680
21872
5489
13681
30068
30070
5496
13690
30074
30076
30080
30081
5505
30083
5507
13702
21896
21897
21903
13713
21909
13719
30107
5534
13729
21921
5539
30116
13733
21927
30119
21929
13739
5548
21932
5551
30127
30128
30130
13746
13748
21940
21943
13751
13753
21947
13755
21949
21955
5573
21957
5577
30155
21964
5581
21966
5583
5584
5585
13777
5587
13779
21972
5588
13782
13787
30173
13790
21985
5604
5610
30187
13804
21996
5613
21998
5614
13807
30191
30193
22002
5620
13813
22005
22010
22012
5629
22014
5630
22015
5634
30213
13833
5642
13834
13836
22033
5650
13842
30226
5652
13845
5656
22041
13849
22042
13850
5659
22044
5661
22050
22052
22053
22055
13866
5674
22060
5676
30253
22062
13872
5682
30259
5686
13878
5688
30264
5690
22075
30269
5693
13889
13891
5703
30279
30281
30284
5710
22095
22096
30288
30290
13908
13910
5719
30297
30299
13917
5726
30304
30305
30307
22119
22120
13929
5737
30318
13936
30324
13940
5750
30328
5753
5756
5762
5763
30341
22150
5766
30343
5767
22155
22158
30352
22160
5776
5782
30360
5785
13981
30366
5796
5797
22184
22185
13996
22189
30383
5808
22193
14001
30387
5814
14007
5822
30399
5824
30402
5828
14022
30407
22223
22225
5842
22226
30421
22229
22235
5852
22239
30433
5861
14053
30438
14055
5864
14058
30444
22254
30446
14064
22256
14066
5875
5879
30457
14074
22268
14078
14079
14083
5893
5894
30473
22283
30477
5902
22288
5909
30486
30489
5913
30491
22304
5920
5921
14115
14117
14119
5929
14122
30507
22315
14125
30509
14126
22325
30517
30519
22327
14136
30520
22330
5946
30524
22334
14144
14145
22338
14149
5959
22344
5961
22345
30541
5969
22354
5971
30547
5972
5974
22362
30555
22363
30557
14174
5984
14177
22370
22379
30572
22380
22381
14189
22382
6000
30577
6004
22388
30581
6006
30583
6011
14206
30591
14207
6016
14209
6017
30593
14211
22406
14217
6031
14224
6033
14228
14230
30615
14231
22424
22428
30622
22431
30626
6057
22441
30638
14256
6065
6069
30645
14262
30648
6073
14266
6074
6077
14271
14279
22475
6092
30668
30670
6095
14289
22481
6098
14291
22486
30685
30686
30687
14304
22497
22500
6119
22505
14314
30698
22506
6125
22511
14322
22515
14324
30709
14327
30713
6137
6138
22522
14336
30720
14338
14341
30727
30728
6152
14345
6153
30730
14351
30736
22544
30737
14354
22553
30747
22558
14366
6174
14367
6175
30754
14374
6184
14377
6186
6191
22575
30773
22582
30775
30777
14394
30781
30782
14399
6208
30785
6210
14403
22596
14404
30789
6218
14413
14418
22611
6227
14421
30806
6230
22614
30809
22617
14428
14430
30814
6239
22626
22628
14439
30824
30828
6253
14446
14450
6258
14455
14456
14460
22652
14463
6275
6277
22661
22662
6280
30857
6281
14474
6282
14475
22667
22670
6289
22673
22674
14483
6291
30868
14484
14486
6294
14490
6300
30876
14496
6304
6305
14498
6306
22690
30884
30885
22694
6311
14503
30888
14505
6314
14506
14508
6322
30899
6323
30900
22710
6327
6328
22712
22719
14529
22722
6340
22725
22728
14537
14538
30922
14539
30925
14541
14542
30926
6354
30930
6355
22739
22743
30939
6366
22751
14560
14564
6372
14569
22762
6379
22766
22767
22769
14579
30965
6390
14586
14587
14588
30973
14591
30975
22784
6405
6407
14602
14603
30990
6415
30994
14611
6421
22806
22808
6427
6429
22814
22816
6435
14629
6439
31016
6441
31017
22825
22826
6443
14637
22831
14640
14646
6455
6456
22840
6458
14650
22844
6460
22845
6462
6463
22847
31044
22854
31046
31047
14665
6475
14667
14668
22861
6478
14673
6485
22869
14681
6492
14692
6503
6507
22891
6510
31086
22898
6517
14710
6518
31095
14712
22904
31097
31100
31109
6537
14729
14731
31120
22928
31121
6547
6549
14742
6552
22938
14749
31138
31140
6567
14760
14762
31146
22956
14770
14772
22964
6581
31158
31159
22968
31161
14780
14781
31166
22975
31167
22977
14787
22981
22986
14794
22987
31184
6611
14804
6614
22999
31192
23003
31195
6620
31198
31199
6628
31205
14822
31208
31210
14827
14828
31214
14831
31217
14834
31220
31224
23033
14842
31226
23035
6652
23037
31235
14852
6661
31240
6665
23049
6668
31248
23056
31250
6676
6680
14875
23074
6693
6697
6698
14894
31280
14899
23093
31285
14903
6711
6712
14911
6720
23107
6723
31300
31301
23111
23112
14920
23113
23114
23118
14927
14929
23122
23127
31324
31327
31328
14944
6753
31330
31332
14950
23143
31335
6760
6763
31339
31342
6768
6772
14966
6774
6775
14968
23160
6779
23163
6785
14978
23172
6789
14981
14983
31367
14984
31368
31370
6794
6797
14989
6801
14995
23189
6806
23191
31385
6811
15003
6812
23197
23198
31391
23202
15012
6822
23207
15017
23210
15020
23212
6829
15025
6836
23221
31415
6840
23224
6844
23230
15039
15041
31427
15046
31430
15047
23242
23244
31436
31437
15055
31439
6863
23248
15056
23250
15058
31442
23251
6868
15063
23261
6880
23268
23269
6885
31462
15078
23271
15085
15089
23286
15094
15096
31481
23290
23292
15101
23298
15107
23299
6916
6918
31497
23306
31498
31499
31500
15116
31501
6925
15117
31503
31504
23318
15126
15129
23321
6937
6938
15132
31518
31525
15141
23333
23337
15148
6957
6961
23346
15159
23352
23353
6970
6971
6972
31548
6973
23357
15172
23365
6983
6985
6986
6989
15181
31566
6994
23378
23379
23381
31575
7002
31580
15197
23389
23390
23392
31585
23394
7011
23398
15210
23403
31595
23405
7022
23407
23408
7025
31603
15220
7031
31608
23417
7034
23418
7036
23423
23428
7046
23432
15244
15245
31630
15253
7064
7067
23453
31645
31646
15263
23455
23459
7075
31653
7080
31661
15277
15278
7087
31663
31664
23473
15281
7090
15284
7093
31669
7095
15291
15293
7101
15294
23487
15299
31684
31685
23496
31691
15307
15308
7123
7128
15321
23515
7133
15326
31712
23523
7141
31717
15334
23530
31726
23537
31730
23541
15350
31735
23546
31738
15355
31741
23551
15360
31745
31746
31753
23562
7185
15379
7195
15388
31772
7198
31776
23585
15394
31779
7206
23594
31786
15403
7211
15406
7214
31791
31792
7217
23603
7219
23604
15414
7223
23608
23610
15418
23611
23613
7229
31805
7230
23614
15424
7234
23620
15430
23622
23623
7239
7243
31819
7244
31820
15437
23630
23638
31834
7259
7263
15457
15458
23652
15461
7272
23659
15470
31855
15471
7281
23668
15476
7284
31861
7286
23671
23675
15486
23687
31882
7306
7310
15502
7312
15507
23700
31893
15510
31894
15512
7322
23706
31902
15519
31906
15522
23715
23717
31909
31911
15527
23721
15531
23727
31921
23730
23732
31924
15542
7351
31929
15547
7355
23747
23749
15559
23752
31946
23759
15567
31953
31954
23762
31958
31959
15575
15580
15581
7389
15582
23776
15584
7393
7394
23779
7396
15590
7399
15594
23786
15598
23791
7408
31987
7412
15604
23797
7414
23798
23799
23800
7416
7417
31996
31998
23806
31999
15616
32001
7426
7430
32009
32010
32019
15637
32021
7447
23831
15640
15641
7450
23834
32026
15643
32033
7458
15651
7461
32038
23846
23847
15657
15660
32045
15664
7473
15667
7478
7482
7483
32060
15676
15680
23875
7494
15686
23878
23881
15690
15691
32076
7500
23884
15692
7502
7503
32081
15697
23889
7505
23892
15702
23895
7511
23896
7514
32092
32093
32094
32095
15713
23913
32106
7530
23917
15726
32113
7540
15732
32118
32121
32122
15744
32130
23940
15750
32135
15752
23944
7561
23946
32140
23949
23950
32144
32147
15766
7574
15768
7576
15770
7580
32159
7584
32160
23970
7586
15780
32166
7591
15784
7593
23977
23978
7595
7600
15794
32179
23988
7605
7606
32182
32183
15801
23994
23995
32188
7612
7613
32191
7616
15810
24004
15818
24014
32208
24017
7633
15828
15829
24021
7641
24026
7645
15838
15839
7648
15841
7650
15844
32228
32229
7653
32230
15855
7664
15856
15857
7667
24052
7671
32248
7672
24060
32253
7677
15872
32257
7682
32259
15876
32267
32269
24077
24078
15887
7695
32272
15889
32274
7699
32276
15896
15901
32288
24099
15907
32292
24103
7719
24105
32298
15915
32299
24108
7724
7727
15919
15922
7730
32308
15925
32311
24124
24127
15938
24132
32324
32326
7750
15943
32330
7756
24142
24143
7763
24147
24148
15959
24152
15962
15963
24161
24164
32357
7782
32358
7784
24168
24173
15984
15987
32372
15989
7797
32375
24185
15996
7805
32381
7807
15999
24193
16001
16002
16004
32390
16007
32391
7815
7819
16013
32398
32399
24208
32400
16018
32403
32404
16021
32406
16022
16023
16024
24220
16032
32416
7841
24226
24228
16039
16040
16046
7854
16047
32432
7857
7860
32438
24247
32439
7865
7870
32447
7874
16066
7880
32456
32458
32459
16077
32461
7890
16083
32469
7894
16088
32473
32475
24284
24287
32481
7905
32485
16104
24296
32490
7915
16107
32492
24303
16111
32496
32497
24306
16117
16121
24315
32508
24317
16126
24318
7935
24321
16129
7938
16132
7943
24331
32525
16141
24336
7956
7957
24342
24343
16152
7961
16153
32538
7963
7964
24349
32544
7972
16165
16167
32554
16173
16174
24366
16178
16179
24373
7989
24374
24376
7992
16189
32573
7999
8000
32576
16195
32582
8006
8014
32592
24400
24402
8019
32599
8025
8028
8030
24415
8032
8035
24421
16232
32616
24425
24427
16240
8050
8053
24438
8055
24439
24440
32633
16250
24445
8062
32638
16256
8066
32642
8074
8079
16273
24467
32660
16277
32661
8087
32663
16281
24474
32666
16284
32668
16287
8097
16290
8098
16291
32678
16295
24489
16299
24492
24495
8111
16304
16306
24500
32699
24509
16321
24514
24518
8134
8135
32712
16328
16329
16330
24523
32715
32718
24526
16336
32721
32722
8146
16339
16341
8151
8153
8154
16346
32736
8164
16357
32743
8169
24553
16362
32751
8180
24564
24570
32762
16379
16383
9
0
432
178
211
229
184
221
14
239
2.99