4371
32769
32770
24579
16387
24580
32775
16391
8200
24584
9
24590
32783
32784
18
8210
16403
8213
32789
24606
16416
8225
8226
8227
32803
24612
32805
37
38
32808
42
8235
49
51
32824
56
16441
16445
8253
62
8254
8256
32833
24645
32838
24647
72
73
24649
24651
8270
24654
8272
16467
32852
24660
86
24662
24663
24665
32859
8285
94
8287
32863
32865
8291
16485
32870
16486
32871
24679
8297
8299
24684
8301
113
16500
24694
8311
8312
126
32897
32899
24707
132
8334
147
149
32917
16538
24730
24733
8350
162
32939
173
24751
16560
24754
32948
190
8382
8384
32961
16579
195
8388
16582
8390
32967
203
24779
204
209
16595
24787
16597
16598
8406
16603
24796
220
221
8413
223
16608
16609
16612
24804
8422
16615
16616
33000
24813
8432
247
8440
8441
16635
33019
33022
16639
8447
24832
33026
8451
24836
260
8453
267
24845
8463
272
33042
33044
8475
24862
8479
33058
292
8484
297
16682
8492
8493
8499
313
8507
319
33088
24896
8512
321
24899
8515
24901
24903
333
33101
24910
335
336
339
16726
347
33115
33118
33119
8550
8551
24937
33129
24941
369
16753
16761
379
16765
8573
8576
16769
386
387
391
8584
8586
24972
16785
24979
8600
33181
8606
8610
33186
418
8611
16807
25000
427
33195
33196
8623
16818
33203
25012
438
16824
25016
450
454
8648
8651
461
33231
33232
25042
25043
33237
8665
8668
477
33247
25059
8675
25063
25064
33257
33258
493
8687
33263
8688
8689
25073
33267
8695
25080
8699
16892
16896
8705
25089
16900
516
8709
33285
518
8711
519
520
8712
8716
33295
528
16912
529
8721
16913
16914
16916
33301
8725
534
33303
8728
537
8734
33317
16934
16936
25128
555
16940
8749
557
16941
558
25135
8751
16946
563
8759
33340
573
575
8768
577
8771
25156
583
25159
33355
8780
588
589
16975
33361
8787
33364
599
16985
601
25180
16990
16992
33376
609
25185
33380
16999
8807
615
33384
25193
620
622
33391
625
8821
632
33404
17023
33408
8832
25218
17026
33411
25221
8837
33414
8839
17032
650
651
33420
25228
17036
33421
8849
658
33426
8856
33433
17049
17054
672
8864
673
674
33444
8871
8873
33449
33450
8875
25260
8881
8883
8884
17081
17082
8891
25275
8892
25276
8895
704
705
706
25283
707
709
33485
17103
8913
17106
8914
25302
25303
17111
728
8922
33501
735
33504
25313
17121
743
33511
33513
33514
33515
17133
33520
8944
33523
17140
8955
763
25340
33532
764
8959
25345
8962
25350
777
17162
25356
17164
782
25359
8975
783
33551
25364
8980
25365
8981
17174
25368
33560
793
33563
33564
8990
8991
17184
33570
802
25381
17190
33576
808
33577
17194
17196
17197
25390
9010
25395
33588
822
17207
824
17211
9021
33599
17218
9028
17222
25415
17224
9032
840
17225
33611
25420
845
846
17231
17234
850
853
9046
9047
855
9051
33632
33633
17249
9058
33637
9063
9064
25451
9069
25454
879
9073
17266
25458
9074
25459
17267
25461
17271
17272
25465
33657
17276
17277
893
25470
33662
33668
901
25477
17286
25478
902
25481
25482
910
17294
9103
25489
25491
17299
17300
17304
25498
9115
9116
25500
9123
17318
939
17324
33711
943
17330
17332
33716
25524
17333
950
9142
25527
33723
9149
9150
33727
17347
9157
25541
966
25545
33738
17359
9171
17364
25557
17366
33753
9181
989
25565
990
25567
9186
17379
25572
33770
1002
33772
33774
9198
25583
9201
25586
17396
9205
33781
25591
1017
9211
1019
17405
1022
1023
17408
9218
1028
9224
25608
1032
9226
1034
17419
33804
1037
17422
9232
1042
9239
25625
1049
1050
9242
1051
1055
25633
33828
9253
17446
17447
9259
9260
33837
1069
9261
25646
25648
33845
1083
25659
1085
17478
25672
17481
25673
9290
1099
9292
25685
33879
17495
33881
1115
33886
17504
1122
1123
9316
1125
33895
1127
17511
25706
17515
17516
1133
33901
1134
1136
17521
1138
17522
25716
25718
33911
9337
33913
25727
33920
33921
25734
9351
25736
1163
9356
25741
17550
33937
33940
9364
25749
1174
25755
33947
33950
9376
33954
1192
9384
9385
9386
9389
17581
9392
17584
9393
33972
1206
33974
33975
1208
1210
9405
17598
9408
17601
17602
9412
9413
17605
9415
25804
1230
33998
34001
25809
34002
9429
17624
17626
25818
25819
9436
17629
17631
25827
9444
1252
25829
1253
1254
17638
34023
9448
1256
9449
9453
17646
1265
34033
17652
34037
9461
9462
34039
9464
9466
17658
9472
34050
25862
9479
25865
9481
17675
34061
25872
9488
34067
9491
25876
9493
25878
34071
9497
17689
9499
17692
17696
25888
17697
25890
9507
17699
34086
17703
34087
25897
9513
34093
9521
34099
9523
17715
34102
1334
9526
17719
9531
1340
25918
1342
34111
17727
34112
25920
9540
34116
34117
25927
17736
25928
9545
17738
25932
17741
9549
25937
34130
34131
17749
17751
34137
25946
1371
34142
17760
1379
1383
17769
9577
34154
1390
9582
9587
17780
9595
17788
17789
34177
1409
17796
9607
34184
17801
1418
9611
9612
9616
9617
34196
34198
34200
17819
9633
26018
34213
34215
26023
1448
34216
1449
17835
1451
9645
17839
17841
1462
9656
1471
34245
34246
17865
9674
9677
17870
26066
26067
17879
26071
34264
9692
1503
17890
26084
1513
34285
26093
1519
34287
26096
17904
34291
9716
1524
9718
17911
1529
26110
34306
1539
34309
26122
17930
1547
26125
17937
34327
26135
17945
34333
17953
34340
34342
34343
1576
26157
17977
17979
17980
26174
1598
9790
1599
34369
1603
34371
26179
9806
17998
1622
34394
1627
34397
9821
9822
34398
9823
26207
18016
1632
34401
18017
9827
1635
34404
18021
34407
9832
9833
26220
1647
26227
1651
26229
1653
1657
34427
18045
9858
9859
18053
1670
18059
1675
1677
34446
1680
18066
34450
18067
26260
18072
26266
9883
1692
9886
26271
18084
18088
9896
26280
18089
9899
34478
9906
9908
1716
26292
18102
34487
1721
26297
26298
26303
9919
26305
34498
9923
18118
9926
9928
9930
26315
26316
34510
9936
18129
9939
34516
1749
9941
9945
9947
34525
1759
34527
26335
34530
18151
34536
26344
1769
9963
34544
18160
26355
9971
1779
9972
18164
1782
26360
34552
34558
18174
18178
1795
9987
34564
18182
1798
1801
1803
10000
10002
34582
26394
34586
26395
34593
10023
1832
10026
34603
10028
26415
18224
1845
26423
1848
1851
34620
26430
26431
26435
34628
1861
26437
34630
18247
10061
10063
1876
18261
1884
18269
26465
10082
26467
34661
34662
18281
34669
26478
34672
10098
26485
18304
10113
34689
34691
34694
1928
10122
34699
10127
34703
18320
18321
26513
34707
26517
26519
34714
26522
34715
26525
18334
1952
26529
34723
1956
34726
18345
34731
1966
18351
34736
18354
34739
18356
1973
10167
18359
1975
18360
1978
10171
18364
26557
1981
1983
10176
18372
34756
34761
1994
10186
1995
34764
34768
18385
2002
26579
26582
2008
2009
26585
10204
26588
10205
34781
18400
10209
18402
34787
26597
26600
10218
18417
34801
18418
10227
18420
26612
26613
34805
34806
34808
10234
26618
26619
10238
34814
26624
2051
18437
26629
10247
2057
10249
34826
26634
18444
26636
34830
26639
18453
18454
2072
18458
26652
2079
18463
34849
10274
34850
2084
34852
34855
18471
26663
18474
34858
10283
18476
34860
2094
2099
10292
2100
26683
2119
10311
34890
18508
10316
18509
26705
34901
18517
10327
2137
10330
26720
26722
34914
10340
2148
26727
18536
10345
26729
2156
2158
2160
34929
2167
26743
2171
34941
2175
18562
18567
10377
18569
26762
34954
18572
34957
18578
34964
2197
18583
2202
2203
18588
26780
18590
10401
2209
18595
2211
26789
18603
34992
2225
26801
10417
26802
10421
26806
35002
35003
26811
2235
26812
18621
10429
26816
2240
10434
35011
18628
26821
26822
2247
35016
26824
18635
35022
2254
18643
10453
10455
10459
35035
10461
18655
26848
2277
2279
35048
18665
2282
18667
10478
18670
2286
18671
18672
10481
18674
35062
10486
2294
18679
35064
10489
10490
35068
10493
35071
2305
2308
26886
26887
35080
2314
18701
2320
26899
26900
2326
10519
35095
26903
10520
35098
26906
10524
2333
35106
35118
2351
10544
18737
2355
10547
18740
35125
26934
18746
10555
26942
26943
10560
18754
2370
18756
26949
10567
10568
26955
18764
10572
10573
35150
18766
35151
2385
18771
2387
35155
10581
35157
35159
10587
26972
26974
35168
26979
18788
26983
35176
18793
35182
2422
10617
27001
2427
35197
10621
35198
35199
35201
2433
2434
27010
18818
10627
2436
2437
35209
18828
27022
2447
10642
18834
2451
35219
35220
2453
2454
18838
27030
27032
10649
35226
27035
2460
10655
35232
18850
10659
35236
27045
10662
10665
27049
10669
27055
10671
10673
35250
10674
18867
35253
27062
18870
27064
18873
10682
27066
2492
35262
18879
18881
2498
10693
27079
2504
18889
35273
35274
27084
18892
10708
27092
10710
27094
2518
18905
27098
27099
35294
10718
10719
10722
35300
27109
18919
10728
27114
18923
2541
35310
35313
27121
10737
35316
10744
18937
10747
2556
18942
2559
35328
2562
35331
18951
35337
2570
10762
27146
18957
35342
27150
27151
2577
2578
35348
10774
10775
10780
10782
18980
10788
10789
10790
18983
35368
27177
10794
18987
35375
27184
27187
10813
10815
19009
10817
35402
2635
10827
19022
35407
27215
2640
19024
27219
35414
10839
2647
2648
35421
2654
10854
19047
27240
19051
27246
19059
10867
35443
10869
35445
27254
35446
2683
2684
27261
10879
19076
10885
2698
27282
2709
35477
10901
2710
2712
10904
35481
19099
2715
19100
27293
10910
2723
10916
27302
2726
27306
2732
35500
10924
35502
2736
19122
2740
2741
19125
10934
27323
27325
10942
19134
2751
35522
27332
35525
27333
10949
27334
10952
19145
2761
35530
2767
35536
10962
2778
27355
10973
27358
19169
2786
2788
10983
2792
27368
10984
10985
27369
19178
2794
19185
35569
10995
27380
2805
2808
27384
35578
35579
19198
2814
11006
11008
19208
11017
19212
27405
19214
19215
11024
27409
27411
19219
35604
19222
35607
35611
27419
11037
2845
2849
11042
35620
11044
2854
11046
2855
27431
19241
2859
35628
19246
35638
2874
11067
2875
2876
11069
11071
19267
19268
2885
2886
19272
35658
2892
19277
11086
27470
19279
35663
35665
2897
27474
35671
35675
2909
2912
2913
27490
11111
11112
27497
2926
11120
19312
19313
35697
11121
27507
35699
19318
27510
2935
11128
35704
2936
11129
11131
35708
27519
27520
2944
11136
19329
35716
11142
35720
27529
2956
11150
19343
2960
2962
27539
2964
35738
11163
27556
11173
19365
35750
27560
35754
27564
35759
11187
2995
35765
11191
11192
3003
27587
11206
27592
11211
11212
19404
3022
27599
27606
3030
19415
27608
11224
3035
3036
11229
27614
19423
35807
11233
27618
3043
3044
27622
3046
3047
3050
27627
27630
27632
27634
3060
35829
19445
3063
19448
35832
27640
27642
3067
35835
19451
19457
35841
35843
3076
19460
35844
19461
3079
11271
27656
35850
11274
11277
35853
19471
3088
27665
19474
35858
19478
35864
27673
11290
11293
35876
11305
3116
11309
11312
27700
19510
3133
27710
3135
19524
11334
11336
19528
27724
3149
11342
19536
3154
11346
19547
35932
19548
11358
27742
27743
19551
27747
19555
27748
19559
35943
11369
3177
35949
35951
35952
3184
11377
3185
19572
19573
19574
35962
19578
11389
27775
11392
3201
27778
27780
3208
19594
27786
19595
3212
35980
11405
19599
27793
3218
27794
11411
11412
3222
27800
11418
35995
3229
35998
11422
36000
11425
36002
36005
11431
27816
3241
19625
19626
19630
19632
36018
27827
11444
11445
36021
19639
36024
11448
27835
11454
11455
36032
19650
19654
3270
36039
19656
36041
36042
27852
11469
36045
27853
36046
19662
27854
27864
19673
11482
19674
27870
11490
11494
11497
3306
27882
36075
3308
3309
27885
36081
27891
36086
3318
36088
27897
3327
11520
27912
3336
27915
19723
3339
27916
3342
11539
36116
3349
27925
19735
27929
3357
36127
27936
19747
11556
19749
27941
11558
27946
11563
19758
3376
36145
19761
36146
11570
19764
3381
27957
27958
19769
11577
27962
19770
19772
36160
27969
11586
19779
3398
11594
27978
19789
36173
27983
19792
3408
27985
36177
27986
3417
19802
36188
11612
3420
36189
27998
11618
28004
19813
36198
28011
3443
3444
19830
11641
3451
3453
3454
28031
3457
19843
36228
36231
11655
19848
36233
11658
3467
3469
11662
3470
36239
11664
3474
19858
28050
19859
11668
19865
36251
11677
19870
36256
19872
3488
11682
28071
11688
11692
19885
11693
3503
19888
3504
3506
28086
36280
28091
36285
3519
19903
19904
11713
11722
28107
36300
19917
19920
28117
19927
19928
28124
36316
19934
19935
36319
11743
3551
19941
28140
28143
28144
11760
3570
28150
11766
36344
28153
36347
11771
19964
19967
28168
19979
11793
3603
11796
28181
36373
19990
28182
3606
3609
11802
36379
3611
28190
11806
36382
36385
28193
28195
20005
11815
11828
3637
28215
3647
36419
20042
11851
20043
3659
28238
11855
3664
20051
11861
36437
28246
11863
28249
11867
3676
36445
3678
20064
3681
11880
28264
20073
3693
36463
36467
20083
36469
11894
20086
36472
20088
3706
20091
36475
36476
28288
20097
3714
11908
20100
36488
20104
3721
28301
11918
20111
36495
3728
20117
11925
3736
11933
36509
3742
36510
28319
28320
20132
28330
3754
11946
36523
11947
20142
11954
20147
3766
36536
11961
20153
11962
20155
36541
3776
28353
11970
36547
36553
28362
36555
3787
11980
28368
20176
11987
11988
28374
36570
11994
11996
11997
28384
20193
3810
3811
12005
28389
36583
28393
28394
28396
28401
20210
20212
36600
3832
12025
3837
12029
3840
36610
28418
36613
20230
36615
36616
28424
20234
28426
3851
3857
28434
3859
12054
20247
36632
12056
28441
12059
28444
20256
36642
36647
3880
3882
12075
36655
28466
3893
3894
28470
36662
36664
12089
28474
36666
36668
20287
3904
3906
3908
28487
3913
12112
3922
3923
36691
20309
36694
28506
36701
28510
12128
3937
36706
20324
20326
12136
3944
12138
20332
28525
28531
12149
20342
28535
36729
3961
3962
12154
12156
20349
12158
3967
20351
3968
28544
12161
36739
28550
12167
36745
12171
3981
36753
3986
36758
20375
12184
28571
12188
3998
12190
28574
20384
20386
20388
12198
28584
4010
12202
4011
28588
12206
20400
12212
20406
28602
20413
28607
20418
28610
12228
28613
36806
4040
36809
12233
28617
36811
12235
4044
36812
36813
12238
28625
36820
4056
28634
12253
12254
36831
20448
36833
36837
12262
36839
4071
12264
4073
12265
4075
28652
12273
28659
12277
4087
12280
28665
12286
28673
28676
20485
36869
28678
4103
12296
12297
12298
12300
28687
20496
4112
4117
36885
12311
12312
12317
4126
36896
28705
12330
4139
28718
36912
4145
20529
36915
4147
4149
20533
28726
28727
4152
20538
20539
28734
4161
12358
12362
12367
12368
36950
4182
20568
36954
20574
28767
36961
12385
36963
28774
12392
20584
4202
12394
20586
20591
12400
28786
12403
4215
28792
28793
28796
36989
12414
28798
12420
20618
12427
28812
4237
12433
4242
28822
12443
4253
28832
4256
12449
12450
28834
20644
37029
28837
12454
37031
37032
28843
12459
4269
4270
12463
37039
20655
12466
4275
28851
4276
20664
12472
28857
4282
4283
12477
20669
4285
28863
20672
20673
37057
37059
12484
12487
20679
4299
28876
28877
4302
20686
12494
28882
12499
12502
12503
37083
12509
12511
12514
12515
28899
28900
37092
20708
28903
4327
28904
4329
28907
20718
12526
28911
37106
12530
12532
12533
4341
20726
37111
4350
12543
4358
12550
28935
12552
4362
12555
20748
12556
12558
4370
4371
20755
37143
12567
37144
20762
12572
28958
37155
28966
28971
20781
4397
4399
37167
37168
20784
12593
28978
4403
20787
37171
37172
37173
12598
4407
28983
4409
12602
4412
37182
20798
37183
28994
28995
12612
20805
12617
4428
4429
20814
37200
4432
20817
4434
4438
37206
29014
12633
29017
20828
12636
37213
4454
12646
20839
4455
4456
29033
12649
20841
20842
12658
4468
29044
37236
4469
29046
37238
4471
12663
12664
29052
29053
4478
20863
20865
29067
12684
37264
12688
12689
37272
29085
4509
20894
4514
37283
12711
20904
4520
4521
4523
20908
4525
4527
37298
29109
12726
37303
20919
20928
20929
29125
37317
4549
20934
37320
12747
4555
37327
4565
12758
37338
20954
29146
20958
4575
29152
20963
4579
20964
20969
37354
4591
20975
12785
29171
12788
20982
29174
37368
12792
12793
12795
29185
4609
20994
4611
29191
37386
12810
21008
29201
37394
12819
29205
37402
4635
12828
29213
4637
29217
37411
21027
29220
21030
12842
29228
4652
12848
37425
29234
21042
37427
12853
29240
12857
4667
4668
12860
12861
29245
12862
29246
12864
21061
12871
29259
37452
29262
29263
12880
4691
37459
4692
21076
21078
37463
29272
4698
4699
4704
12897
37474
4708
37479
29287
37482
12906
29292
21101
21102
12911
12912
21104
12913
21107
37492
4726
29306
29314
4738
12930
4742
29320
12942
21135
37519
12946
37523
12947
37524
12949
21142
21145
37533
12957
4766
12958
12964
21156
21158
29352
12968
4777
29356
37548
29357
37553
4787
37555
21175
12984
12987
37564
21180
12989
29374
29375
21184
12996
21188
37573
12997
21189
29385
29386
37584
4818
21202
29394
4819
21206
21208
13018
4828
37597
4831
29410
29411
29416
37609
4842
37610
29421
21230
4847
29424
29430
29433
21242
4859
21243
37627
21247
21248
37633
13059
29443
29444
13062
21255
4871
21260
4877
29457
37650
4883
21270
4895
13088
4898
21283
13091
37669
4903
13095
13099
13101
21293
4911
21295
4914
37686
21306
37694
37699
29507
29513
13134
29520
21331
4951
4952
21337
37721
29530
29531
4956
4957
4958
29535
29540
4965
37735
29543
21352
13162
4973
29550
4974
29552
29553
4980
21366
37751
37752
4986
21370
13179
13180
37758
37759
4991
4992
13184
37761
21381
13191
29578
37770
21390
21391
13200
21393
13205
29590
37784
5019
29595
13212
5021
21406
5023
37794
29603
37795
37796
37798
21414
37800
5034
37802
37803
29612
13228
37805
13232
5042
37812
21429
13237
29623
37819
21435
5052
29629
29631
21442
13253
5063
5070
13264
13266
37842
21460
37844
13269
37846
37849
13273
13274
5082
37855
29665
13283
29669
21479
37866
21483
13292
29676
29677
13296
37872
13298
29683
5107
29686
21494
13303
13305
21498
37883
37884
37886
29696
29697
5124
13317
5125
29702
29703
13320
13325
13326
5137
37906
29715
37907
13331
5139
29716
5141
5148
21535
37920
37922
13348
37926
13351
21548
29741
13358
13359
29745
5170
5173
29749
37945
21561
37946
21564
21567
5185
5190
29771
37965
5198
37967
21583
37968
29778
37981
21599
37983
29792
5216
37984
5221
29798
21608
21609
29803
29805
13421
13422
29811
5235
29813
5237
38006
21624
38010
21626
21627
13439
29823
38018
29826
21636
13444
13445
38023
29836
38030
5264
21649
29842
38034
13459
38044
21662
13470
38049
29861
13485
21678
5296
29873
21682
29876
21688
29881
21691
13502
38082
5315
13508
38087
21705
5323
29900
29903
13520
38096
13521
5333
21717
21722
38107
21724
29917
29920
13537
38116
13550
38126
38128
21744
5365
29942
21754
13565
13566
29955
29956
5383
38152
13577
5387
29963
5388
38161
38162
13587
13588
5397
29974
13596
5407
21791
13603
5415
38185
5417
21804
5421
13617
13621
5431
13628
21822
5439
30017
30020
5444
30024
13641
13643
13645
13646
5456
13648
13650
30035
21844
13654
5462
13657
13658
21851
13659
21853
21854
30047
30049
30051
21860
5477
30053
13672
30056
30058
21866
13677
30063
21872
13680
30067
30072
13691
30075
21884
30078
13699
21893
30085
30090
21900
21902
21906
13716
5527
21915
5533
30111
21919
30112
13737
21932
30129
13749
30135
30136
30139
13756
30141
30142
13758
30147
5571
21960
5578
5582
30159
21973
30169
30170
5596
21980
30173
5611
21996
5618
30200
22009
5627
13825
5639
22024
5640
22025
13834
30224
22034
13842
13844
13847
13848
22042
5660
22045
22047
5667
22053
30246
22060
22061
13869
22063
30257
5681
5683
22071
5690
5691
13883
22076
30274
30277
5702
30279
13896
13901
22095
5712
5713
13908
22103
13911
5722
30303
30304
30309
30310
5739
22124
30318
22129
30322
13939
5747
5748
13941
13943
22136
5756
13949
30334
30335
22144
13953
13955
13956
22149
22150
30343
5771
22157
5774
13967
5777
22164
22167
22168
5786
22170
13978
30365
5791
30369
13986
30370
5795
13987
13993
14002
22198
30390
30392
14018
30403
30408
5834
14028
22222
30418
30419
5844
5846
30424
14040
30425
14043
22237
5856
14052
22244
30438
30441
22249
5866
22257
5876
14069
14074
5884
22272
22273
14085
22282
5898
14093
30478
22295
5911
5912
22300
30493
22309
30507
14137
14138
5947
22331
14140
30530
14149
5957
30533
30539
22350
14161
22356
22357
5974
22358
30550
14167
22362
22364
14173
22367
5983
14175
22375
30568
22379
22384
22386
30579
30583
22391
22392
14201
6011
14213
22407
6027
6030
22415
14226
22419
30611
30617
30626
14246
22439
14248
6065
14258
6066
14260
22452
6070
30649
22460
6077
14274
14277
30661
30663
22472
6091
22478
30671
30673
14289
6098
14291
22483
22484
30678
14295
14298
14301
6113
22498
30693
6129
30705
22517
14327
22520
22521
6139
22524
14334
6142
30719
14337
30722
14339
6150
30730
14348
30738
30739
6164
22554
22558
30752
14369
22561
6177
30755
14372
14376
6193
22578
6196
14392
30778
14398
22591
6207
14404
30790
22598
30792
6224
14419
22613
14422
14423
30812
14433
30821
6251
6255
30834
6260
6262
22646
22654
6273
30850
22660
14473
22673
22675
14485
22678
14487
22685
6301
14494
30879
22692
6310
6311
6313
14506
22700
22701
6317
14510
14518
22711
22713
14522
30907
6333
14528
30917
14533
14535
14536
22731
6351
22736
6353
30930
30932
22741
30934
6361
6362
30939
6363
14556
30940
6366
30944
14561
14562
14564
22756
14566
6375
30952
6376
22763
14577
22771
6389
6390
14586
22780
30975
30980
14598
30983
6407
22792
6410
30989
30990
6414
14606
6415
6417
30993
14613
31002
14620
22818
6434
6435
14628
22821
22824
31020
14638
22831
6448
31024
6449
14641
31026
31027
14645
31031
6456
14650
31034
6458
14651
31035
14652
22846
22854
6471
14668
6476
14669
22865
31058
6487
6488
6489
31065
22873
6496
31073
6500
31077
22887
14698
22893
22894
14704
22896
31088
6518
31100
22912
6531
6532
6543
31119
22928
14737
14739
14744
22943
31135
22944
14755
31140
31142
22953
14762
22955
6573
22957
6575
14769
14771
6582
31160
22969
6586
6587
22974
22975
14786
6594
22979
22988
14799
31186
31188
6614
31192
31195
6620
14813
23007
6626
6629
31207
6634
23023
31216
31219
6646
6647
14842
23035
31234
31237
31241
14860
23057
14865
6682
31259
31261
6685
6686
23079
6701
31284
14902
31288
23099
14909
23101
31294
31295
6720
31301
6726
6728
14922
6730
23125
6745
23130
31322
6748
31324
6749
31326
6752
31333
14950
31335
14951
6760
31336
6762
31338
31340
23149
14961
23155
23156
14968
6781
14973
14975
23169
31362
14979
6787
6788
23172
31366
14983
31367
31370
6794
31373
31376
14993
14998
6807
6810
23195
23197
6814
23199
6815
23200
15011
6819
15018
6826
6829
6832
15025
31410
15029
31415
6841
15034
6842
6851
15043
23236
15044
6853
31430
15049
15050
15051
23250
6867
15059
15061
31446
6873
31452
6877
31453
15069
6878
23264
15073
31459
31461
6885
31467
31469
31471
31475
31479
23287
23291
15100
31485
23293
31487
15103
31489
6914
6924
23309
6930
6932
23316
15126
15133
23329
23330
23331
23334
23337
31531
6956
23343
15152
15153
31537
15156
15157
23353
6970
31547
6972
23358
31550
31551
6977
23361
15171
6982
31562
15178
6989
23374
15184
15185
15186
23378
23379
15192
31577
15194
31582
7007
23392
31586
15212
15214
7028
7030
23416
31611
23422
31618
15239
7047
7051
23437
7054
31631
7055
23441
31634
7060
31637
15254
7063
15256
7066
7069
15261
15264
23456
7073
7075
15269
7080
7084
31662
15280
31665
15284
31669
31674
7100
23485
7104
7106
31685
23493
15303
31687
31688
7113
7115
31691
31692
15309
23502
7118
7122
7123
15322
15323
31707
23518
15326
15327
23519
7138
23522
7139
15335
23528
15344
7152
7154
31730
31734
15351
31739
7164
23548
23557
31752
7177
31755
7179
31756
15374
31760
31763
15379
31766
23579
31773
7198
31775
15391
31776
31777
7203
23587
31781
23589
15401
23594
7211
23599
23600
7218
31800
15417
15420
31807
15424
7233
7234
23618
15426
7237
15431
23627
7249
23638
31831
15448
31834
23642
23643
15452
7261
23650
15459
23655
7271
23657
15467
31852
23661
15469
7279
23664
7282
23667
31860
7286
23670
15481
15482
23681
31880
7305
23694
7313
7318
15513
31898
15519
31904
23715
31912
31914
7340
15533
15537
7347
15539
31924
15541
23734
7350
15542
15545
15547
31934
31935
23743
31937
7364
31942
23755
15564
31954
15574
7382
31959
15576
7384
7386
23774
23775
15589
23792
15600
15601
7409
31990
15607
31992
7425
23810
23812
23815
32013
15635
7447
7450
7451
15648
32032
32035
15651
32036
23844
7463
23849
23850
15667
32052
7477
7479
23865
15673
7482
23866
32059
32064
23874
7491
23876
7493
32069
7494
23883
23887
15697
23891
15707
32091
32093
15714
7525
15718
23912
23918
15727
32118
23926
23929
7546
15738
15740
7548
15746
32130
7554
32138
32139
7563
7565
32142
15766
32155
7579
23964
23966
32164
23977
7595
32177
7601
7604
23988
32185
23997
32189
32190
15811
24004
7621
32203
32205
15822
15823
7633
32209
7634
24018
7635
24019
15835
32219
32221
24029
7651
15845
7653
15848
24041
15850
24046
7665
32241
15860
32248
15865
15866
24059
32252
24069
15881
24078
15887
15894
15895
32283
32288
24097
32290
24098
15908
7724
7727
7728
24115
15923
32309
7735
32313
32316
24127
24131
7747
32324
24133
7755
7756
32334
7758
15952
7760
24146
7770
24154
15963
32348
32349
7774
24159
15967
7777
32354
15970
7779
24167
7784
7788
32364
7793
32373
24182
15990
32374
15992
32378
15995
7803
7804
32382
24195
32393
32398
32399
24208
7826
7827
7828
16023
7831
32411
24220
16028
24221
24222
16030
16032
7840
16033
7843
16039
32423
24234
16044
32428
24237
24239
7855
24241
16049
32433
7858
16050
16052
24246
16057
16060
7869
24258
32450
7876
32452
16069
7879
7880
24267
7884
16076
7887
24271
24272
16082
24274
16085
24282
32474
7898
24285
24287
24294
7913
32490
32492
7917
24306
24308
24309
24311
32503
24314
32509
7933
32510
32511
32517
24326
16135
7946
32523
7950
7951
7952
7955
16152
24344
7961
32540
24348
7964
32541
16159
7968
7970
7975
32552
7977
7979
24365
24370
7988
7997
24384
8002
8004
24388
16197
8005
32586
8012
32588
24400
32595
16213
16214
32601
8025
8026
16219
16220
24414
8035
24424
16235
24428
8044
24430
32626
16248
8058
24444
32638
8070
32646
8071
24456
32648
16265
8075
8076
32661
32667
16286
24480
32674
24482
16292
32676
32677
16303
8117
32699
24507
16316
8125
16323
24516
32708
8133
24517
16331
24526
32719
24529
32725
32728
16345
16346
24539
24544
24545
8162
32738
32742
32747
8173
32749
8176
16375
24568
32762
24573
8191
6
448
1
469
302
175
383
1.96