5768
16387
3
16388
24580
8197
24582
6
8198
7
16392
16395
12
8205
24590
16399
16
24592
16402
18
20
16407
16408
16411
24603
24606
16414
32
16418
16419
8227
24611
35
36
8228
24613
24615
8231
8232
16427
8236
46
48
24625
50
51
16435
52
16436
24628
8244
16437
16438
8250
16443
24635
16445
64
16449
24644
8260
24645
24646
8263
72
24648
16456
8265
75
24651
8268
77
16464
24656
16465
8273
16466
24658
24659
16467
16468
8279
16472
24665
8281
16473
93
8285
8286
24670
95
16479
16481
24674
8290
16484
24677
16487
105
24682
16490
24684
16495
111
24688
8305
8307
24693
16501
16503
24696
120
16504
24697
24700
8316
125
126
8319
24706
16514
24707
8324
133
135
16519
8329
24715
24717
24718
8340
24725
150
8343
152
16536
8344
8346
16538
24732
16541
8350
158
159
24736
16544
16547
164
24740
165
16551
16552
24745
16555
24747
8364
172
16556
24749
16562
8371
180
8374
8375
24759
8376
24761
8377
186
187
8380
8382
8384
16577
24770
8386
196
8389
198
8392
24776
16585
205
8399
207
16592
24785
8401
16596
8404
16600
24792
216
16602
218
24795
221
8414
8415
8419
227
16612
24804
16613
8422
8423
8424
16617
24809
234
235
8427
24814
238
239
24815
16624
8432
24820
16628
8437
8443
24831
256
257
8450
8451
24836
261
264
24840
16649
24841
8459
24843
8460
8461
269
16653
270
24847
271
273
16658
24850
24851
276
16661
8471
280
8474
24859
24860
284
16668
16669
24865
289
290
291
24867
16676
8484
16678
8487
24873
8491
16685
8493
24878
302
303
8495
304
305
8498
24883
24886
8504
24892
16701
24893
8510
16708
8517
16710
8520
330
24907
16717
8525
334
8529
8533
341
342
16730
346
24926
8543
24928
355
356
357
24933
358
8551
360
24937
8555
16747
8557
16749
365
16750
24943
369
16756
8565
16760
16763
379
382
383
24961
8577
8578
8580
16773
16774
24967
24968
16777
8586
394
16778
16779
396
8588
16781
8590
399
16784
16785
24977
24978
16787
404
8596
24982
407
16793
24986
410
24987
8603
8608
24993
418
419
8612
16805
8615
423
16807
25000
429
8623
16815
431
16816
432
8626
25011
436
25014
25017
8634
16826
442
16827
8636
8637
25021
16829
447
25023
25025
8642
25030
8646
456
16840
16841
8651
459
463
25040
8656
25041
25043
25046
8662
470
16854
16855
16856
16858
16860
477
25054
8671
16864
8676
8677
8678
487
25064
8681
16874
16875
8684
16877
8686
495
16880
16881
25073
25075
16883
16885
8694
503
8699
8701
16893
8703
16897
8705
8706
8707
16900
8708
517
8710
8712
521
16907
25100
16909
16910
25102
16912
25108
16916
8726
8728
25112
16920
25115
8732
25118
8735
544
548
8741
8742
16939
25132
8749
16942
8750
560
16946
16948
564
8756
565
16950
16951
568
25145
570
16954
8764
16956
25148
8766
575
578
8773
16967
25163
25164
8784
16976
8786
8789
598
25174
16984
602
8794
25179
8796
8797
25181
8799
16996
613
25193
8810
25195
622
17007
8816
25201
628
17013
8823
17023
25216
17029
25226
17035
8843
25228
652
17036
25230
17038
17039
8848
658
661
17048
8858
25242
666
17051
8860
17052
668
17056
8864
25250
8867
8869
677
678
17062
8874
682
8875
684
17069
8877
685
686
17070
25263
687
25264
8881
689
25266
17074
694
25270
17078
17079
25272
697
17082
17084
8892
17086
705
17092
17094
8902
25287
8904
25290
17100
717
17103
719
17104
25296
8913
8914
25298
723
8921
25309
734
25310
736
25313
17124
8933
17128
8940
25324
17132
749
751
25329
756
25333
25334
17144
761
8953
17149
8957
8958
766
769
8962
773
774
775
777
779
780
17165
8973
17166
783
25359
17169
8981
8982
791
17182
25376
25377
802
8994
8995
17187
804
25380
17189
17193
9003
9004
9005
17199
17200
9010
25394
821
822
17209
25402
830
831
17215
832
25409
9025
25410
9026
17218
17219
836
837
9030
9031
839
9033
25419
17227
25424
25425
17233
851
17235
9043
852
9046
17238
25431
855
17239
17240
17241
9049
9050
859
25435
17243
9051
9052
17244
860
861
25437
9057
25441
9058
866
867
17255
25449
873
9066
17259
878
17263
25458
883
9076
25466
9083
25468
892
25471
9088
17281
9090
17283
9091
9093
901
9095
9097
905
9098
25484
25485
17298
914
25492
917
25500
925
926
9118
25504
17312
929
25505
930
25508
9125
25509
17317
935
9129
17321
17322
939
25516
942
9138
951
25527
952
9144
17338
9146
9147
957
9150
959
961
9153
9156
25542
970
17355
972
974
17360
25553
17361
977
25555
17364
25557
9173
17368
987
25566
9182
991
25568
9184
25569
17381
25575
25576
1001
17390
25582
25583
1009
9202
9204
1013
1014
9207
1015
17400
9208
9210
1019
25596
9212
17405
25598
9214
1024
9216
25600
17409
17410
1026
1028
25607
17415
1033
9225
1035
25611
17421
1037
1041
1042
17426
1043
9235
9237
17430
9239
17431
25626
17434
9242
17435
17437
25631
1056
9249
1057
17441
17445
25641
25642
1066
9258
17454
25646
1070
9262
1071
17455
1072
1073
1074
9266
25650
1076
25653
9271
25661
9278
25663
1089
17474
9284
25668
17479
17482
9290
17483
1099
9292
17485
9294
25679
25682
25684
17492
17496
25689
9305
17498
9309
25694
1120
25697
17510
25704
17513
1132
25710
25711
9327
25712
9329
9330
25714
1140
1142
9334
1146
25723
1147
17532
17533
17534
17536
9344
9345
25732
17541
1158
9350
9351
9352
25736
9356
25740
1165
9357
17552
17555
1171
25747
1172
25749
25752
17561
25753
9370
9371
17564
1181
25757
17566
1183
9376
9379
25763
25764
17572
9383
17577
25769
9386
25773
17581
1199
9391
17583
9394
1203
25781
1206
9398
25784
25785
9401
17594
9404
25790
25791
1217
17604
9413
9417
1225
25804
1228
1229
25808
1233
1234
25811
1235
9427
9428
17622
9430
17623
17624
1242
17627
1243
9436
1246
9439
1249
9441
9443
25828
9445
17640
25833
9451
17644
25840
1264
9459
17651
1268
25845
1271
1273
25853
17662
25854
25855
1279
9472
1281
25857
17665
25858
25862
17671
9479
17677
25871
17680
25872
25873
17683
25875
1300
25878
17687
1305
25882
1307
17694
25886
25889
9507
1315
9510
25894
17704
9513
1321
25898
9514
17707
17708
9517
17713
1329
9522
17715
17716
1335
25911
25912
17720
1337
1338
9531
17725
1341
25917
9534
17729
25921
9538
25922
17731
25924
1348
9542
17735
17737
25934
9550
25935
25937
9555
17749
25942
1367
17753
17754
25948
9567
17762
17763
25957
17765
25961
1386
9579
25964
17772
9584
25968
9585
1394
9587
17782
25976
17785
1402
9595
17788
1407
17791
1410
9602
25986
17795
9608
17801
25994
17803
25997
25998
26000
1425
26001
9619
26003
26005
9621
26006
17815
9624
17817
1434
17818
17821
9631
1440
9632
9634
9635
17827
17829
26023
1448
17834
1450
1455
1456
17842
9650
9651
1459
17843
17844
26039
9655
17848
26041
26043
26046
1472
9666
26052
17860
9669
17864
1483
26059
1485
1487
26065
26066
9684
17876
1492
26070
1497
1500
1501
17887
17888
9699
1509
17894
17895
17896
17899
26092
1518
26095
1519
17903
17905
1523
9717
1526
26102
17911
9719
26106
26108
17916
26109
17920
26114
9731
1540
26117
17925
9735
17929
1545
9737
26122
17932
17934
9742
26127
1551
17935
1552
26129
9746
1555
26132
17943
17944
17945
17946
26139
9755
1565
17950
9759
1568
17952
9761
17954
1572
1576
9769
17961
26156
17964
1581
9774
9776
1585
26161
17970
26163
9782
9783
17979
9787
26172
1596
1597
1598
1599
17984
1601
17985
9793
1602
17987
26182
17992
17993
26187
26189
26190
1617
9812
18005
9813
18006
26200
1625
9817
1626
26203
1628
26205
9822
26207
1632
9825
18018
26210
9828
18020
26213
1638
26215
18024
1641
26218
18028
1644
18031
1648
9840
1649
9842
26226
1653
18038
26232
26233
18041
1659
1660
26239
18047
9857
9858
26242
26246
9862
26247
9863
1672
18057
9865
9866
18058
18059
26251
9867
1676
18062
18063
26259
18068
9876
26262
18073
1693
26270
1695
18080
26272
18081
18082
9890
9891
18085
9893
9894
1704
9896
1705
9897
9898
1707
1711
18096
1712
18097
1713
9907
18100
9908
9909
9910
18102
9913
1721
9915
18108
1725
18110
9921
18116
26308
9926
26311
1738
1739
26316
1740
1742
26318
18130
1746
9941
1749
26326
9942
1750
18136
26330
18138
1757
1758
18143
26338
26339
18148
26340
18149
18150
26343
9960
9961
26345
1769
26347
1772
26348
9965
9966
1776
18161
9970
18163
26356
1781
26361
9979
18172
9980
1788
26368
18177
1793
18178
18182
26375
9991
1799
1800
18184
9994
9996
18189
9997
18190
1806
1807
10001
18194
18195
1811
18196
18199
1817
1819
10012
10013
18205
26398
18207
26400
1827
26404
18213
26406
18216
26409
26410
10027
18219
10028
26413
1839
10031
26418
10036
26421
1846
18230
18232
26424
1848
26426
1853
1854
18242
1858
1859
10051
26436
18246
26438
18248
18250
1866
26442
1868
1869
10061
18253
26446
10064
18257
18258
10066
26451
18259
10067
26454
26455
10071
10072
26456
18264
1882
10076
10077
26461
10078
1890
26466
18275
26468
26470
18279
26472
18280
18281
10090
26474
1899
26477
1901
18286
18287
10096
26480
26481
18289
1905
18293
10104
18296
1912
10105
18298
10107
18300
1918
18303
26495
18306
26498
10118
26503
1929
26506
1932
10124
10127
18319
1936
1937
26513
10129
18322
10132
26516
1941
1942
1945
10138
18333
10141
18334
26526
1952
18336
26528
18339
10149
18342
1959
1964
26540
10156
1965
18350
1967
18353
26545
26549
10165
18359
26553
10171
1979
10172
26556
26557
18368
10176
18375
1993
10187
26574
18383
18384
26577
26578
26579
10198
2008
26585
18393
26586
26589
26590
2015
10208
2019
18404
26597
18405
2023
10215
10216
26600
18412
2028
2029
26605
2030
18415
2031
18416
26608
18418
26610
2035
26612
18420
10228
2036
18421
2037
10232
2040
10233
26619
26620
10237
18430
26622
10238
18434
10242
26627
18438
2054
2055
10248
2056
18440
10249
2060
2061
18446
10255
26641
10262
26647
2072
18457
18461
18462
10270
26657
26658
26659
2084
26661
2085
10278
18473
26665
18476
2092
2095
26672
2096
26673
10289
2097
18482
10291
2100
10293
10296
2105
26682
18491
26683
10301
18493
10302
10304
26690
18500
10308
2117
18502
18503
2120
10313
2123
18508
26700
26701
18510
18511
2130
26706
2132
10324
2134
18519
18524
26716
26717
2142
18527
10337
18530
26723
2150
2153
18537
18538
26730
10347
2155
26734
10350
10351
18545
10355
10356
18548
2165
10357
2167
18552
26748
2173
26753
18563
18565
2183
10377
18569
2185
2186
18570
18571
10380
2191
18578
10387
10389
26774
2199
10392
26776
18587
26779
26781
10398
2206
18591
10399
26784
26785
26789
26790
10406
2216
10409
26796
2220
18607
2224
10418
10419
2228
18615
2233
26812
26815
18624
10433
26818
18627
2243
2245
18629
26822
2246
26824
10440
18636
26829
26832
10448
18640
18643
2261
26838
2263
2267
18651
2269
26846
18655
10463
26850
2278
26857
2281
26859
2283
18667
2284
26861
18670
26863
10480
2288
26865
2290
26869
10488
26875
26876
18685
2302
2304
26881
18690
10501
10503
18697
2313
10505
10509
18704
10515
2324
26902
26903
18711
18712
10522
10523
2333
26911
10528
26913
26914
18722
10532
2342
2343
18727
2344
26920
2347
18732
10541
10542
2353
26931
2357
10549
18742
2359
18743
26936
2360
18745
2362
26938
18747
26941
26942
2368
26944
18753
18754
2371
26948
18756
18759
18760
2380
26958
18766
2382
2385
10578
18771
10580
18773
26967
2392
26968
2393
18777
2396
10589
10590
2399
18783
18784
2401
26979
10595
10597
18790
2408
2410
10603
18797
10605
26989
10606
18798
10613
18805
2422
10615
2424
27001
2425
27004
2430
10623
2432
10628
27012
2437
18822
27014
18827
27020
27021
18830
27022
27023
10640
27024
10641
18833
27033
27034
2459
18843
10652
27037
2464
10657
2467
27043
10667
2476
18860
18861
10670
10672
18865
27058
2482
27059
18870
18871
2489
27066
18875
10684
2492
27068
18876
27070
10686
2496
18880
2498
10691
2499
18884
2501
10696
27081
2506
10698
10699
27083
10700
18893
10701
18894
2510
2512
18897
10706
2514
18899
10707
18900
2516
2517
10709
18902
27094
2519
10711
27095
10713
2521
2523
10716
2524
18909
18910
27104
18912
10721
27106
18916
2535
10727
2536
18920
18927
10735
18928
10736
18929
27121
27122
10738
18930
18932
2550
18937
2555
10748
2556
10750
18944
10756
2564
27144
18952
18956
27149
10766
2576
18962
2579
27155
18964
10772
2583
27159
10775
18968
27160
18969
2585
10780
18973
2590
18975
27167
10784
2594
2595
10788
27172
2596
27173
18981
2598
18982
27174
2599
18985
2602
27179
10796
10797
10800
2609
27187
2612
2613
2618
10810
19004
10813
2621
10816
27201
10817
10818
27202
10823
10824
2636
19023
27217
27218
10836
19029
2648
10840
10841
2649
10844
10845
10846
2655
2656
10849
2659
19045
27238
19047
27240
19049
27242
10858
27245
10861
19054
19055
10864
27249
19059
2675
2676
10871
2681
10873
10874
2682
2685
27263
19071
2687
2688
10880
19074
27268
2692
19081
10890
27275
10891
10892
10893
2702
19088
10896
27281
2705
10897
27282
27283
19092
2709
27286
2710
27287
10903
10905
19097
2717
2718
19102
27295
2719
10912
10914
2722
27299
10915
27301
10917
27304
10920
27307
19116
10924
2733
10926
10928
10929
10930
2740
2742
27319
2744
2745
27323
27324
19137
19138
27331
2755
19141
27335
27336
10952
19144
10953
19148
2767
19152
27344
2769
10961
19154
2770
10962
2771
10964
19156
2776
19162
19163
27357
19165
27358
27361
2786
10978
10979
27364
10980
2791
19175
10984
2793
10987
27372
27373
27375
27376
10993
27377
19187
19190
19191
19192
11002
27386
11003
19197
2814
19200
27394
19203
19205
19207
11016
11017
19210
27402
11022
2836
11029
11031
27415
2839
2840
2841
27417
19225
2843
27420
19228
19231
19232
11040
27425
19233
11042
2851
27428
19237
11046
19239
19245
19247
11057
27441
27442
11061
27446
2871
27447
11063
11064
19256
2873
19257
2875
19260
2877
11070
27456
2880
11072
11073
19266
27458
27461
27462
11079
19272
27464
11081
19273
19278
27470
2894
19279
27474
19284
2900
19285
11095
19288
2904
19289
2905
11102
27490
27491
11107
27492
19302
27498
27499
11115
27501
2926
27503
27504
27505
2929
2930
27508
2934
27510
2935
19323
2940
11133
27518
11134
11135
11137
27522
11140
19332
19335
11143
11144
19338
2954
19341
11149
27533
2958
27535
19343
11151
11152
2960
27539
19347
19351
27543
19353
27545
2970
19354
11163
19355
2978
27554
11174
19369
11177
27561
27562
2986
19373
11182
2990
27567
11184
2995
11187
27572
19380
19381
11190
27577
3002
27579
3004
19388
19389
19390
27583
11200
27587
19396
11205
3015
3016
3017
11210
19402
27594
3018
3019
27598
3022
27602
19411
27604
3028
27605
11223
27609
27610
27613
3038
3039
27617
3042
3043
27619
19429
3047
11240
11241
3050
19437
27629
27630
11247
19439
19444
11254
11255
11256
27641
3065
19449
19450
27642
19454
27647
3075
27655
19465
27661
19469
19471
3087
27664
27667
3091
19476
3092
19477
19478
27671
11287
11288
19481
11289
3098
27675
11293
19486
11294
3102
27679
19487
19489
27681
3106
19491
19492
11302
19496
3112
11304
3113
19499
3116
19500
19501
27694
3119
3121
19506
27699
3124
27700
11317
27701
3126
19510
19511
3127
3128
3130
11323
11325
19519
11327
27712
19523
11332
19525
11334
27721
11338
27722
3148
27726
19536
11345
27731
27732
27733
3157
11351
27735
3160
27737
11353
3163
27739
19548
11357
11360
27744
3168
19553
27747
19555
3171
27748
3174
27750
19559
3175
19561
19563
27758
19566
27760
27763
11379
19573
11381
27766
27767
3193
19577
11388
27776
3204
19588
3205
27782
3206
11399
27784
19592
19593
27786
19596
27789
11405
3214
19598
11407
3215
19599
11409
11410
3218
19603
3219
27797
11414
19607
27799
19608
27803
3228
19613
11424
11426
27812
19620
3238
19623
3240
27817
11436
11437
27822
3247
27825
27826
19635
11444
27829
27832
19642
3259
11453
11458
27845
27847
3272
11465
19658
27852
11469
3280
11472
11475
27860
11476
11479
11480
3288
3289
11483
3292
3294
19679
3296
27872
19681
27874
19682
11490
27875
11494
11496
11498
11499
19692
11501
11502
19696
3313
27890
19698
27892
3322
19707
3327
11520
11521
3331
27907
3332
11525
19725
11533
3344
19729
11537
19730
19732
3349
27925
11544
3352
19737
19739
19740
3356
19745
3362
27938
19747
19749
11559
27944
19752
27946
19754
11562
11564
3374
19762
11571
27956
27958
27959
11575
3384
19772
11581
27967
11583
3392
3394
27970
3395
27972
3402
11597
27982
27983
3408
3409
27986
11602
27988
19797
27990
11611
11614
11615
28000
28002
19813
28005
11623
3431
11624
28008
19816
19817
11625
28010
19818
3434
28011
3436
19822
3440
11632
3441
11634
3443
28020
19829
28022
19830
28024
28025
3449
19834
3450
28028
3452
11646
3454
19838
11647
11648
19841
19842
11650
3459
28036
28037
3462
28039
19849
11657
3466
28042
28043
3468
3469
19854
3472
3474
11666
28050
19858
19859
11667
3477
19864
19866
11677
3486
11678
28063
19873
28065
11684
19877
19878
28071
28072
11688
28079
28081
11697
28083
11700
19896
3512
11705
19898
19899
3518
11712
3521
3524
19909
3525
28101
11717
11718
19910
3527
11720
19912
3530
3531
19916
11725
28112
3540
19925
28118
19927
11735
11736
19931
19937
3553
19938
28130
28133
19944
11752
28136
28137
11758
19950
11759
11762
11763
28148
28150
3574
28153
3580
28157
3581
11777
19972
28165
19977
11786
19980
11788
3597
28175
19984
19985
3603
19988
11797
19991
11801
11803
28188
11804
19997
3615
11807
20000
11809
11812
20004
20007
28200
28204
20013
3629
11822
20015
20016
28208
11825
11828
28213
11830
28214
11831
20023
3641
11833
28218
11834
3642
20030
3646
28223
20036
11846
20039
20041
11850
3660
28238
20047
3663
20048
28240
20050
28242
11861
20056
3673
3675
11867
3676
3678
20064
11873
20066
28259
3684
20077
3696
11894
11895
20089
3707
20093
11901
3709
11904
20096
11909
11915
3724
11916
3725
20111
3728
20114
11922
20115
3732
3733
3734
11928
20121
20123
11932
11935
20128
11936
3745
20132
3748
3751
11945
11948
20140
11950
3758
20146
11954
20147
3765
3766
11959
11964
3773
3774
3775
11968
20160
3777
20168
11978
11979
20172
20173
3791
11987
11989
11990
20183
3800
11993
3801
20186
11994
11996
3807
3809
20196
12005
12008
3816
12011
12013
3823
12015
20210
20211
12021
20216
20219
20220
20221
12030
3838
20227
20231
20235
12044
3856
20241
12049
12051
3860
20244
12055
20248
3864
3865
20251
12063
12066
12067
20259
20260
20263
3881
3883
20270
20274
12084
20276
3893
12086
3895
20279
12095
12097
3905
12098
3907
20293
12102
3912
12105
20297
3916
12108
20300
12109
20301
3917
20303
3920
12113
12115
12117
3926
12122
20314
12124
20317
12127
3937
3939
20323
3941
3943
12135
20328
3944
20329
3945
12137
12138
3947
12141
12142
20335
20337
3954
3955
12148
20340
12151
12153
20347
20349
3970
12164
20356
3972
12167
20360
3976
20362
20364
12173
3981
20366
3982
3983
3986
3989
12181
12182
20376
12184
12186
20382
3998
20383
4000
4005
20389
4006
4008
20394
20398
4014
20400
12210
4021
12213
12214
4023
20409
4026
4029
12221
20413
4030
4031
12226
4037
20421
4038
4039
4040
4043
4046
20431
12240
20432
20433
4049
12241
4052
12245
4054
12246
20440
4058
20449
20450
4068
4070
4071
12264
4073
12266
4075
20460
12269
20461
20462
4080
12274
4085
12279
20473
12281
12282
12283
12285
20480
12289
12294
20488
12296
4105
20490
12301
20497
12306
20501
4118
12310
4122
4124
20509
4126
20513
4134
4135
20521
4139
20523
20524
4143
4146
12339
4150
20535
12346
12347
4155
20540
20541
20542
20544
4161
12356
4165
4166
12358
12361
20553
4170
12366
20558
4175
20559
12367
20560
20561
12369
4178
4179
20565
20566
20569
4186
12378
20570
20571
12385
4194
4197
12389
12390
4201
20585
4202
4206
4207
12402
12403
12404
4213
12407
4217
12410
12411
4220
12415
4223
12416
20610
4227
4229
12422
4230
12423
20615
4234
12428
20622
20623
4239
20624
12435
20630
20631
4247
4248
12441
20634
12444
4253
20638
4255
12447
12450
12452
20646
20648
4266
4271
20659
12469
20662
12472
4280
4284
20668
12477
12479
20673
12481
20675
20676
4295
4296
12488
12489
20683
4300
12494
4302
4303
20687
12497
4308
20693
12502
12505
12506
12509
12510
4318
20705
20706
12514
4322
20708
4326
12518
12519
20712
4328
20716
4334
12528
20720
12530
4340
12534
12535
4343
4345
20730
12541
4351
20735
4352
4360
20745
20747
12556
12558
12559
4370
12563
20757
12566
20758
4375
4377
4378
4382
4387
4388
20773
12583
20775
20777
20779
12590
4400
20784
12593
20789
12597
12599
4407
12600
4409
4411
12604
20796
4412
20797
4413
4416
12610
4419
12612
12615
20807
4425
12618
20810
4427
4432
4434
12626
12627
4436
4439
12631
12633
4442
20828
20832
20834
20835
4452
20836
20837
12650
20844
12655
20847
4464
4466
4467
4468
4469
12662
4471
12664
4472
20857
20858
12666
4479
20863
20864
12673
4484
4495
4503
12697
12698
4507
12699
20892
4511
4514
12707
4516
20910
12720
4531
20916
12729
4541
20926
4542
20927
12739
20932
12740
4550
20939
4558
12751
4560
12753
20946
4563
12755
20948
20950
12759
4567
20954
4572
12765
12767
20961
12770
20962
4580
20966
4583
12781
4589
12782
12783
20977
4596
4597
20982
12791
4599
12793
4601
12798
20991
20995
20997
21000
12810
4622
12815
4626
12819
4629
12822
12823
21015
12824
21018
12826
12828
21020
4636
4637
4639
12832
21024
21029
12838
4647
4649
4650
12842
12843
21035
4651
4652
4653
4654
12846
21039
4656
4659
4660
12854
12858
21055
12863
4672
12865
21057
4682
21066
21067
12876
4685
4686
21071
12881
4690
21075
4692
21076
12884
21078
4696
21082
4699
12891
21086
12897
4707
4711
21095
21097
21098
4714
4715
4718
21103
4723
21107
4724
21111
12921
4729
21115
4731
12924
4732
12925
12927
4736
4739
12935
21128
12938
4748
21132
12941
4749
21135
4751
12946
21142
21144
12952
12953
4763
12955
21149
12958
12959
12961
4772
4774
4776
4779
4783
12977
4785
21169
12979
4788
21172
21173
21177
4794
4796
4801
12994
12996
12997
21189
4809
13003
4812
13009
4817
21201
21202
13016
13018
21210
4827
21212
21213
21214
13023
21215
4832
21219
13027
13028
21220
4838
21226
13034
13035
4844
21231
4851
4852
4853
21237
4854
13046
4856
13048
21242
4859
13051
21246
21248
21249
4865
21252
13060
13061
4870
4871
21257
4873
21259
4876
4877
21261
4878
21263
4881
13073
13076
4886
13078
21270
4887
4890
21274
13083
4892
13084
4893
4895
4897
4898
13091
13093
21289
13103
13104
13107
4917
21302
4922
13114
4925
21310
13118
13119
4928
13121
13122
21315
4934
4938
21324
13134
13136
21328
13137
4946
13138
4947
4949
21336
21337
4953
13146
21341
21342
4960
21346
13154
4967
21352
4970
21355
13166
4975
13169
4977
21363
13172
21365
4982
21369
4985
13177
21371
13179
4987
4991
13185
4996
21381
13190
21383
13191
21384
13193
21388
5004
5006
13198
21391
13201
5011
5016
13212
13213
21405
5023
5024
21413
13223
21417
21418
5034
13232
5041
13238
5047
13240
13242
21434
5051
21438
5058
13257
5066
21451
13259
13263
5075
21460
21465
5082
5087
21471
13281
5089
21473
21484
21485
13293
21486
21490
13299
21496
13305
21497
5113
13306
5114
5117
5119
5120
21505
5123
13319
21511
21513
13324
13326
5137
13329
21523
13332
5140
13334
13336
13337
21530
5148
13342
5156
21544
5161
5162
13355
5165
13361
21554
13363
21555
5173
5174
21559
21560
13369
5178
5179
21563
5181
13378
5188
5189
21574
5194
5196
21580
5199
5204
21589
5206
5207
13400
21594
13402
13403
13407
13410
13411
5220
21604
5224
13416
13418
5230
13423
13426
21618
13428
13429
13430
13431
21625
13433
5241
5243
21629
13438
13440
5248
21634
5251
21638
5254
21639
5255
13449
13451
5261
5262
21647
13456
21649
13459
5269
13462
21654
5271
5275
21659
5278
13470
21663
13475
5284
13476
21671
5289
5290
21678
13487
5296
5297
13490
21683
5299
5302
21687
21688
13498
13499
21692
5309
21699
21701
13510
21702
21704
5320
13512
5323
21707
21710
13518
13523
21716
13526
21718
13527
21722
5341
21726
13535
13539
5350
5351
5353
5355
21740
13548
21742
5358
13551
21746
5366
13559
13561
13564
13569
21761
13571
13573
5383
13575
5389
13583
13584
13586
5396
13589
21781
5398
13590
5399
5401
13593
21786
13596
13601
13602
21794
5411
21799
13610
21802
5418
13611
5419
21805
5424
13618
21810
21811
5427
5428
5430
5431
21817
21820
13629
13630
21823
21824
13632
21825
13634
21829
5447
21831
13640
5453
5457
21845
13653
5464
21848
21849
5468
13663
13665
13667
13669
21861
21862
5480
13673
5481
21866
13675
21870
5486
21872
21874
5492
13686
21879
5496
21885
5502
21886
21887
13695
5504
5506
13698
5507
21893
5510
13703
5513
13706
13707
5517
5518
13714
13715
13717
21914
13722
13724
5532
5533
21919
13728
5536
21921
21922
5538
5539
21925
13733
5542
13735
21929
13738
13742
5551
13745
13746
21938
13752
21946
5565
5566
21951
21957
21958
5576
5577
13770
21963
5580
13774
21970
21973
13783
21975
5592
21977
21980
21984
5602
21989
13797
21991
13800
13801
5613
13808
22001
22002
22004
13812
22006
5627
5628
22013
13824
13826
5636
22020
22023
22024
13832
5644
5645
5647
22032
5648
13840
13843
22035
5655
5656
5660
5661
22046
13854
5662
22047
13857
5669
13863
22055
22056
13868
13869
5678
5682
13874
22066
22068
22069
5687
22071
13880
22072
22074
5691
22080
22082
5698
13890
13892
5700
22084
5704
13896
22089
5705
13905
5713
5717
13909
5720
13913
22105
22107
5724
5725
5726
5727
22112
13920
5729
13924
13926
22119
5735
22122
22123
13934
13935
5745
22129
5746
22131
13940
5749
13943
5751
13949
5757
13950
22142
5760
13957
5766
5767
13960
13961
13962
5775
13969
13970
22165
5782
13975
5784
13976
13977
5787
22173
5789
5791
22175
13985
13986
5794
13987
13988
5796
5798
22183
5800
22186
22191
14005
14006
5817
22202
5819
5822
22206
14015
14016
22209
14017
5825
22210
14019
5830
14022
5831
14024
5834
22219
22221
22222
22223
14032
22225
5843
14036
22233
5849
22236
14045
5858
14050
14053
5863
22255
14063
22256
14064
14067
5875
22261
14069
22266
14074
5885
14080
5889
5891
22276
14086
14088
22281
22284
22287
14097
5909
5911
22295
22296
22297
5913
14106
5916
14111
5919
22306
5925
5926
22311
14119
5928
14120
5930
14125
5936
22321
5938
14133
5941
14135
5943
5944
22330
14139
14145
5955
5958
22346
22349
14158
5966
5968
14160
22356
14164
5973
22359
5977
5979
14175
22370
14179
5988
22373
5990
5991
22376
14185
14187
14189
22383
14191
14192
6002
6003
14199
14203
14204
6012
14205
14206
14213
14214
6022
22408
22411
22412
14223
6033
14225
6034
6036
14229
22422
6040
14233
22427
22428
14236
6045
22432
6048
6050
22434
14246
22439
22440
22441
14251
6060
14254
6062
22446
14259
22451
6071
6072
22456
14265
6073
22459
6075
22460
6077
22465
14274
6083
14275
14277
6091
14285
22478
14287
6095
14289
22482
14292
6102
6107
14303
6113
22497
14306
6115
14309
14310
22503
22504
14312
14315
6123
14318
14319
6127
14323
6132
6133
6134
14329
14331
6139
14332
6142
14334
6143
6144
6145
14339
22542
22544
14353
22546
6163
6165
14357
14359
6168
6169
14364
22556
14366
6175
22563
14372
6180
14373
22565
22570
14379
14380
22572
14381
22573
22574
14382
6191
14384
14387
22583
14391
14392
22585
22586
14394
22588
14397
22589
6206
14398
22590
14400
22592
14406
22598
22601
14409
14411
22603
6221
22607
6223
14416
6225
6227
6228
6229
14421
22614
14422
22617
22619
6236
22621
22625
6241
6246
14439
6247
6250
14443
6253
22638
22639
6255
22641
14450
14451
22644
6260
14454
14455
14456
22650
6266
6268
14461
6271
22655
22657
6273
6279
14478
6288
14483
6291
14484
14491
22683
22685
14494
14498
22690
6308
14507
14512
6323
14519
6328
22713
6330
22714
14524
22718
22722
14531
22725
14533
14534
22730
14538
6348
14542
6352
6355
22739
22743
14552
14553
6362
6363
22749
14558
6367
14560
6371
22756
6372
14566
14567
6375
14574
14576
14577
14578
22774
14583
6391
14584
22777
14585
22782
14591
22785
22786
22788
14596
22789
6407
14603
22796
6416
6419
14611
14613
22806
22809
14617
6426
22810
6427
22815
22817
22819
6435
22820
6436
14630
6438
14631
6439
6440
14632
6441
22825
14639
22831
6448
14640
14642
14643
14645
6453
22839
6457
22841
14650
6462
22849
22851
22852
6470
22854
14662
22855
6472
6475
22860
14668
14669
14672
22865
14673
6483
22871
14680
14683
6491
14685
22877
14688
14689
22882
22885
14696
6509
14702
22896
6513
14706
22899
6515
22901
22902
14712
22905
6521
6523
6524
22908
22909
6525
22912
6529
14721
22913
22920
14730
14732
6544
22931
22933
6551
14745
14747
6557
6558
14750
22943
22945
14754
6564
6565
14757
22953
14763
22957
14765
14766
6576
14768
22967
14775
14782
14787
6595
14793
6601
14795
6603
14798
6609
6611
6612
14804
22997
6613
6616
6617
23001
14810
6628
14820
6630
14825
14826
23019
23020
23022
23029
14837
23030
14838
23036
6652
14844
6654
23038
14846
23040
14849
14850
14853
6665
23049
6666
14859
23052
14861
6672
6673
14866
6677
23064
6682
14874
23067
6684
14876
6688
23073
6692
14886
6694
6697
23081
6699
14893
23085
6702
14897
23090
14899
23091
14900
14901
14902
6711
14907
23101
23102
14911
23104
6722
6724
6725
14917
14919
14920
14922
14925
14927
23120
23121
23122
6741
23130
23131
14939
6749
23135
23136
14944
23138
14947
6755
14948
14949
6759
23143
14951
23147
6764
14958
14960
23152
14964
23157
14965
23160
6777
14969
6778
14971
23167
14976
6784
23170
6790
23174
14985
6794
14990
6799
6801
14995
23189
23191
14999
15001
23194
15003
6811
15004
23196
23199
6815
6816
15010
6818
23202
15011
15013
15014
15015
23207
6823
6827
15019
23211
6828
23213
6830
15026
6837
23222
15033
6844
23228
15037
23230
15040
23233
6852
23239
15048
6859
23248
15060
15062
6872
23258
23259
15068
6877
23262
15070
15072
23268
6884
23269
6889
6896
15089
6898
23284
15092
23287
15097
6906
6909
23293
23296
6913
23298
6914
15107
23300
15109
23302
6919
23305
23308
6925
15121
15122
6935
23320
15132
23325
15133
15134
6942
6943
23328
15137
23331
23332
15141
6950
23335
6953
23338
15147
6955
23341
15150
23343
23345
6961
15154
15155
23347
15158
15160
6969
6971
6972
15166
23360
15169
15171
6979
6981
23365
15174
23371
15180
15181
15182
15184
6993
15186
23380
15191
6999
7002
15195
7004
15196
23389
23392
15201
23394
15204
23396
7014
7015
15208
23400
15210
7018
15211
23403
23404
7024
23410
23411
7028
15221
15223
15224
7034
23420
15228
15229
23422
7042
7044
23431
15239
7056
15249
15250
7059
23445
7063
7065
15259
23452
23455
7076
23460
23461
7079
15272
23466
15275
23468
15277
23470
23473
7089
7090
15284
15286
15287
15288
23483
23485
7102
7103
7104
15296
23489
23490
7106
23491
23492
7110
23497
15306
7115
7118
7127
7128
15329
7137
7138
15331
23523
23524
7142
7143
15337
23531
15342
23535
7152
23537
7153
15345
15346
15347
23541
15351
23544
23545
15354
23547
15357
7165
7167
23552
7169
15362
23555
7172
15366
23558
15369
7178
7181
15380
15383
23578
7194
7195
23579
7199
15391
23585
23590
15400
23594
15404
23597
23606
15416
23608
7227
7232
23620
23621
7238
23622
15432
15435
23628
15437
15439
7247
23635
7253
7254
23638
7256
15448
15451
7260
15453
15456
23649
15457
7265
7267
7269
15462
7271
7275
15472
23665
15476
23668
23673
15482
7290
23679
7297
7300
23687
15496
15498
7306
15500
23696
23700
15509
7320
7321
7322
7323
7324
7326
23710
15520
7329
15521
23714
7338
23723
15532
23726
7342
15535
7345
15537
15538
7347
7348
23732
7349
23737
23739
15549
15551
23744
15552
23746
15554
15556
23751
23752
7374
23761
7377
23767
7385
15577
7386
23771
23772
15580
23773
23775
7392
7393
15587
23786
7403
23789
15597
7409
15601
23794
23795
7411
7413
23798
15606
7414
7415
23800
15609
7422
23809
7426
23812
15621
15622
7433
15625
23817
7434
15627
23819
23824
15636
7445
23832
7451
7452
23839
23840
15653
23846
7462
15655
7463
23847
23848
23849
7467
15660
7469
15661
23856
15665
23858
7474
15666
7475
23864
7481
15673
7482
23869
23870
7487
23872
7488
15681
15684
23876
23877
15685
23879
15688
23882
15691
23884
7502
23887
15695
15697
23891
15712
15713
7522
15716
7524
23912
15721
23915
7532
7533
23917
15726
23918
15727
23921
15730
23923
15735
23928
7544
15738
15744
23937
15747
23941
15750
23944
7561
15753
7565
15758
15759
23953
15764
7575
15768
7576
15771
7585
23969
15779
23972
7589
7593
23977
7594
23980
15794
7603
15797
23989
7607
15799
15802
15805
7618
7622
7623
24010
15819
24013
15821
24014
7633
24018
7635
15829
24024
15832
15834
15835
15838
7646
24031
15839
15843
24035
15845
15846
7656
24040
15849
24043
15851
15854
7663
24051
7670
24061
24063
24064
7682
15874
7683
24068
7685
15878
7687
15879
15880
24075
7692
15884
7693
7694
24078
15889
15890
7701
15894
24088
7706
7707
24092
15903
15904
15905
15906
15909
7717
7718
7722
15914
24108
15916
24114
15922
24115
7731
15924
24117
24118
24121
15933
15934
7742
7744
24129
15937
7747
7748
15942
15943
7751
7752
15945
7753
24138
15946
7756
15949
7757
15952
24147
7765
15958
24151
24152
15961
15963
15964
24159
24161
15970
7779
7780
7781
24165
15974
24167
24172
7790
15988
24180
7798
24183
7801
24186
24189
15998
24190
16000
7809
24194
16005
7814
16008
16010
16013
24205
7821
7822
16014
24207
7824
7829
16021
7831
24216
7832
16026
24218
24219
16028
24220
7837
24221
16031
7839
7841
7843
24228
7845
16038
16041
24238
7854
16046
7855
7856
16049
7860
7864
16058
16060
16061
24253
16063
7871
24257
7874
7879
24264
7880
16074
7891
7892
7893
24277
16085
7894
16087
16088
7896
16089
24281
7898
7899
24283
16092
16096
24290
16099
16100
16101
16102
16104
7912
7914
16106
24299
7915
16108
16111
16112
7923
16116
24309
24310
16121
7929
24314
7931
24317
16125
7936
16130
24322
16133
24326
24327
24328
16137
7945
24330
7948
16141
7951
24338
7954
16148
7958
7960
24344
16155
7965
24350
7970
24354
16163
24355
16164
16165
16166
16167
7976
7977
16169
7978
24362
24363
24366
7983
7985
24373
7992
24376
7993
7994
16186
7995
24381
16190
24382
8001
16193
24387
24388
24392
16202
24395
16206
8015
8016
16211
16212
8020
8025
16218
8029
24415
8031
24416
16230
16231
24424
8040
16234
16239
16242
8050
16245
8054
16247
24439
8055
16248
16249
8058
8060
24446
24449
8066
16259
8067
8072
8076
24460
16268
16269
8082
24468
24471
24473
8091
24476
16285
8093
8097
16292
24485
16294
24487
16302
24494
8110
8112
24497
16306
24501
8118
8121
24506
24507
16319
8132
8133
8135
8136
8138
24523
8140
16333
24525
24526
24527
16336
8150
16343
8156
16348
24541
24543
8162
8163
8165
24550
8169
8171
16364
24556
24558
8174
8180
8184
16381
24575
16383
11
128
225
390
264
457
170
203
443
429
478
383
1.03