407
1025
1026
2050
2051
3
5
8
2056
9
1035
2060
13
1040
2065
2066
2069
22
2072
28
1054
1055
2079
1056
2081
1058
1060
2089
1065
2091
1069
46
47
2098
1075
54
56
1084
2112
2119
71
1097
2122
1103
1105
1106
2131
83
86
2136
88
2142
2144
97
2145
100
2149
1126
2150
2156
1135
112
1137
118
2168
2169
1147
1150
1151
1152
1153
2182
1160
140
2189
1165
142
144
1169
2193
148
1175
1176
154
157
159
162
1188
165
1190
1195
2220
2225
2226
1203
2231
1213
189
2239
2243
198
1228
205
2255
208
1233
1234
2262
215
2264
1241
2267
1248
225
1250
228
2276
230
1256
233
1257
2282
1259
1260
2286
241
1265
2292
253
254
2303
2304
1280
257
1281
263
267
2316
2317
1294
270
2319
272
1296
274
1301
2327
283
2334
289
293
2341
2343
1319
1321
297
1322
2346
2347
304
308
1332
2358
316
319
2368
1345
1346
2371
1349
329
2377
331
1359
2384
337
2385
1366
1369
2394
346
1370
1371
2396
349
353
355
1379
356
358
1382
2407
2413
368
2417
369
1395
372
2422
2423
375
1402
2431
1410
2435
2438
390
1416
393
2441
2443
2446
1426
404
409
412
419
423
429
1454
431
433
1458
1464
1466
443
1467
445
1472
450
453
456
1482
458
1483
459
460
468
469
472
1496
1498
480
481
1507
503
1528
1529
1531
1534
1537
518
523
1552
529
1555
1564
543
1568
1570
1571
548
1574
558
1583
1588
1593
1595
1606
1611
1614
597
614
1643
625
628
1654
1657
1660
638
1664
1665
642
1670
648
1673
1674
1676
1680
657
658
1685
663
664
666
1690
1691
667
1692
672
674
1703
679
681
1706
1710
689
1716
697
703
1738
1741
718
1742
1744
727
1759
735
741
742
1766
743
1771
1773
1781
1784
761
764
766
770
1798
1799
777
1805
782
1807
784
785
1810
788
1814
1818
801
802
1827
804
1829
808
814
1843
1845
825
1850
1855
1864
842
1871
849
1877
1882
864
869
871
1899
876
1902
883
1911
887
1913
890
1915
1917
1923
1928
911
912
918
1944
1950
932
934
1960
1965
943
1970
1974
1976
1977
1984
961
1986
963
966
1993
973
975
976
2011
993
2018
1004
2033
2034
2035
1018
1021
2047
17
96
1
34
101
6
134
8
138
107
143
48
112
18
53
86
59
125
0.13