872
2049
2050
2051
5
2055
8
9
2059
2062
14
16
2066
2070
2071
26
2075
30
2079
31
2082
42
44
2094
2095
52
53
2104
57
2108
64
2115
68
2117
2120
2124
77
2125
2126
2128
2129
83
2132
86
2137
93
2143
2144
2145
98
2148
102
2151
104
105
2155
108
109
115
2164
119
120
122
124
2173
125
126
2176
131
133
2181
135
2185
2186
138
140
142
143
144
145
146
149
2197
151
2200
2201
155
2203
2205
2206
2207
159
160
162
163
165
2214
166
2215
2216
169
170
2218
171
175
178
2226
2227
2229
181
2230
2231
183
2232
186
2235
2237
190
195
197
2245
198
201
202
204
2255
208
2259
2264
219
2267
2269
2271
223
225
2275
2276
228
230
234
2282
2285
238
2287
239
240
241
2290
2292
244
245
2294
246
2295
248
2296
249
2298
2300
252
253
255
2303
2305
257
2306
2307
2309
263
2312
2313
267
2315
268
2317
270
2319
275
2326
279
2327
2328
280
2332
2333
285
2335
2337
2338
291
2339
2340
2343
295
297
2349
302
2351
2354
2357
309
311
2361
315
316
317
2365
2366
321
2369
2372
2373
326
328
330
2379
332
2381
336
337
2386
2388
341
2394
2395
2397
349
350
2399
352
354
2403
357
359
2409
363
2412
364
2413
365
367
2416
2417
2418
371
373
2423
376
378
379
2430
385
388
2436
2437
390
2439
392
395
2444
397
398
2447
2448
401
402
2453
406
2455
412
2461
2465
2466
420
2469
2470
422
423
2473
2474
2475
428
429
2480
432
2482
434
2484
2485
440
2488
441
2489
2490
2494
446
2495
2497
450
2499
2500
452
453
2502
455
456
2506
2507
459
460
461
2510
2511
2512
465
2513
2514
2516
468
2520
472
2521
473
2522
474
2523
477
2526
478
2529
482
483
484
2532
2533
487
488
489
490
491
2541
493
494
2543
2544
497
499
501
2550
503
506
508
509
2559
2561
514
515
2563
516
2565
519
2567
2569
521
522
2576
531
532
535
2586
2587
539
2588
541
2589
542
2591
548
551
552
554
2603
557
559
2612
564
567
572
2623
2624
577
579
580
583
590
591
594
596
601
602
603
612
613
617
618
624
625
626
629
631
633
638
646
647
651
652
653
655
656
659
661
662
668
670
672
673
674
675
684
688
690
691
692
694
698
707
708
712
713
714
715
720
725
729
730
731
735
736
738
740
741
744
745
746
749
753
761
764
766
768
769
776
777
781
783
786
787
796
799
802
804
807
808
812
813
817
819
823
824
825
826
830
832
835
837
843
846
851
853
855
860
861
864
867
869
872
876
877
880
884
888
892
893
895
899
901
904
910
911
912
920
923
926
928
932
934
940
953
955
956
957
961
962
967
968
970
975
979
984
986
989
990
993
994
996
997
998
1001
1002
1007
1009
1012
1018
1024
1027
1028
1034
1036
1037
1047
1056
1061
1062
1063
1065
1066
1088
1089
1092
1093
1096
1099
1100
1101
1102
1103
1107
1109
1112
1113
1121
1130
1134
1137
1139
1141
1143
1146
1147
1149
1150
1153
1159
1162
1163
1164
1177
1178
1181
1183
1186
1189
1190
1192
1202
1206
1207
1208
1215
1220
1221
1225
1226
1229
1230
1235
1239
1244
1245
1246
1248
1249
1253
1254
1259
1260
1263
1264
1266
1278
1280
1288
1291
1294
1306
1307
1308
1309
1314
1320
1321
1322
1328
1331
1334
1335
1342
1343
1344
1346
1353
1356
1357
1360
1362
1374
1377
1381
1385
1396
1399
1400
1402
1409
1411
1412
1414
1418
1421
1423
1426
1429
1434
1435
1441
1442
1445
1448
1449
1453
1458
1460
1461
1463
1464
1465
1466
1470
1474
1475
1477
1484
1485
1492
1494
1499
1500
1502
1503
1505
1510
1513
1516
1517
1518
1519
1520
1521
1527
1528
1530
1534
1537
1539
1544
1552
1554
1555
1562
1564
1565
1570
1571
1575
1581
1582
1584
1585
1589
1592
1594
1596
1600
1602
1604
1607
1608
1613
1619
1622
1627
1628
1630
1637
1638
1642
1643
1649
1650
1654
1655
1656
1658
1659
1661
1663
1666
1667
1669
1677
1681
1685
1686
1688
1691
1694
1695
1696
1698
1704
1706
1712
1714
1717
1718
1721
1723
1728
1729
1731
1732
1733
1736
1739
1740
1741
1743
1745
1748
1760
1764
1765
1767
1771
1773
1776
1779
1780
1783
1784
1786
1788
1791
1793
1794
1795
1796
1797
1803
1808
1810
1811
1816
1818
1825
1828
1832
1834
1837
1842
1843
1844
1846
1849
1850
1854
1855
1856
1858
1860
1863
1867
1868
1869
1871
1876
1877
1885
1887
1891
1892
1897
1900
1901
1908
1910
1911
1918
1920
1922
1924
1926
1929
1935
1939
1952
1959
1963
1964
1965
1970
1972
1974
1976
1984
1987
1988
1992
1993
1994
1997
2001
2006
2007
2012
2022
2028
2037
2039
2041
2045
2046
2047
28
131
5
134
7
72
73
78
81
146
83
84
23
28
157
95
32
96
99
39
43
107
110
46
112
56
57
122
123
