620
1026
2
1027
4
5
7
1033
1035
12
1040
17
20
22
23
1048
1049
28
1053
33
1058
1060
38
1062
39
1063
1065
1066
43
1067
1071
1076
1077
53
1078
1079
1080
57
1081
59
60
61
62
63
1091
68
1092
69
1093
1094
73
76
1102
79
81
83
1108
1109
1110
86
1111
88
1112
1113
90
91
1125
1126
106
1130
1131
1137
113
115
1139
116
1141
119
1143
1144
122
1146
1149
125
127
129
130
132
134
1159
1161
1162
1163
140
1165
1166
1167
1168
146
147
149
1174
150
1176
154
1178
1179
1180
157
1181
1182
159
1184
1185
1186
164
166
1190
167
1191
1192
168
169
170
1196
176
1200
177
178
179
1204
1205
1207
185
187
1211
188
1212
189
1215
192
1216
194
1219
1220
1221
197
1222
1223
1225
1227
1228
1229
206
1230
207
208
1232
212
214
1238
1239
215
216
1241
218
1242
1243
221
223
1248
225
1249
1250
227
1251
228
1254
1255
231
233
1257
234
236
1260
238
239
1264
241
243
1267
1269
246
249
1273
250
1275
251
1277
254
256
1280
260
1287
264
265
266
267
1294
270
1296
273
1297
275
276
1300
277
1303
1304
1305
282
1306
283
284
286
1310
1311
1313
290
1314
1315
1316
1317
1318
295
1320
296
298
1322
299
1326
302
1327
305
1332
1334
1336
1337
315
317
1342
320
1344
321
1345
1346
1347
326
328
329
332
333
1357
1358
1359
1360
337
1361
1362
1363
1364
1366
1370
1371
347
352
355
356
1380
1381
1383
1384
362
1386
1389
366
1392
1393
371
372
1396
373
1398
375
1399
376
377
1402
380
1406
382
1409
1410
1411
387
1413
390
1415
394
396
397
398
1422
1423
400
401
402
1426
1427
1430
1432
408
410
1435
1437
1438
1440
418
1446
423
1447
1450
1451
427
1453
430
1454
1455
431
432
1456
433
1458
437
438
1463
440
1468
445
1469
447
448
1472
449
1474
451
1476
1478
454
455
456
1480
459
1484
460
1485
1487
463
1489
1491
468
1494
1495
471
472
1498
475
477
480
1504
1505
483
486
487
488
489
490
1514
491
1515
1518
1520
1521
498
499
1523
504
1531
507
1532
510
1535
512
513
514
1538
515
1541
517
518
1542
1543
1544
521
523
1547
1550
1552
528
531
535
537
1562
539
1564
541
542
1566
546
547
1572
548
550
552
1576
553
1578
1579
1582
1583
1586
564
565
1590
568
1592
1595
578
581
582
586
588
590
593
594
596
598
600
602
604
606
612
615
621
622
623
624
626
630
631
632
635
638
640
642
647
652
654
662
663
665
668
673
677
680
686
687
689
696
698
701
703
705
709
714
716
718
721
724
729
730
738
739
745
746
747
748
754
757
760
762
763
764
766
769
772
773
776
780
781
782
783
784
787
788
791
792
795
798
801
802
807
808
812
813
815
816
818
820
826
832
833
838
843
847
848
849
851
852
853
855
858
860
864
865
866
869
873
875
876
877
879
880
882
883
893
896
902
903
904
905
906
907
908
909
910
914
915
919
924
927
931
932
937
942
948
951
952
953
957
960
961
962
963
965
966
968
970
973
975
976
977
978
981
982
983
984
985
987
989
993
994
997
1001
1002
1007
1009
1011
1019
1020
1021
139
0
256
257
1
2
3
4
260
9
266
267
13
16
273
18
19
275
20
21
22
279
23
280
281
25
27
283
285
30
288
33
289
35
36
293
294
39
295
296
298
42
300
45
46
47
50
308
53
309
311
62
63
65
322
323
67
324
68
327
333
77
334
78
79
80
81
337
338
339
83
341
342
86
343
88
345
92
96
354
98
105
363
109
110
111
368
113
114
115
373
374
379
124
380
125
127
131
138
140
144
147
153
157
158
163
167
168
169
170
173
177
182
184
185
186
188
191
197
199
200
202
203
205
211
212
215
218
224
225
226
231
237
239
240
241
243
251
253
255
