132
0
768
1
513
769
259
518
264
520
10
11
524
269
17
20
25
538
283
30
291
292
804
553
809
41
810
301
813
302
46
560
562
50
307
820
309
54
824
825
315
571
316
828
833
66
323
584
330
588
79
850
341
598
342
344
603
352
354
355
611
869
359
107
109
111
879
368
113
627
885
631
375
636
126
897
385
643
131
134
394
651
140
397
399
659
404
406
160
164
682
939
947
180
184
956
451
452
709
968
201
457
460
716
973
464
976
468
472
730
474
732
476
221
990
484
996
742
231
488
491
747
749
1005
1007
754
498
499
244
759
504
1020
510
46
320
66
323
67
68
69
199
200
8
202
138
79
336
146
210
338
20
21
213
277
22
278
280
157
158
351
160
352
34
290
99
227
169
365
238
239
47
113
115
116
308
52
53
55
188
62
