472
2048
1024
1
1025
6
7
8
1033
12
1036
1037
1038
2062
14
15
2063
2065
1041
18
19
21
24
1050
27
29
31
33
1060
37
1063
40
1065
1066
1067
1070
2094
1074
54
1078
1079
56
1080
2104
57
1081
1083
60
1084
2109
1085
2111
1087
63
66
67
1092
72
1100
76
77
79
81
1105
1107
1109
1113
2137
2139
91
95
2143
97
2146
100
1127
2152
105
2153
1130
106
2156
1132
1133
1134
2158
110
113
2164
117
2166
1142
120
2169
1145
1147
2172
2174
129
1154
133
2181
2183
138
139
1167
1171
152
158
165
1196
1197
174
178
1203
1205
1211
194
1219
196
1221
200
201
1226
203
204
206
1231
1233
1234
1237
224
225
1251
231
1257
234
236
1270
247
1273
251
1277
1281
257
1284
1285
1287
263
1290
267
1294
273
1297
277
279
282
284
1308
287
1312
1317
294
297
1325
1326
1327
306
308
1334
311
314
1339
317
1341
1343
320
1345
321
323
1354
1361
1362
341
344
1369
345
353
1377
1379
1380
1381
360
1388
1390
370
1396
380
382
386
387
388
389
1413
1415
1423
1424
401
1425
405
1431
1432
412
1438
415
1440
419
1445
421
1447
423
426
1454
430
431
1463
1465
1466
1467
448
1475
451
1478
468
469
471
1495
475
482
1506
485
1512
1517
1519
1521
498
1522
502
506
508
1532
509
1534
517
519
1544
525
1550
528
1554
531
1557
534
535
1560
1565
1566
1571
551
552
555
558
559
1584
562
1587
1589
1592
572
574
575
1599
576
1601
578
580
1606
1611
592
594
597
599
1627
1628
604
606
608
1632
1634
1636
1641
1642
627
628
630
1655
1657
642
643
1668
644
648
1672
650
657
660
661
665
1690
1698
1700
679
1705
682
1707
684
1708
1719
700
1725
1728
705
1729
1731
710
713
1738
714
715
1739
1740
1743
1755
1757
733
743
1768
745
1771
747
1772
1773
753
754
756
1788
1793
1794
772
1797
776
777
1803
781
782
787
1812
789
793
1817
1821
797
1823
804
1829
1832
810
1837
814
1839
821
1850
828
833
1858
1863
841
1868
845
1869
847
1872
850
852
1880
1892
869
870
1894
871
872
1896
877
1901
879
881
1911
1912
1914
1915
893
1918
895
1919
1920
1921
901
1933
1934
1939
917
1942
1945
1947
1951
928
1952
937
940
1964
1965
1966
942
944
1970
946
1972
1973
950
1978
1980
1984
963
1990
1995
1997
973
976
2001
977
2002
979
2004
2005
986
2010
988
2012
990
2022
1000
1007
2034
1011
2036
2038
1016
2041
1018
2043
1020
2046
1022
20
32
96
99
163
4
7
72
136
138
44
47
111
81
114
84
20
151
122
60
125
