1192
2050
4099
2054
4105
6154
2059
4110
8206
2064
8208
6160
2070
8218
4124
29
2077
2078
31
2079
4127
8223
32
33
34
6181
8229
4134
6182
2087
40
4136
2095
4147
2100
55
6200
6202
58
8251
2108
6204
4157
6207
6209
8258
2115
8261
6215
6216
6217
2121
6218
8266
2123
4172
77
2125
8269
4174
4175
8273
2130
4178
4179
6227
8275
2132
4182
6232
6234
91
4189
6237
6240
8288
8294
8297
6256
118
6262
120
6273
4230
4232
4233
139
4243
2196
4245
6293
150
2200
2203
158
4254
4255
2208
4258
2211
2212
2214
2215
6313
170
2219
6316
6317
2222
4271
2224
4272
2225
6321
4274
179
182
192
4288
2241
201
6346
6348
206
2255
4303
6351
2258
6355
2260
6358
2263
4312
4317
225
228
2277
2278
4326
6378
4330
2283
6379
4333
2288
242
4338
4340
245
4341
6390
247
6391
2296
249
6393
2298
2299
2301
6400
258
2307
6406
263
2311
4360
265
2314
2316
6412
6413
6415
2323
4373
4379
4383
288
290
291
4389
6439
296
6440
297
2347
2349
303
2351
6451
308
309
2359
6455
315
4415
4417
2370
4419
2372
2375
2381
334
2383
6481
6482
4436
2390
4439
4440
2395
4446
2399
6498
4452
2406
363
364
6509
2414
4464
2417
2423
6520
377
6522
379
4476
381
6525
383
4481
6529
4482
2438
4486
6535
6538
2443
396
2444
6540
401
6546
408
4504
4507
4509
6557
413
415
4515
2468
4519
425
4523
429
2480
6578
6580
2485
4535
440
6584
2491
445
2495
6594
4546
2502
4550
2505
4553
4562
472
2521
4569
4572
2525
4575
479
480
4576
6625
2531
4581
6629
486
6633
2537
2539
2540
4589
4591
6639
2550
4601
4604
510
4608
6659
6660
2566
522
523
2571
524
6669
6672
4625
531
4628
2581
6679
2587
2588
4637
6686
544
549
4646
6695
4651
6700
6701
4654
2608
4665
2618
571
2620
4668
575
2625
2630
6726
4679
586
4682
588
4684
6734
4686
2640
4688
2641
4689
595
6740
6742
2648
6746
603
604
605
606
6750
607
6755
6762
619
2668
4717
2670
4718
6766
4720
625
4722
2678
633
2682
2683
2685
639
2690
6788
645
6792
651
655
6799
4753
4755
660
661
2709
2711
6810
2719
4767
672
673
6818
6821
6825
682
4778
683
2733
2737
692
2742
6842
699
4795
6846
704
6848
6851
4805
6856
713
6861
719
2767
720
6864
6865
4824
2779
6876
6878
2783
6882
739
6883
4837
4838
2791
2793
747
6891
748
4844
6895
752
2801
6897
754
2803
757
6901
2806
4854
6904
762
6907
764
2816
6913
771
2819
4869
776
4872
777
778
781
784
2832
4882
6931
788
6933
2839
6939
797
6941
798
4894
6942
6945
2850
4903
6951
2857
810
2859
812
2860
2861
814
6959
2865
2866
6962
6965
823
2871
824
4923
2876
6973
6976
833
2881
2885
2887
6984
6987
6988
4942
4946
852
2900
854
4950
2908
4957
2912
865
7009
4962
4964
7014
2919
2921
2922
876
4976
881
4977
7025
4978
4983
2937
4985
4986
893
2943
4992
897
4993
4994
899
904
2952
5001
5003
7051
5004
911
5007
5011
7060
917
5013
2968
5017
923
7067
2976
931
2979
7077
7086
5040
5042
2995
2996
7093
2998
5046
954
5054
7102
7104
3009
964
7108
3015
5063
7111
971
972
5069
5070
7119
3025
5076
3035
989
7134
992
993
7138
5092
7140
999
5096
1008
5105
3058
5106
7156
1017
7170
7171
7173
3077
3080
3081
1034
7181
7183
7184
5137
7186
5139
5140
1045
3093
3095
5146
5147
5150
1056
1057
1060
5156
7204
5160
3113
7210
7212
1069
5167
3121
7217
7218
7222
1079
5177
5180
1089
5188
1094
1097
7241
7242
1102
3152
5201
7251
5205
3160
5211
7259
1117
3166
5216
5217
7265
5218
3171
5219
7268
5222
7270
5223
1129
7274
1132
1133
5231
7283
1144
3192
3193
5243
7291
3196
7293
1151
3199
1153
7298
7300
1157
7306
1163
3212
3213
5264
5265
1170
3219
7319
5275
3228
5276
7328
7332
5285
7336
1195
3243
1199
5295
3248
7344
1204
5303
1208
3256
3259
1216
7360
3265
1219
1225
5323
5325
1230
5327
3280
5328
3283
3285
5333
1238
7382
7383
7384
1241
1242
7386
5339
1245
5341
5342
7390
1250
3300
1253
7397
1256
7404
3309
7406
3314
1268
3316
5365
1270
1272
3324
5373
3325
1277
1278
7422
5378
3331
7429
1288
3337
1297
1299
3348
3351
5399
1303
5401
1307
3355
5404
5405
1312
5409
3363
5414
5419
5423
7473
3378
5426
3379
7475
7477
5430
5432
7482
3388
1342
3390
5439
7487
5441
7489
3394
7498
1355
1360
3408
5457
5459
7509
5462
7510
7513
3420
7518
5473
5474
7522
3427
7524
5478
7530
7531
1387
5488
7538
5491
3447
5495
7543
3448
1406
7552
1409
5506
1411
5508
1414
5510
5513
5514
7563
5516
7567
1425
3474
7572
7576
7581
7585
1443
7589
3499
1454
7599
7600
5553
3506
1462
5561
1468
1472
1473
7618
1475
1478
3526
5575
1480
7630
1488
5584
7644
1501
5597
7645
1502
1503
3554
7650
7654
1511
3560
5609
7658
5612
3566
7665
7667
1524
7668
3573
7670
7672
7673
7679
1536
7681
7682
3591
1544
1545
1547
5646
7699
7700
1557
3606
1560
5659
3612
3615
1568
7714
3619
7716
5669
3622
7719
1576
5673
1579
5678
1586
3636
5684
7733
5689
1594
7739
3644
5692
3647
5695
1600
3649
5699
3652
1609
3659
1613
7759
3665
3666
7764
7775
3681
3689
7786
1645
5744
5745
7793
1651
3699
5747
5749
1654
7798
1655
3704
5752
1658
5756
5757
7806
3712
5760
5761
1667
3716
3717
1671
1672
5768
7817
7818
3722
5771
5772
5774
1679
5775
1680
3728
1681
3731
3733
5782
1688
3740
1693
1694
7838
1695
3743
7839
1697
5794
7844
1701
3754
1709
3757
5805
5807
5808
3763
1716
5812
1717
5819
1724
5824
1728
5826
1732
7876
3782
1736
5833
5835
3788
1743
1746
1747
5846
5850
3804
7900
5854
5856
3810
5858
5860
5861
3813
7911
1769
3824
3825
1777
7922
3826
3835
5885
3841
5890
3843
7941
7943
1800
3849
1802
3852
7952
7953
5906
3860
7957
3863
3864
1818
5915
3870
5919
5922
1827
3877
1831
3879
5928
3883
1836
5934
3888
5938
7988
7989
7993
3899
7996
1853
1858
8002
1860
1861
1862
1864
5961
3915
3917
1870
1877
8022
1881
5977
3930
5978
3931
8028
1887
8031
3936
8035
1892
8039
3945
3950
8048
6003
3956
8054
6009
1915
8059
8061
6014
1921
8068
3976
1929
3977
8074
3978
6027
6028
1934
3983
8080
8082
1939
6038
3991
1944
1945
8092
1950
6046
8094
3999
8095
8101
1959
8104
6057
4010
8109
4015
1967
4018
1970
4020
6070
1979
6076
4029
8125
6078
6081
6082
1988
6087
1993
6089
1997
8141
1998
6095
6098
4052
6100
4053
4056
6104
2009
2010
8155
8157
4063
6111
8162
4067
4068
8164
6119
4072
6120
6121
8171
8173
2031
8176
4081
2034
8179
8180
4085
2039
8183
8185
4090
8187
4095
8191
5
115
84
41
141
157
