1403
0
8193
4100
2057
8203
4110
8206
2063
8207
6160
2064
4116
23
24
2074
4122
2075
28
31
8223
32
6177
34
8227
8228
6180
37
2085
2087
42
8236
6191
8239
6193
8242
4146
4147
6198
6199
55
2103
56
2104
6200
6204
8254
8257
6209
2115
4165
8261
6215
71
8264
6218
2124
4172
77
78
2126
6222
4176
8272
2129
4179
6227
2132
2133
6232
8282
92
4188
6237
2145
4194
6245
8293
4198
8294
8297
2154
8302
110
2159
4209
6257
8305
2162
6259
4213
6262
2167
4215
2168
2174
4223
6277
4232
4233
138
143
4240
149
4245
6293
150
2199
153
4252
2205
158
4254
4255
2208
162
2210
2212
2214
167
2215
171
2219
6316
2220
2221
6317
2224
4272
2225
4274
2227
183
2232
185
2233
6330
187
2239
192
4288
194
2242
4301
4302
2255
2258
6358
2263
2264
6363
2268
221
224
2272
2278
4328
2282
2285
239
2288
4341
6390
247
2295
2296
249
2299
4348
254
6400
2307
261
2309
263
2311
265
4361
6411
6412
269
6413
270
4369
2322
4373
6422
4374
279
2331
2332
6429
4383
288
290
6436
293
6439
296
6440
4393
297
303
4400
6449
308
2357
309
311
6455
6458
2363
4412
6463
4415
6464
4417
2370
6467
6468
2373
326
6475
4428
2383
6481
6482
4436
2389
344
2392
4440
2394
6490
347
2395
2399
6495
4452
6500
4454
2406
362
2413
2418
2419
4468
2422
6519
6520
4473
4474
6522
2429
383
384
4481
4482
6530
4484
4486
2443
2444
4492
6540
4495
6543
6546
2452
2456
4504
2458
4509
4510
415
4511
2468
4516
2469
422
427
4523
6572
429
431
2480
4528
6578
2483
6580
436
2485
4535
440
445
6589
4543
449
4546
2503
4551
2505
6601
4554
464
6608
6610
467
468
473
2521
4569
4571
2524
4572
479
4575
480
4576
6627
4581
6629
486
6631
4585
6633
2539
6635
2540
493
4589
496
2544
497
510
2559
4608
514
4610
6659
4611
516
4614
519
521
525
526
2576
6672
4625
530
531
4630
6679
537
2586
2588
4637
6686
2595
2596
550
551
4647
554
555
6700
6701
2607
2608
2609
6706
2611
2613
566
2615
2617
4665
570
2618
571
4668
6719
6720
2625
6726
2632
2634
4682
587
2635
4683
588
4686
2641
4689
6737
595
596
4694
600
603
605
6750
6752
6755
613
2662
616
617
619
2668
2670
4720
2674
4722
6771
2676
631
4727
632
2680
633
634
635
2683
4731
4732
6783
6784
2690
643
645
4741
6790
4744
4746
2700
6800
4755
660
661
4761
6814
4767
2720
2721
675
676
6821
2726
682
683
2733
6830
688
4789
6838
4791
699
6843
701
704
6849
2754
4805
6853
4808
6856
2764
718
719
4816
6865
6870
726
729
6875
2779
6876
733
2781
6878
4833
6882
739
6883
4836
2791
744
2793
747
748
2799
752
757
6901
2807
761
6907
764
6909
2816
2817
6913
771
2819
4867
4869
2823
6920
780
781
6925
784
2832
6928
785
6929
4882
787
6931
788
6932
4885
790
4889
2843
2844
4892
6941
797
4894
6942
799
6945
802
2850
804
6953
6955
812
2861
6959
2866
6962
822
6967
827
4923
2876
6973
2878
4927
6976
4928
833
4929
836
6983
839
6984
2890
843
2891
844
846
6990
848
2896
849
854
2903
4952
2908
4957
7005
2910
4958
2912
7009
7010
4962
868
2916
4964
870
7014
2919
2920
4968
4969
2922
876
881
4977
7026
2931
7028
7029
4985
4992
897
4993
2950
904
905
2955
7051
2956
909
5007
912
2960
7058
5011
916
7060
917
7061
918
2967
2968
923
924
932
7078
7086
2992
5040
2993
5042
2996
5046
5049
3002
3004
7102
959
7104
964
7109
969
5066
971
972
3021
3023
3025
5076
7125
5078
7127
988
989
7134
5087
992
993
3042
5091
5097
3053
1005
3054
5103
1009
5105
3058
1012
7156
7157
5109
3062
1017
1018
1026
7171
1029
7173
7175
1033
7181
5134
7182
7184
1041
7186
3091
5141
7190
3095
1049
1052
5150
7199
7201
7203
3108
7204
5159
5160
7208
1065
3113
5161
7210
1067
7212
7213
3121
1074
7218
7219
5171
5174
7222
1079
3128
1081
5177
3130
7229
3133
1087
5184
7233
5188
1094
5191
7239
3144
1097
7243
3149
7245
1102
1105
7252
7253
5207
7257
5211
1117
7262
3169
5219
7268
1125
1129
5229
7277
3182
3183
5231
7284
5238
5245
1151
3199
1152
1153
1155
3204
7303
1161
3212
5261
1166
5264
3217
5265
1170
1172
1174
7318
1175
3223
7319
1176
3225
7321
7323
5275
3228
5276
1181
1184
1186
5284
7334
3239
1193
7338
1195
3243
3247
5296
7344
5300
3256
1209
5306
1214
3263
3265
7361
5319
7367
5320
5323
3276
3278
3279
5327
3280
5329
7378
3283
3284
5333
3285
7381
3286
1238
7382
1239
7385
1242
3290
5339
1244
1245
7389
7392
1249
1250
1251
5348
7397
1253
5351
5353
1259
3308
5356
1261
3309
7406
7407
7409
1269
5365
1270
3319
1272
7418
5373
1278
7422
5375
3332
7429
7430
1291
1295
7439
1296
5392
3345
1299
7444
1303
5399
5400
7448
7449
1307
5404
5405
7453
1311
5409
3363
7461
5413
5414
7463
3371
5419
7468
1327
5423
3376
5425
7473
1330
7475
5429
7478
7479
3385
1342
7489
3394
5443
7491
1348
1353
1355
5452
5454
1360
3408
5457
3410
7508
5462
7510
5466
7516
3420
3423
1377
7521
7522
3427
7524
1389
7538
5491
3447
3448
7545
1401
3452
1407
7552
5505
1411
7556
1414
3462
3464
1417
5516
7564
3470
7567
5519
3472
1425
5521
3474
7571
1431
7576
7577
3484
7580
1443
3494
7590
3497
7593
3499
5548
1453
3501
5549
1454
1455
3504
5553
3506
7602
7603
3509
7605
3510
5559
5561
1468
7612
3517
1470
3518
3519
5568
1473
7617
1474
1478
3526
5575
5576
5578
1483
3531
7630
5585
1496
3544
7644
1502
1503
1505
3554
5604
5605
1510
1511
3560
1513
7659
3563
1516
5612
1519
5615
7663
7665
7670
3576
5626
1533
7677
5630
7678
5631
7679
1536
3586
7684
3591
5641
7689
3596
1549
1550
1553
7697
7699
1556
3604
7700
3606
7703
7704
5656
5659
3612
5661
7713
5668
7719
1576
3624
7723
1579
1581
1584
5680
1585
7729
1587
7732
5684
1589
5686
3641
3644
5692
7741
7742
3647
5695
1600
5697
7746
1603
1604
1608
7753
1611
3659
3660
1613
1614
7758
1615
3663
5712
3665
3666
1619
3672
5721
3676
7773
1629
7774
5728
5733
3689
3690
7786
1646
1647
5745
1651
3699
5747
1654
3702
7798
1655
3703
5752
1656
3704
5753
7806
5760
3717
7814
1672
5768
3722
5772
7820
5773
5774
1679
5775
1680
3728
7826
3731
1684
5782
3738
5786
5787
5789
1695
3743
5791
1697
7844
1701
7846
7847
1709
1710
3762
5812
5813
3767
1720
3771
5819
1728
5826
1732
1733
3781
3782
3785
1738
3786
5834
5835
3788
3791
5839
1746
1747
3799
5850
1755
7901
3808
5856
7905
3811
5860
3813
1765
5861
3815
5864
1769
3817
5867
7916
7917
3823
3824
1777
1778
7922
3828
7925
3831
5880
1785
3835
7931
3837
1791
7935
1796
5893
7944
3849
7946
1803
3852
5900
7952
1809
7953
3858
1811
1813
7959
7960
3865
1820
3870
1829
7973
5930
1835
3883
1836
5934
3887
5935
3889
1842
3890
5938
7986
5941
7989
3894
7996
3901
5950
8001
1858
8002
5956
8004
1862
3910
1864
8012
3917
1870
1871
3923
5972
8020
1877
3925
1878
3926
8024
5977
5978
3931
8027
3932
1885
3933
3934
5982
8031
1888
5986
8035
5991
8039
3944
3945
8041
8042
8043
3950
6001
3957
3958
8056
8057
6010
8059
8062
1919
3967
8063
1921
1925
3973
1927
3976
6027
6028
8076
3981
1934
3982
3984
1938
3988
3989
6038
3991
1944
8088
6041
3994
8092
6046
3999
1952
1957
4005
6053
1959
8104
6057
4010
6058
1963
8109
1966
6062
8110
1970
4020
4022
6070
8118
1978
8122
4027
6076
1982
6078
1984
6081
1988
1993
6089
8137
1994
6091
8139
1997
8141
1999
6095
8143
4049
4050
2003
4052
4053
8152
4056
6104
2009
2010
6107
8157
2014
4062
4063
6112
4065
6113
8163
2020
4068
6119
2024
4072
6121
2027
8173
2031
4079
2032
8177
2039
8184
8185
6140
2046
6142
4095
5
16
115
22
175
159
9189