619
0
1026
1027
3
5
1033
11
1035
12
16
1040
17
1043
1044
20
1045
22
23
1049
28
1059
1060
1062
38
39
1066
43
1067
46
1070
1071
1073
1074
1076
53
1077
1079
56
1080
57
59
60
61
1088
1089
1090
67
1091
68
69
1093
1094
71
72
1096
73
1099
1101
1102
79
1104
1109
86
1110
1111
88
1112
1113
91
92
93
95
1121
102
103
105
1130
1131
1137
115
1141
1143
1144
120
121
125
1149
1153
1155
132
1156
1158
1159
1162
140
1166
1167
1168
1169
146
147
149
150
1175
153
154
1178
1179
155
1180
156
1181
157
1182
158
159
1183
1184
161
1186
163
1188
167
169
170
1194
1196
1197
1198
174
176
1200
178
1203
1204
1205
185
1209
1211
188
189
1216
192
195
1219
1220
1222
1223
1225
204
205
1229
1230
206
207
1231
1238
215
218
1242
1243
221
225
1250
227
1251
228
231
1255
1257
233
234
236
1260
238
1264
241
1267
243
1268
1269
246
1273
249
250
251
1275
253
254
1279
1280
1282
259
260
264
267
1292
270
272
1296
273
1297
1299
275
276
1300
277
279
1303
1305
282
1306
283
284
1309
1310
286
1312
1313
290
1315
1316
292
1317
1318
294
295
1320
1322
298
299
1323
302
1326
1327
305
307
1334
1338
315
1339
1340
1342
1343
320
1344
1345
321
1346
1347
323
1349
326
1350
1353
332
1357
1359
1360
1361
337
338
1362
1366
344
1370
347
1371
348
349
1375
352
354
1380
356
1381
1382
359
1383
361
362
1386
366
369
1393
371
1396
372
373
1398
1400
376
1401
378
1402
1403
379
1404
380
382
1406
384
1409
1410
387
1411
1413
390
1415
394
1418
396
1420
397
1422
1423
400
401
1425
402
1426
1427
1430
407
408
411
1437
1438
1439
418
1442
1444
1446
424
1451
1453
1454
430
431
432
1458
1460
437
1463
440
441
1465
1466
443
1468
445
1470
1471
447
1472
1474
451
452
1478
456
1480
463
1487
466
1490
1492
468
1494
1495
1497
1498
476
1502
480
1506
483
1507
1509
486
487
488
1512
1514
1515
1516
494
1518
495
496
1521
499
1525
502
503
504
505
507
1531
1532
509
511
1535
1536
512
513
1537
514
515
517
1541
518
1543
520
521
523
1547
1548
1551
528
1554
1557
535
537
1562
539
1563
1564
1565
542
545
547
550
551
1576
553
1579
1582
559
560
562
1586
564
1590
1591
568
570
1597
578
581
582
584
586
588
590
593
598
599
600
602
603
604
605
606
608
612
613
615
621
622
623
624
625
633
638
645
647
652
654
658
664
665
666
668
670
671
673
674
675
676
677
681
682
684
689
690
692
696
698
700
701
703
705
708
709
718
722
723
724
725
729
731
733
738
745
754
757
763
764
768
769
773
780
787
788
791
792
795
796
797
803
804
807
808
809
811
812
816
818
819
820
824
825
827
831
832
833
834
843
844
847
848
849
851
852
855
859
860
864
865
866
869
872
873
876
880
881
882
883
884
889
893
895
897
898
899
902
904
907
908
909
910
915
916
919
927
931
932
936
946
948
952
953
958
960
962
963
966
968
972
975
976
977
978
981
982
983
994
996
997
1001
1004
1008
1009
1011
1016
1019
1020
1021
1022
112
0
257
1
2
3
7
8
9
265
266
268
16
273
19
20
21
22
279
23
280
25
27
283
285
30
288
33
36
292
39
296
42
300
45
301
308
52
53
309
54
311
62
63
64
321
323
67
324
68
325
326
327
77
334
79
80
81
337
338
341
85
343
88
95
354
98
356
357
102
364
109
114
115
374
375
378
125
128
131
132
138
146
148
149
150
153
164
167
170
172
176
182
184
188
190
191
192
197
199
202
203
205
211
212
224
233
234
240
241
243
247
255
0.20