587
7168
1
5121
5123
6147
7171
1028
1029
6149
1032
3082
7178
4107
5133
6159
16
4112
7185
20
2068
7188
7189
5147
2076
6173
1053
5155
3109
4133
41
5162
5163
44
7212
2093
5166
7215
1072
5169
1075
52
57
2105
5177
3131
1086
3137
6210
69
1094
3142
2121
2122
5195
78
3151
6223
6224
80
4176
7248
4181
5205
1111
3159
4183
1112
2137
2144
6241
3170
4194
6246
2156
109
4207
3189
6262
7286
5239
2168
7288
7289
2171
6269
6270
7296
3201
2180
7302
135
4231
2184
139
4237
1167
5265
146
7314
148
3223
153
2201
1178
3226
1182
4254
7327
7330
167
3239
3240
5289
6315
6316
4269
1198
1199
177
1201
2225
1204
7350
5307
1211
7355
188
7356
5312
4290
3268
2245
2249
5323
204
6348
1230
4304
4305
5329
6358
6366
2271
4321
1250
2274
228
1255
3308
2285
4336
4338
1269
250
3322
1275
1276
4349
1282
261
4358
6406
4359
1290
4362
4365
5389
270
5390
1296
5393
2323
2324
4374
1306
3355
4379
6430
4383
3360
1315
294
2343
3368
298
3370
299
2349
3375
5423
3376
2353
1331
4403
4405
6456
2362
315
316
2366
6462
2373
1354
3402
4427
5451
5453
6477
338
3410
5462
5463
343
4439
1372
6496
1380
5478
360
362
364
1390
4462
6511
2417
5489
370
2418
6514
4467
3446
5494
5503
6527
2433
6530
4484
4487
4489
6537
6538
4492
6540
1422
1429
5525
3479
3481
410
2458
5532
413
6557
6558
414
415
1439
3488
4515
3495
424
4521
426
2474
6571
5548
4525
3505
4529
4530
6580
1463
2490
4540
6591
3524
4554
1488
3538
6610
4564
4569
5594
474
4573
6622
1503
480
3553
6629
5606
6633
3562
1517
3567
497
2548
501
5623
1528
6648
5625
2554
3578
6652
4605
1535
4608
2564
4612
1541
4615
6663
3593
4618
2572
4623
2576
6673
3602
3603
4627
535
536
3612
4636
6686
3615
4642
5666
2595
1573
3622
5670
551
2599
4649
4650
3631
1584
3632
4657
3634
5682
6706
4660
5688
4665
1597
4669
2624
6720
4673
1602
3650
1605
6725
584
3658
6731
1616
595
6739
4694
2648
608
6753
1642
620
4716
4717
3695
1648
4722
5748
629
1654
3702
3703
2681
6778
3713
4740
1669
4742
648
2698
5772
1677
2701
4749
3727
5777
6801
5778
2707
3738
6817
674
1699
5796
2736
3760
3761
5810
6836
6837
1719
1720
6842
3772
1727
3775
4801
4805
717
4813
5837
719
3791
1744
1745
5841
723
1747
4824
729
6873
6876
735
1761
2785
5857
5859
2788
740
741
742
3814
4838
2791
5863
744
1768
3818
1771
5867
749
3821
6895
2801
3831
5880
6904
763
1789
3839
4863
5890
2819
2820
4869
4873
780
1804
4876
5900
1807
2831
1808
3856
5904
5906
3860
3862
6935
6938
3869
6941
1822
799
803
3877
5926
6950
809
5929
4906
811
6956
1839
6959
4912
822
823
2871
4919
824
5945
1852
6976
833
5953
5955
4932
4935
2897
1875
1880
858
2908
7004
5982
3935
3937
7010
4965
7013
870
2918
4969
4970
1903
881
2929
3954
883
6005
3960
3961
2938
4987
895
6017
897
3970
7042
1923
901
4999
1932
3980
7057
915
1940
918
1942
6038
7062
2970
6048
5025
5027
4004
4009
7081
2986
6058
6059
4014
953
6074
7101
3006
5056
961
4034
1986
1987
4036
5067
980
983
987
2013
992
7138
7141
6129
5105
1015
4090
6138
3067
1020
1021
4094
5
353
386
2
10
27
64510