1494
2048
1
2049
4097
2
10242
2051
2054
6151
10248
9
6154
11
12
4108
10252
4110
4112
8209
18
2070
4118
8214
2073
6170
8218
10266
2075
8220
29
4125
30
10271
10272
33
8226
36
10276
6181
2086
6182
4136
10281
4139
6187
4140
8237
47
2098
6197
10294
55
8248
57
2105
6201
4154
10299
6204
8252
6205
10307
68
2116
10309
70
10311
73
2122
8266
75
8268
10316
4173
2127
4175
2128
81
10321
4178
10323
10324
2133
2134
8279
88
8280
6233
2140
8284
93
4191
6240
8288
10337
98
8291
100
2148
8294
4199
8295
4201
4203
6251
2156
6252
110
112
8305
2163
117
119
120
6268
125
2175
4223
8319
129
4226
2180
8324
6277
2183
2185
6281
6282
4234
4235
2188
8334
2191
6289
147
4245
8343
4248
6296
8346
4251
6299
6301
4254
4256
8353
162
2210
163
8358
167
168
6312
2218
171
8363
6317
6318
2222
176
6322
6323
8371
2230
184
6331
2237
2240
6337
2242
6338
2244
6342
2247
8391
4298
6348
4302
6352
208
4304
6353
210
4306
8406
215
8407
2268
2270
223
2272
8416
6372
8421
4326
4328
2283
240
4338
252
253
6398
2306
259
2307
260
2312
6411
269
2318
4366
8462
4367
6421
2326
6422
8470
8473
2329
6425
282
4379
2332
287
8479
2339
4389
8485
6438
8487
8488
297
6441
2346
8490
299
6443
8494
6447
306
4402
4403
8499
310
6456
4409
6457
4410
321
8517
6470
8518
2375
6471
6473
6474
8525
8527
335
6479
338
6482
8532
2388
8534
4438
6487
8536
4441
350
352
358
8550
6504
6506
4459
2414
4468
6516
374
375
6520
4473
4477
6525
4478
8575
387
8580
389
2439
4487
4488
2441
2443
4494
399
8593
4499
8597
407
4506
2461
6558
417
418
8610
2467
6565
6566
4519
6567
8616
2473
8618
8623
433
8625
6578
435
2483
4532
437
2485
8631
4537
442
4541
6590
4544
449
6594
2504
4553
4555
4556
4562
8658
467
8660
2517
4567
6616
472
4568
8665
474
475
476
2524
477
2525
478
480
4576
6625
2530
8674
4579
484
2532
2535
6631
2537
490
2539
492
2542
4590
8686
6639
4592
499
502
506
2555
2561
2563
2565
4613
8710
2567
6663
2570
2572
524
4622
6670
527
6673
8721
531
2581
2583
537
539
8731
6685
541
2592
6689
2594
2595
4645
6693
8741
550
2599
8743
6696
4648
554
4652
4654
561
562
2610
8754
6708
565
4661
4664
570
571
2619
2621
8765
8766
2624
2625
8772
4679
584
2632
587
588
2638
6735
8783
594
6738
2644
8790
2647
6743
8792
600
4696
2650
2652
6749
2653
8797
4705
610
2658
4709
2661
6757
614
616
2664
6760
6764
2669
622
623
625
6770
8818
6771
628
2678
2679
8823
4730
6778
6782
4734
643
2692
645
4742
8841
8842
2700
8844
4749
2703
655
656
6800
8848
8851
660
2708
4756
662
4758
2711
4760
666
4763
2715
4765
671
2720
6816
673
8867
4772
4773
6822
6827
2732
4780
685
2733
4783
2737
8882
8884
2743
4791
6840
698
700
2748
8893
702
6847
8895
2752
705
708
2756
2757
710
4806
2763
2764
4814
2770
4820
8918
6871
8919
729
730
2779
2781
6877
2782
737
738
741
8934
2792
746
2794
8938
747
8942
6895
6896
753
2801
6899
8948
8949
4854
758
4855
759
761
4857
8953
8954
4860
768
4864
8961
6916
2821
6918
2823
4873
6922
8970
782
8975
4880
2833
8978
4884
6934
8982
4887
8983
792
4890
795
6939
797
806
2854
4903
809
4906
4907
2859
4909
9006
2864
816
6960
2865
9009
4915
4916
4918
2872
6969
4923
4924
6972
830
6974
9022
6979
9028
2885
4935
9031
4936
4938
9037
4942
9041
850
2902
6998
856
7000
4953
7002
7004
2910
7006
2913
7009
4966
872
9066
9067
4973
9070
2927
2929
2931
9075
9076
2933
7030
9079
888
7032
4985
7034
2939
9087
898
7042
2947
2948
4996
7044
901
2953
5002
2955
5003
9099
7054
9105
7062
918
5015
5016
7065
7066
5021
928
2979
933
2982
2983
7080
936
937
9131
943
2991
5039
7087
2993
2995
7091
9139
2997
9141
9142
953
5051
7099
7100
9151
5055
7105
5060
5061
966
3017
5065
9162
5067
3021
974
5072
5074
7122
7123
9176
985
5084
7137
3041
3042
3043
998
3047
1000
7144
3050
9197
5103
9199
9202
5107
1013
7158
5110
3063
9207
9208
3069
9216
9217
7170
3076
9220
5125
7173
1031
7175
1032
5128
7176
3081
1034
3083
1035
5131
1037
5134
9231
1040
1042
3090
9234
3093
5141
1046
3094
3097
5145
1050
3098
7195
3101
1056
5155
7204
1062
7206
3111
7209
5161
7210
7211
5163
1069
9262
3119
3123
9267
3124
5174
3128
1081
1084
3132
1085
7229
9277
3134
9280
7234
5188
7239
1097
1098
1099
3147
7243
3148
7245
3151
9299
7251
3156
1109
1111
5207
5208
7256
9304
3163
1116
9310
5217
9313
7266
1122
5219
3174
7270
9320
1129
3178
1132
9324
9325
5230
9326
5238
1143
7287
9336
7289
9337
3195
1151
1156
3212
9356
5261
9357
3214
3216
9361
1171
1173
3221
3224
5274
7323
1181
9375
1184
7330
9380
1193
9387
5293
7344
1201
7345
5298
1206
3257
5306
7354
1213
3265
7362
3267
1220
3268
9414
3272
5321
9417
1226
7371
9422
1231
9423
1232
5330
1235
9427
3286
1238
7382
9431
1242
7391
9442
3298
1251
1253
3301
5349
9445
3302
9446
1255
5351
1256
5353
3307
5356
9452
3311
1264
5362
7410
1268
5365
1270
3319
1272
5370
3323
1276
9468
9472
3330
5378
1283
9475
7429
9478
3335
5385
7434
1292
5389
7437
9485
9486
5390
1295
5391
9488
7441
1298
5394
9496
7449
5404
7452
1310
5408
7456
3363
3365
9510
3367
1323
3373
5421
9517
3378
5426
3380
7477
3383
1337
7481
1341
9534
3393
5442
1349
7498
3404
9548
5453
7501
9550
9553
5461
3414
9558
3415
9559
3421
3422
9569
3426
1381
1383
5480
7529
3434
9580
7539
5492
9588
7541
5494
9590
1399
9592
3449
7545
1405
5502
9598
9599
1409
5505
3460
3463
5514
7562
3467
9612
9613
1422
9615
7568
5521
3473
1427
3475
1431
7576
9624
3481
5530
7579
5532
5540
9636
7591
9640
9641
5547
7598
9646
9649
1458
3506
5556
5562
1468
3516
9661
1471
7615
3521
3523
5572
1478
3526
1480
5577
1483
3531
1486
7631
1488
3537
7634
7635
9683
7636
1496
7646
1503
5600
7648
9697
1506
3557
9701
7656
3560
9704
5615
5616
7665
7666
3571
5619
1524
3572
7668
9718
3576
5625
5626
5627
5628
3583
5631
3584
9728
7681
5634
3587
7683
7684
1542
5639
7689
9740
3599
3600
5648
9744
7699
9748
5653
7701
1558
1559
9751
9752
7705
1561
7706
3611
3612
5662
7710
3615
7711
9760
3618
9765
1573
7717
9768
9770
7724
7728
3632
9776
3633
5682
9779
5684
3637
1589
9781
5690
3644
9788
7741
5694
1602
1605
5703
1608
9801
1610
5706
1612
7756
5712
1619
3668
7766
9814
5721
5722
7770
7771
1628
3677
7773
1630
7775
3682
9827
1636
3687
7784
1640
3688
5737
1642
7787
9835
5740
9836
9838
1647
3695
7793
1650
3698
1651
1652
7797
1654
7798
3703
9848
9849
7802
9852
3709
5760
5762
9860
3717
3718
7814
3719
3721
5769
1674
7819
9867
1675
3724
3727
5775
7826
3730
5778
1685
9878
7831
5785
9882
3748
3750
1704
9896
3753
7851
1708
7855
7858
5812
1716
3764
1717
9909
7862
5816
7864
9912
1721
1723
5819
3771
7868
9916
1725
3773
3774
7870
7871
9919
5824
7873
7874
1732
9926
5832
9928
1737
9930
1745
1747
7891
7892
1749
7894
3799
3800
5850
1758
5855
9954
1763
1766
1767
5867
1772
3820
7917
9973
1782
1785
9980
5886
7934
5887
7937
1794
5890
5891
5892
1797
7941
3846
7942
5895
1801
5897
1802
5903
7952
1809
3862
5910
7961
3865
5915
10012
3870
1826
10019
3875
1830
3878
7974
3879
10023
3880
5929
10025
1837
7981
5934
1839
1841
10036
5944
5947
10044
10046
1855
1858
1859
3907
1860
10052
5962
5963
3917
1871
1874
5972
1878
10070
5975
10071
1880
5979
8027
10075
10077
3937
1890
10082
3944
10088
8045
1902
8046
1906
3955
10099
6009
8058
8059
10107
1915
3965
10109
10112
6017
10114
6018
6020
8069
1926
3974
8071
1930
8075
6029
10128
8082
10135
1946
8090
10140
3997
6045
6046
10143
1954
1957
4006
10151
1960
10153
4010
4011
10155
4013
1966
6063
4016
6064
10161
1969
4018
4020
4021
8117
10168
1978
4028
6076
4029
6080
8128
10176
6081
6082
4034
10179
1987
10181
6086
1991
8135
8137
1996
4047
10191
4048
6097
10194
2003
8149
6102
8150
6103
4056
2009
8154
10207
4064
6113
8163
2023
4073
2029
4078
10224
8177
10225
6130
10226
2036
6134
10230
2040
8184
2042
4091
2046
4
0
117
105
30
8745