1881
8192
1
8193
4099
12291
11
4108
8204
15
12307
4117
12309
4118
8217
4123
8220
4129
34
12322
4131
4132
4133
8229
4134
12326
4139
12331
8237
12333
8238
47
48
4145
8241
4147
53
56
58
12346
60
12348
61
8257
4164
75
4173
8269
4174
8271
12368
81
12369
4178
12374
88
4184
8280
12376
12377
12378
8283
12379
8284
95
12386
8291
102
106
4203
109
8302
4212
8309
117
119
123
8315
125
8320
8322
8323
4231
136
4235
4238
143
4240
4241
4242
4243
149
4245
154
8347
157
8350
4263
173
4269
8373
4282
4283
4289
8385
196
8390
8391
4296
4297
8395
4302
210
8411
4319
4320
228
8422
232
4328
4331
4332
241
8439
8440
249
251
4350
8448
257
8449
8452
4358
266
8459
4364
8460
4365
4366
4369
274
8471
281
8473
4384
4386
8485
294
8489
298
4396
4401
4405
310
4406
4410
4411
8507
317
4416
321
8514
4419
330
4427
333
4429
334
335
8527
4432
8528
4445
354
360
367
4463
4464
8560
4465
8563
8564
373
8567
378
379
383
8575
385
8577
387
4483
388
8581
8585
8586
397
4494
8590
8593
8595
405
8598
8599
8601
410
415
417
419
4515
8613
422
423
4522
428
429
430
431
4528
434
8627
8629
8630
8633
4543
4545
450
4546
459
4555
4556
464
4566
8662
8664
4571
476
4572
4575
480
8673
485
4581
489
4586
492
8686
497
4594
8692
501
8695
4600
4602
8700
8707
8715
524
8722
8724
533
8730
4636
540
542
8734
4640
8744
8745
4651
4652
4653
562
8755
4661
571
8767
576
4672
8768
4673
579
4675
580
583
4679
586
4687
4690
4692
4694
4698
4699
4702
609
8805
616
621
4719
624
4722
8819
633
4729
4731
4732
8828
8832
646
649
651
4750
656
4753
8849
4756
8854
671
8863
673
674
4771
4775
686
687
692
694
8887
697
698
4795
8892
708
4807
8905
4818
8915
4820
4821
8918
8921
733
8930
8935
752
4852
8948
8952
4857
4858
8956
4861
4862
8959
4866
770
4867
772
8964
774
8967
778
780
782
4878
784
8976
787
4883
788
8980
8981
8982
791
793
4889
8987
4893
803
804
9004
813
4909
9009
9012
4917
9017
832
9025
835
9028
9029
9030
9031
4937
4939
9035
9036
9037
846
9041
9045
854
856
857
859
4957
862
9057
866
4962
871
9064
4973
878
879
9072
4978
9079
888
4988
897
900
9092
9094
9095
9096
5002
9098
907
908
5005
5010
915
9119
928
5024
9122
931
5027
5028
934
935
5031
5033
9129
938
9131
9137
5043
9139
5044
5046
952
5049
954
5051
956
5053
5054
9152
962
963
965
968
5064
972
975
5072
977
978
9171
980
984
5080
985
5081
9178
5089
9186
9189
9190
5099
9195
9200
9203
5108
5112
1018
9210
1020
1022
5123
1028
5128
9225
5131
9228
1037
1045
5141
5144
1049
5152
1062
1063
5159
9255
1065
5162
9262
1073
5172
9268
1081
5178
1083
5179
5185
1092
5188
5189
1096
9289
9290
1098
1100
9294
1103
9295
5200
9296
5201
5203
1109
1110
1113
5213
1118
1121
9319
5229
5231
9327
1137
9330
9334
5239
9337
1153
1155
1160
5259
1167
5265
5267
9364
9366
5274
9373
1184
1186
9380
9391
5296
5297
9395
1204
9398
9399
5305
5307
5309
5310
9406
1217
5313
5314
9410
9412
9417
1227
9428
1239
5335
5336
5337
1248
1249
5346
9442
5348
1253
9445
5350
1257
9449
5355
5358
9454
5365
9466
1277
9470
5376
5380
1285
5381
1286
5389
5390
1296
9490
1299
9492
9497
1307
9499
1311
9505
5410
5413
5414
5416
1324
9516
5423
9519
5428
1334
9526
1335
9528
5433
1338
5434
5438
5441
5444
9542
5447
1353
5453
9550
9552
5457
5458
9555
9556
9557
9559
9563
5468
9564
1375
5471
5474
1384
1387
9580
1390
1394
9587
1397
9593
1405
5502
1407
5503
5504
9600
1410
1411
5509
9605
1414
9608
5514
9610
9611
9616
1425
9618
5526
9623
1432
5529
5531
9628
1443
9636
1445
9639
1448
1450
9646
5551
1457
5554
5560
9661
1470
9662
5568
1473
5570
5576
9672
9674
5583
5584
1497
9691
5595
1502
1508
1520
1536
9729
5634
1539
5636
9740
1554
9749
5655
1559
9753
5660
9760
5668
1573
5671
5674
1579
5679
1584
9777
5685
5691
1596
9789
9792
5698
5699
9795
1606
9807
9808
1617
1618
1620
9817
9818
1626
5724
5726
9823
5733
5735
5738
1646
9843
5748
1654
5754
1658
1659
9852
5759
5763
9865
5770
9868
1678
1681
9873
9874
9875
1689
9881
5786
9883
5788
5792
1698
5795
1701
1702
9894
1703
5800
1705
1706
5802
1710
9906
1715
9909
9910
5815
1720
9912
1721
1722
9915
5821
5822
9919
1730
9922
1735
9927
9930
5837
1743
9935
9938
5843
1749
5845
9942
9945
5852
1760
9952
5859
5860
5862
9958
5869
1774
9966
1775
9968
5879
1786
5883
5885
1796
1801
5898
9996
5901
5903
5912
1818
10010
5915
5916
10012
10016
5921
1826
5923
5924
10021
10023
10026
5931
5935
5938
1844
10046
5952
10053
5957
1862
5961
10058
5963
10059
5964
5966
5967
1873
5969
5970
5977
10076
1886
1888
1889
5985
10081
5987
10083
5988
1896
1900
1901
1902
1906
10101
10103
10105
6009
10106
1916
1924
10118
10119
6025
6026
10122
1931
10126
10130
10137
6043
1950
10142
6047
6049
1957
10152
1963
1965
1966
6064
10162
6067
1974
1976
6073
10171
10172
1981
6080
10178
1990
10184
1993
10185
10189
6097
2003
6102
10200
6106
6107
2012
2016
2018
10213
6119
6121
2029
6127
10225
2034
10231
6137
2047
10245
10247
10250
2060
10255
6164
2069
2072
10272
6177
2084
2087
6185
6192
6194
2100
10293
2103
10297
6203
2111
2113
6212
10310
10311
6218
10314
2131
2133
10328
2142
2143
6239
6241
6242
6245
2151
10344
6249
2158
2160
6257
2162
2163
10357
6262
10359
6264
2169
2171
2173
10366
6271
10368
2177
10379
2191
10384
2193
10385
2194
2196
6293
2203
2206
6311
10411
2220
6317
10418
2233
10427
2241
10433
10434
10435
6343
6344
10441
2252
6349
6350
6351
10448
10449
10450
2259
6360
10458
6370
2275
2276
6372
2279
6376
6377
6379
10475
10481
2292
10487
2296
6392
6393
2299
6398
2304
6405
2315
10507
2319
6415
2320
2324
6420
6421
10517
6424
2331
6427
10524
2333
2335
6431
2336
6432
10532
2342
2344
10538
6444
2349
6445
2353
10549
10550
2359
10553
10554
2363
10555
2365
10557
2369
6469
2375
10567
10568
10569
2381
6479
6482
6483
6488
6489
6493
2401
6499
2407
2410
6506
10602
6510
10606
10608
2427
2428
10626
6536
2441
2442
6538
2447
10640
6547
2452
6550
10646
10648
2459
2460
2461
10653
6558
2463
10658
2468
2469
10661
10667
6577
2482
10674
6580
2490
6586
6587
10683
6589
10686
6592
2501
6597
2502
6602
2509
10701
6612
2518
2522
6618
6619
6624
10721
2531
6627
2532
6628
10725
6630
10726
2535
6631
10727
10733
10734
2543
10736
10739
2548
10740
6646
2551
10743
2552
10745
10747
2556
2559
6655
2560
2562
10754
2563
6659
2577
6676
6679
10775
10782
6688
10784
6689
10789
2599
10793
6703
6704
10800
2609
10802
10809
6715
10813
10817
6722
6731
2637
6733
2640
6736
10837
10844
10845
10850
2662
6760
2665
6763
2670
6766
6770
2676
6772
6773
2678
2687
10882
10885
6793
6795
6798
2706
2708
6805
10901
2710
6808
2715
6814
6815
6816
2721
2722
6821
2729
2733
6831
2737
6833
2739
6837
2742
10934
2756
10948
10949
2758
2760
10952
6857
10954
10955
10957
6864
6867
2772
2773
10967
10968
10970
10971
2784
10978
2787
6884
10980
2789
6887
10983
2792
10987
10989
2798
6894
2801
6898
6902
11004
11006
6915
6917
6918
6921
2826
11018
6923
2828
11021
6925
2831
2834
6932
2841
6939
6940
2845
6941
6945
11041
6948
11044
11046
2858
11051
11052
6957
2863
6962
2867
11062
6967
2872
6968
11071
2882
11076
6981
2886
11078
6984
2889
11083
6989
2894
2895
6991
6993
11090
6994
2899
2900
6997
2902
11094
2908
7007
11104
7012
2925
7021
7022
7025
2930
11124
2935
2936
7033
2938
2942
11134
11136
2947
7043
2948
7045
7047
11143
7048
7050
2955
7053
7055
11152
7060
2967
7067
2972
11164
7069
11166
7073
11172
2984
2987
2991
7088
2993
2997
7093
2999
11192
3002
3007
7103
7107
11203
11204
11205
11207
11211
3023
7123
11219
11220
7125
3030
7126
11223
3037
7133
11229
3039
7139
7140
11236
3046
7144
7146
3052
11244
3054
3056
7155
11255
11256
3067
11259
3076
3077
7174
11271
11274
11276
11277
7182
7183
11282
7188
7190
3097
7194
11293
3103
7199
7200
3106
7206
11304
7209
7211
11307
3119
3120
3122
11314
3125
7221
7224
3132
3139
7238
3144
11344
3153
3154
3155
11350
7256
3162
3166
3171
7269
7270
11371
11372
7279
7281
3186
11386
11397
7302
3208
11400
7305
7313
3220
7318
7320
3225
3231
7332
3237
3240
7336
3241
3242
11438
3249
7345
7346
11442
7349
7350
7352
3257
7356
3261
7357
3262
3263
7362
7363
7365
3274
3275
7371
11467
11468
7373
7374
11476
11478
3288
11486
3295
7391
3297
7398
3304
3307
7405
3310
11502
7408
7409
11505
11506
3315
3320
11512
3323
11515
3326
3329
3332
7431
11529
11530
7439
7445
11542
3351
7449
11546
11553
3362
11554
7466
7467
11564
11569
11571
7477
11573
7480
11576
11577
7482
11580
11582
7489
11585
11587
3400
7497
3403
7502
3406
11598
11600
3411
7507
11607
3422
3426
3430
7526
7527
3432
3433
3435
3437
11632
3442
3448
7546
3456
7552
7553
3459
11652
3461
7557
11653
3465
11657
3467
3468
7565
3471
11664
3478
7574
11672
3482
3485
7584
3491
3496
11690
7595
11691
11693
3510
7609
7610
11707
7612
7614
7616
7617
11716
7621
3526
7625
7631
7632
3537
7633
11729
3538
7634
11731
11733
3542
7638
7639
7641
7642
11738
3548
11740
11744
3555
7652
11749
3557
7655
3566
7662
11760
3570
7668
3578
11775
7680
11776
7681
11777
3589
7685
3592
7691
11792
3601
7699
7702
3607
7703
3608
11801
3611
3614
3617
11809
3620
7716
11814
7719
11816
7722
7732
3640
7742
11841
7750
11847
11848
3660
11852
3662
3668
11871
11875
11877
11884
7789
7793
7794
11890
3701
7798
3707
3709
3713
3715
3720
3722
3730
3731
7833
11929
11931
3752
7848
3753
3754
11946
3756
11948
11952
3763
11955
11956
3766
3768
11960
7867
7868
3773
3776
3781
7877
11974
7880
3787
7885
3790
3791
7887
3793
3794
11994
12000
3810
7913
7916
12016
7928
3835
7931
7932
7933
7939
12037
12039
12040
7948
12044
3855
7960
7963
12060
7970
7973
3878
12074
3884
3885
12079
3891
12083
12085
12086
12088
7993
7994
12091
3901
12100
8005
12101
12104
3919
8018
12114
12116
3926
3929
3932
3934
8030
12127
12128
8034
3939
3942
12135
12138
3950
12142
3954
12147
3958
3960
12153
12154
3963
8060
8067
8068
12170
12176
8081
12178
8085
3992
8090
8095
12192
12197
4006
12200
4010
8110
8115
12213
12217
12218
4029
12221
12224
4040
8136
4043
8140
8142
8147
12246
8153
12250
8155
12251
12256
12257
8163
12261
12262
8167
12265
12269
4078
4080
4084
12278
8183
8190
12
384
2
98
84
69
53
313
11
76
140
398
367
159604