427
1024
1
2
6
7
8
1036
12
1037
14
1038
15
1041
2065
18
19
2067
1044
21
2071
24
1049
1050
27
29
31
33
1060
37
40
1065
1067
1070
1072
1074
1078
54
2104
1080
56
1081
1083
1084
60
1085
2109
63
1087
2111
66
67
72
2124
1100
77
79
1105
81
1107
2133
1109
1113
91
2143
95
97
2146
2147
1127
2153
105
2154
1130
1132
2156
2160
2164
117
1142
2166
120
1145
2169
1147
2172
1154
2181
133
2183
138
139
1167
1168
1169
1171
148
151
1175
158
1196
178
1203
1205
185
189
1215
1219
196
1221
200
201
1226
206
1231
1233
1234
1237
1245
224
225
1251
231
1257
234
236
1270
247
1273
251
252
1277
1284
1285
263
1287
267
268
1294
1297
273
277
279
1304
282
1308
284
287
1317
294
297
1325
1326
1327
1328
306
308
313
1341
1343
320
321
1345
323
329
1361
1362
341
344
1369
353
1379
1381
360
1388
1394
371
1396
377
380
382
386
387
388
1413
389
1415
1423
1425
401
1427
405
1431
1432
412
1438
415
1439
419
421
423
1447
426
428
430
1454
431
432
1462
1465
1466
1467
448
451
1475
1478
467
468
469
1495
471
475
1500
1502
1506
485
1512
1517
1519
1521
498
502
506
507
508
509
1534
519
1544
525
1550
528
1554
531
535
1559
1560
1571
551
552
555
558
1584
1589
1592
572
574
575
578
580
1611
590
592
594
597
599
604
1628
606
1632
1634
1636
1641
1642
627
628
630
1655
1657
637
642
643
644
1668
1672
650
1681
657
660
661
663
665
1690
679
1705
682
1708
684
1710
1719
1720
703
1728
705
1729
710
713
1737
714
1738
1739
715
1740
716
1743
1755
733
1757
737
743
1768
745
747
1771
1773
753
754
756
1788
1793
772
1797
774
776
777
1803
782
787
1812
789
1817
793
1823
1826
804
805
1832
814
1839
818
821
1849
1850
828
833
1859
1860
841
1866
1867
1868
1869
847
1872
850
852
1880
1892
869
1894
871
872
1900
877
1901
879
1911
1914
1915
893
1918
1920
901
1933
1942
1945
1947
1948
1951
928
937
1964
940
1965
944
946
1970
1972
1973
950
951
1978
1980
1984
963
1990
1995
973
1997
977
2001
2002
2004
2005
2010
986
2012
988
990
1000
2034
2036
2038
1016
1017
1020
1022
2046
17
32
99
163
4
7
136
138
44
47
111
81
114
84
20
151
59
95
5585