483
1025
1026
12
2060
13
1037
14
2062
16
1041
2067
19
20
1045
22
1046
2070
24
1048
2072
1049
2077
31
34
2083
1062
2087
1065
42
1067
2091
1069
46
2094
2095
48
1072
1075
2099
1076
54
1080
1081
60
61
2110
2114
2119
74
2122
2127
2128
81
2131
2132
85
87
88
2137
1119
2143
2144
98
1124
2149
1125
1126
2150
107
1131
108
2156
110
1135
112
1137
2161
1139
116
2165
1145
1146
2170
126
2175
129
2177
132
1158
2182
2183
2185
141
1167
2191
144
2192
2196
2199
152
1178
2202
155
2204
157
1182
1183
2209
2211
2214
166
1193
2218
2219
172
1196
2220
2222
1199
177
178
1202
179
180
1204
181
1210
2235
189
191
2240
1218
1219
2245
198
2246
2250
1227
2251
206
1231
1237
214
1238
215
218
220
221
229
1254
231
234
1258
238
243
1267
1268
246
248
251
1275
1277
1282
261
1296
1298
1304
282
1311
1313
1315
1318
296
1322
301
1331
311
314
1339
1340
317
318
1344
326
1353
1357
334
1361
338
1362
339
340
1365
341
345
348
1373
352
1377
356
1381
1382
1384
366
1392
369
1394
1395
373
374
375
377
378
1402
381
1412
389
1414
392
1416
393
400
1424
402
1431
1433
1434
412
413
1440
417
1444
427
428
1454
431
432
1457
434
1459
437
438
1468
447
449
1477
1479
460
1484
1485
468
1494
475
1501
1502
1509
487
489
494
501
1527
512
513
1542
520
1544
1545
1547
524
1549
526
527
528
529
1553
531
1556
534
536
537
1562
543
1568
1569
547
549
1574
552
554
555
556
557
560
1584
563
1587
564
565
1589
1598
1599
1600
578
585
586
1612
589
591
592
1616
597
599
600
1625
605
607
608
611
1640
1645
623
1648
1653
1656
634
638
653
1682
1688
670
671
675
676
1703
681
682
1708
686
691
1725
705
707
708
1733
710
712
1736
713
1737
722
1746
1748
726
1750
729
732
735
1759
1760
737
739
1764
741
1765
1766
1767
744
752
1777
1778
756
760
762
773
774
1801
778
1802
1806
782
783
1811
794
1819
1820
799
801
805
806
1830
807
1831
809
1833
816
817
825
1849
826
829
831
836
1861
840
1864
842
843
1868
1872
1876
1877
855
1880
857
1883
1885
1889
867
873
876
1900
1908
1910
1911
1912
897
1921
1924
903
1933
1934
1939
920
1945
922
1946
925
1954
1957
1963
940
1966
947
948
1973
1974
1976
1978
956
957
1981
1983
962
970
977
979
2004
2005
984
985
2010
987
988
2013
2016
2017
994
2018
2019
998
2025
2026
1002
2028
2030
2031
2032
1013
2037
1016
2043
2044
1020
4
38
91
27
60
1611