1462
2052
4100
6
4102
6153
10
8202
2061
4109
8206
2062
4111
8210
8211
4117
22
2070
4122
8218
6171
27
4125
31
2079
6175
8223
6176
8227
2085
4133
39
4136
8234
2092
4140
6189
2094
8240
4144
49
4145
6197
8245
6198
2106
4154
8250
2107
6204
6206
64
8256
65
8258
66
4164
71
6216
2121
8267
76
6222
4176
4178
6227
8275
4180
6228
8277
4183
2136
89
2137
8284
93
6238
94
2142
4191
8287
96
8290
8292
2149
102
4198
6247
4202
107
6251
108
2156
8300
110
4206
4211
8308
2167
4216
2168
6265
2170
4218
8314
123
4219
4220
8316
6269
4221
6270
6271
8319
4225
4226
6276
8326
135
6279
6280
137
138
8330
2187
140
6285
4240
150
153
2202
2203
4251
8347
6301
157
8349
158
4258
6314
8362
8363
8365
6318
175
4271
6319
176
6321
6323
8371
181
4278
8374
185
2233
4281
2235
190
2239
194
4290
6338
6340
198
2246
4294
199
4296
201
2249
2251
204
6348
206
2254
2257
210
213
215
216
219
2267
6365
222
2270
4321
228
232
6376
233
4332
6381
4335
241
243
244
4341
246
248
4345
2298
6394
2300
254
2302
4352
4353
6401
259
261
2309
263
2311
6410
6411
2316
269
4367
2320
274
6419
2324
6422
2329
281
6428
2335
4384
4385
6438
2343
2344
2345
298
299
4396
2351
2353
6449
2354
2357
6456
6457
4410
315
2365
6466
2372
2375
329
6473
4428
333
4430
4431
6479
4432
6480
338
2386
6482
2387
4435
6489
4442
356
2404
6500
357
2405
6501
4456
6507
365
2413
366
6513
6518
6521
2427
4477
6526
383
4481
4484
4485
391
394
6541
4495
2449
4497
4499
2453
6549
406
2455
2456
411
4507
4508
6556
2461
414
2462
4510
2464
4514
420
422
2470
2471
427
6571
2478
431
6577
4529
6578
6579
2484
4532
6580
4534
439
2487
6583
4536
443
448
4544
4548
6598
6603
4557
2510
4559
6607
2512
4560
4562
468
4564
470
6616
2521
475
2524
479
2529
6627
487
489
6636
4589
2546
499
2547
6643
2549
503
6647
504
6648
6651
508
2556
6657
2563
2565
4613
6663
2569
6665
522
2573
4622
2576
6673
2578
6674
531
6675
4628
6676
533
4630
2582
6679
4632
537
2587
6684
541
4637
4640
6689
2596
6692
4645
2597
550
6695
552
4649
6697
554
2603
556
6700
6702
6711
4664
2618
4666
2619
6715
573
4669
579
4675
6725
2630
6726
584
2634
4685
2638
6734
2641
2642
4690
595
4693
2647
2648
2649
602
6750
6753
6756
2660
2662
2663
617
4713
618
619
2667
4716
6765
624
2672
625
626
4724
629
2677
2678
6775
6776
2682
6780
639
4739
644
6788
645
2693
647
648
4745
4747
6798
655
2703
4751
6799
4752
4754
4755
660
6805
661
4759
6809
2714
6812
669
672
2720
2721
674
4770
4776
682
4783
691
4787
2740
6836
2741
4789
4790
2747
6843
2751
6848
2753
6849
706
4803
708
6852
4805
710
711
712
2760
6856
714
2762
6858
715
2763
4814
6862
6865
2770
6867
724
6868
2773
4821
6870
2778
731
4828
733
2783
4833
738
6883
2788
741
6885
4840
745
2793
6890
752
2803
4851
2804
4852
2805
6902
6903
2808
4857
6905
6906
2811
4859
6907
6909
767
4866
774
2822
6919
775
776
2827
2829
4877
6926
784
2838
2841
4891
4893
2850
4899
2852
2853
4902
809
4907
6957
6961
2866
6962
2867
4917
2870
6967
4920
6968
825
4922
4923
4924
829
4925
2879
835
4931
837
6984
4937
6986
4942
847
2895
4944
2898
4947
6995
2901
854
6998
855
2905
2906
859
2907
7004
2911
864
7008
2913
866
4964
4966
4967
4969
874
7019
876
2924
4972
879
883
7029
886
2934
7030
7033
4986
4987
4989
894
4990
895
7039
2944
4992
897
7043
4999
2953
2954
5002
2955
5004
7052
7053
910
2958
2959
912
7056
2961
5010
915
7060
2965
5013
2966
7063
5017
2971
2974
5022
7071
928
7073
7074
932
933
934
935
936
937
2985
938
939
2987
7083
942
5038
2991
2993
5041
2997
955
5054
3007
959
7103
3008
961
3010
963
7108
965
966
3015
3016
970
5066
3019
5067
5068
7119
5074
979
3027
5075
7126
986
988
7134
5087
5088
5089
3043
7141
999
7145
7149
5102
1007
7151
5104
1009
7155
7161
1019
3067
3068
7165
1022
5118
7166
5123
7172
3081
1036
7182
7184
5138
5140
1046
3094
3095
5143
5144
7194
3099
7198
7201
1058
1060
3111
1064
7209
7212
5165
7214
1076
3126
3127
5175
7223
5177
1085
7230
5184
5186
7235
3140
5188
5189
3143
7240
1097
1102
3150
7246
1104
3152
3156
1108
5204
1110
7255
1112
1114
5211
5212
7261
1119
1120
7264
3170
5221
3174
3175
3177
5226
1132
5229
7278
5231
3184
5235
7284
3189
7286
3191
5239
5241
7289
1149
5245
5246
1152
3200
7300
3210
7306
1164
7308
5262
1168
3216
5264
1170
5268
1173
3221
3224
7323
5276
3230
1183
1184
5280
1186
5284
7332
7333
7335
1192
1195
1197
5293
1198
3248
1200
7346
7347
1206
3254
3256
7353
7354
7356
5309
1214
5310
1216
7362
3267
3268
3269
1222
7366
1224
5320
1226
5323
7373
1229
3280
3281
1234
3285
5334
7383
3290
7387
1247
5343
5345
7394
1252
1254
3303
7399
1256
5355
1262
3311
5364
7412
1269
7416
1273
3322
7418
1275
5371
7419
1276
5374
5376
3329
3331
7429
3333
1286
7430
3335
7431
7432
5385
7436
3340
1293
3342
1297
7441
7442
7443
1306
3354
1308
3357
7453
7455
3362
1316
1318
3366
3367
3369
5417
5419
1324
7468
1325
3378
5426
3379
1333
7477
1334
1336
1338
3389
1345
7492
3397
5445
1352
7500
1357
5454
7502
5458
7507
7509
7510
5464
1371
5467
5469
7517
1377
7533
7535
1395
3445
1399
5495
5496
7546
1402
3450
5498
7550
1407
3456
7552
7553
7554
3462
7560
5514
5516
3470
5519
1426
3475
1429
1431
3479
5531
1437
3485
7581
1440
3488
5536
7584
5537
5538
3495
3497
3498
1452
7596
5549
1454
5550
3505
3507
3509
1462
7606
7607
3512
5564
3519
7616
3521
7617
1474
1476
7622
1480
3528
5577
1481
5580
7629
7630
1488
5587
1493
7638
5591
7639
1496
7640
3547
3548
1502
5599
7647
3553
3555
7651
1508
5605
3558
5606
3559
5612
3566
5614
3568
5616
5618
1525
1527
1528
5625
3578
5628
7677
5633
1537
5635
1541
7687
5642
7691
1548
1550
3599
1552
5648
1553
5653
7701
5655
3610
5661
3615
1571
5668
5669
1574
5670
3623
5671
7719
1579
1580
3629
5677
1587
3637
3638
1591
5690
5691
3644
7740
3645
1598
3649
1603
3651
5704
5705
5709
7759
1618
3667
1625
1626
3674
1629
5725
3678
5726
3679
1633
3684
5732
7783
5736
3690
1643
5739
1644
3692
5740
7789
1647
5744
5745
7794
5748
7797
3703
1657
7801
5756
1661
3709
7806
7809
7810
5763
3716
7812
3717
5766
5767
7815
1672
5768
3724
5774
7822
5777
5779
1684
7828
3733
7830
1690
5786
3741
3745
7841
1699
1701
3755
5804
1712
5808
1713
5810
1715
1716
5812
1719
3768
1722
3770
1723
1724
5822
5823
7872
7873
3779
5828
1734
1736
5837
1742
5838
7886
3791
1746
3794
3797
5845
5846
3800
5848
7896
1753
3801
7898
1757
5856
1761
5859
3812
5861
1766
7912
3817
7921
1780
7925
1784
3832
1785
1786
7931
1788
3836
5884
7932
1789
5885
5886
7936
7938
3844
1799
7943
3848
3849
3850
5898
1803
7948
3854
7951
1807
3856
7953
1811
3859
3861
1814
3864
1818
1819
3867
7966
3871
7969
3874
5922
7971
3876
1830
5926
7974
1831
1833
3881
5930
1835
3884
7981
1839
1840
3889
5937
3891
3892
5940
3894
3895
7991
1848
7993
5945
3898
7995
1854
3903
1857
8003
5956
3909
3910
5961
1866
3915
8014
5967
5970
5971
3924
5972
3929
5978
8027
1884
5980
8029
1886
5982
8030
8031
5986
8037
1894
1895
1896
5993
8042
3947
3950
8047
1904
3952
6000
8048
6001
3955
6003
6004
8052
8054
3960
6009
1915
1917
1920
8064
6018
8066
3972
1925
1926
3974
6024
1930
8076
6029
3982
6032
8081
1938
8082
6036
8084
6037
3990
6040
6041
8090
6044
3997
1951
8095
4002
4004
1957
4006
6054
6055
1962
6058
8107
1964
4013
1971
4020
8116
6075
8124
6077
8126
4033
1987
8131
6084
1993
6090
1995
4043
1996
1997
6093
8142
2001
8145
4051
6099
4052
2006
4054
6104
8152
8154
2012
6108
6111
2016
4064
4065
8161
4067
4076
2030
8176
2034
2036
6133
4085
2042
4090
6139
8189
2046
2047
15
128
389
69
101
359
9
397
79
343
311
152
26
314
124
253
84888