4355
32769
32770
16387
24579
24580
16391
32775
8200
24584
9
32783
32784
18
8210
16403
8213
32789
8214
24
24606
16416
8225
8226
34
8227
32803
24612
37
38
32808
42
8235
49
51
16439
56
32824
16441
8253
16445
62
8254
8256
32833
16450
24645
32838
24647
72
73
24649
24651
8270
24654
8272
83
16467
24660
32852
86
24662
24663
24665
32859
8285
94
16479
32863
8291
16485
16486
32870
24679
32871
8297
8299
8301
113
16500
8309
24694
8311
8312
8313
126
32897
24707
32899
132
8334
144
146
147
149
32917
8344
16538
24730
8348
24733
8350
8352
162
32939
173
16558
24751
16560
24754
185
16574
190
8382
8384
32961
195
16579
8388
8390
32967
203
16587
24779
204
8400
211
16595
24787
8406
16598
16603
220
24796
221
8413
223
16608
16609
16612
24804
8422
16615
16616
33000
24813
8432
247
8440
16635
33019
33022
8447
16639
24832
8450
8451
24836
16652
24845
8463
272
33042
8475
24862
8479
33056
33058
292
8484
297
16682
8492
8493
8499
8507
319
8512
33088
321
8515
24901
24903
33101
24910
335
336
339
16726
347
33115
33118
33119
357
8550
8551
24936
24937
33129
24941
16749
368
369
16753
16761
379
8573
16765
8576
16769
386
387
391
8584
8586
16779
33164
24972
16785
402
24979
408
8600
33181
8610
33186
8611
16807
25000
427
33195
33196
8623
16818
25010
33203
25012
438
16824
33212
450
16837
454
8648
8651
461
463
33231
33232
25042
25043
33237
8668
477
33247
25059
25064
489
33257
33258
493
8687
33263
8688
502
25080
8699
16892
16896
25089
516
16900
33285
8709
518
519
8711
520
8712
16904
25096
8714
33292
525
33295
528
8720
16912
529
8721
16913
16914
33299
16916
33300
8725
33301
534
8728
537
8734
25119
548
33317
16934
16936
25128
555
16940
557
16941
558
8751
25135
563
33333
8759
33340
575
8768
577
8771
25156
583
25159
33355
8780
588
16972
589
16975
33361
8787
8788
33364
16982
599
33368
16985
601
25180
33373
16990
33376
16992
609
33380
16997
615
8807
16999
33384
25193
33387
622
33391
8821
25207
632
633
33404
17023
8832
17026
25218
33411
8837
25221
33414
8839
17032
650
25228
33420
33421
8849
33426
658
8856
17049
33433
8864
673
674
8866
33444
679
8871
8873
33449
33450
8875
25260
689
8881
690
8883
8884
17082
8891
25275
700
8892
25276
8895
704
705
706
707
25283
709
33485
17103
8913
17106
25302
25303
17111
728
33502
735
33504
17121
25313
33511
33513
33514
33515
17133
33519
8944
33520
753
33523
17140
8955
764
25340
33532
8959
25345
8962
8963
25350
777
8970
17162
8971
17164
782
783
8975
25359
8980
25364
8981
25365
17174
33560
792
793
33563
8990
17184
802
25381
17190
33576
33577
17194
17196
17197
25390
9010
25395
33588
33589
822
17207
17211
9021
17218
9028
25413
17222
840
9032
17224
17225
843
25420
845
846
850
853
9046
855
9047
33624
9051
33633
17249
9058
33637
9063
9064
9066
9069
25454
879
9073
9074
17266
25458
17267
25459
25461
17271
17272
25465
33657
25468
17276
893
17277
33662
17279
33668
25477
33670
902
25478
25481
25482
17294
910
9103
25489
9107
17299
17300
17304
25498
9116
25500
9123
17318
939
17324
17327
17332
25524
33716
17333
25527
25528
9149
9150
17347
9157
33738
9171
17364
25557
17366
17368
33753
25564
9181
25565
990
25567
991
992
9186
17379
9195
33772
9198
33774
25583
9201
17396
33781
1017
1019
17405
1022
1023
17408
9218
1028
1032
9224
1034
9226
17419
33804
1037
9232
1042
9239
1049
25625
9242
1050
1051
1055
17439
33828
9253
17447
1067
9259
9260
1069
9261
33837
25646
25648
33845
1083
1085
17478
25672
17481
25673
9290
1099
9299
25685
33879
1113
33881
33886
17504
1122
1123
9316
1125
33895
1127
17511
25706
17515
1133
33901
1134
33904
17521
17522
1138
25716
9333
25718
33911
9337
33913
25727
33920
9351
25736
1163
9356
25740
17550
33937
9364
33940
25749
1174
25755
33947
33950
9376
1186
33954
1192
9384
9385
9386
9389
17581
9392
17584
9393
33972
9397
1206
33974
33975
1208
1210
9405
17598
9407
9408
17601
17602
9412
9413
17605
9415
33998
1230
25809
34001
34002
9429
9432
17624
25818
25819
9436
17628
17631
17633
25827
1252
9444
25829
1254
17638
34023
1256
9448
9449
9453
17646
1265
34033
17652
9461
34037
9462
34039
9464
9466
17658
9472
34050
25862
9479
9481
25865
17675
34061
25872
9491
34067
9493
25878
9497
17689
17695
17696
34080
17697
25890
17699
34086
34087
25897
34093
34094
9521
9523
17715
34099
1334
9526
34102
17719
9531
1340
1342
25918
34111
25920
34116
34117
34119
17736
25928
9545
17738
34122
25932
9549
25937
34130
34131
1364
17749
34137
25946
1371
17760
1379
1383
17769
9577
34154
1390
9582
9587
9591
9595
17788
17789
34177
25986
17796
9607
34184
17801
1418
9611
9612
9615
9616
9617
1428
34196
34198
34200
17819
34208
9633
26018
34213
26023
34215
34216
1448
1449
17835
1451
9645
17839
26031
17841
9650
1462
9656
26042
1471
1474
17860
34245
34246
17865
9674
1485
9677
17870
26066
26067
26071
17879
26072
9692
1503
17890
26084
34278
1513
9706
26093
34285
1519
34287
17904
26096
26097
1524
9716
9718
17911
26110
34306
1539
34309
17930
26122
1547
9739
26125
17937
1555
34327
17945
26137
34333
9760
17953
9765
34342
34343
1576
17962
26157
9783
1592
17977
9786
17979
9788
17980
26174
1598
9790
34369
1603
26179
34371
1607
34377
1611
17998
9806
18001
1619
1622
34394
1627
9819
18011
9821
9822
9823
26207
1632
18016
18017
34401
1635
9827
9828
34404
34407
9832
9833
1643
26220
18030
1647
1651
26227
1653
1657
34427
18045
9858
34434
9859
18053
1670
1675
18059
34445
1677
34446
1680
34450
18067
18072
26266
9883
1692
9886
26270
26271
18084
9896
18088
26280
18089
18090
9899
34478
9906
9908
1716
26292
1721
26297
26298
9919
26303
34498
9923
18116
9926
18118
34502
9928
9930
26315
26316
34510
9936
18129
9939
34516
1749
9941
9945
9947
26335
34530
18151
34536
26344
1769
9963
34544
18160
1779
9971
9972
18164
18168
26360
34552
18174
34558
34561
18178
1795
9987
34564
1798
18182
1801
1803
10000
10002
1811
34582
26394
34586
26395
1824
34593
10023
1832
10026
34603
26415
18224
1844
1845
10038
26423
1848
1851
34620
26430
26431
1857
26435
1861
26437
34630
10061
18261
26456
1884
18269
34653
10078
26465
1890
26467
34661
34662
18281
26478
34672
10098
26485
1920
18304
10113
34689
26503
1928
10122
34699
10127
34703
26513
26517
1943
34714
1946
26525
18334
1952
26529
34723
1956
34726
10153
34731
1966
10158
18351
34736
18354
34739
1975
10167
18359
18360
10171
18364
1981
26557
1983
10176
18372
34756
34761
1994
10186
1995
34764
26573
34768
2002
26579
26582
2008
2009
26585
10204
10205
34781
18400
10209
34787
18407
26600
10218
2029
18417
34801
18418
10227
26611
18420
26612
26613
34805
34806
34808
10234
26618
26619
34814
26624
2051
18437
26629
10247
2057
26634
34826
18444
26636
34830
18449
18453
18454
18458
2076
2079
18463
10274
34850
2084
18471
26663
34855
18474
34858
10283
18476
26668
2093
2094
18481
26673
2099
10292
2113
18498
26690
10311
34890
10316
18508
18509
18511
26705
18517
34901
10327
2137
10330
26720
26722
34914
10340
26727
10345
2156
2158
2160
34929
2167
26743
2171
2173
34941
2175
18562
18567
10377
26762
34954
18572
34957
2192
18578
34962
34964
2197
18583
10391
2202
2203
10395
18588
26780
2205
18590
2208
2209
10402
2211
18595
26789
18603
34987
34992
10417
2225
26801
26802
10421
26806
35002
2235
26811
26812
10429
18621
18623
2240
26816
10434
35011
18628
26821
26822
2247
26824
35016
2254
35022
18643
10453
10455
35035
10461
18655
2278
18662
2279
35048
18664
18665
18667
2286
10478
18670
18671
18672
10481
10482
18674
2294
10486
35062
10490
35068
10493
35071
2305
2308
26887
35080
2314
18701
2320
26899
26900
2326
10519
26903
35095
26906
35098
10524
2333
26915
2347
35118
2351
10544
18737
2355
10547
26931
35125
26934
18742
18746
10555
26943
10560
18754
26949
18758
10567
2376
10568
26952
26955
10572
18764
10573
18766
35150
35151
2385
10578
18771
35155
10581
35157
35159
2392
10587
18780
26972
26974
35168
2402
26979
26983
18793
35182
2422
35192
10617
27001
10621
35198
2431
10623
2433
35202
2434
18818
27010
2436
2437
35209
18828
2447
35216
10642
18834
2451
35219
35220
2453
18838
2454
27030
27032
35226
2460
10653
18850
35236
27045
10662
10665
27049
2476
10669
10671
27055
10673
10674
35250
2483
10675
18867
35253
18870
27062
27064
18873
10682
27066
2492
18879
18881
2498
10693
27079
2504
18889
35273
35274
18892
27084
27092
2518
10710
27094
27099
35292
10718
10719
10722
35300
27109
35301
18919
10728
27114
18923
2542
35310
10735
10737
27121
35313
18930
35316
18933
2550
10744
18937
10747
2556
18942
2559
2562
35331
10756
35337
2570
10762
18957
27150
27151
2577
35345
2578
27155
35348
10774
10775
27161
10782
27166
2591
10784
2595
10788
10789
10790
18983
35368
27177
10794
18987
35375
27184
27187
10813
10815
10817
19009
2635
10827
19022
35407
27215
2640
19024
27219
35414
2647
10839
2648
35421
2654
2658
10854
19047
27240
19051
35435
10867
19059
35443
10869
2678
27254
35446
2683
2684
27261
10879
10884
19076
27270
2698
35470
27282
10901
2709
35477
2710
10902
2712
10904
2715
19099
19100
27293
2723
27300
10916
2726
27302
35494
27306
19115
10924
35500
35502
2736
19121
19122
10931
2740
19124
2741
19125
10934
35510
2745
27323
27325
2750
10942
19134
2751
35522
27332
27333
35525
27334
10952
2761
19145
35530
2767
35536
10962
2774
2778
27358
19169
2786
2788
10982
10983
2792
10984
27368
10985
27369
19178
2801
19185
35569
10995
27380
2805
2808
27384
35576
35578
35579
2814
11015
19208
11017
19212
27405
19214
19215
11024
27409
19219
27411
35604
35607
27419
35611
2845
11037
11039
2849
11042
11044
35620
2854
11046
2855
27431
19241
2859
35628
19246
35638
19257
2875
11067
2876
11071
19267
19268
2885
2886
19272
2892
19277
11086
27470
19279
2897
27474
2909
2912
27490
11111
11112
2926
11120
19312
19313
11121
35697
27507
35699
19318
2935
2936
11129
11131
19324
35708
27519
11136
27520
35716
11141
11142
35720
27529
35723
2956
11150
19343
2960
2962
27539
19348
35738
11163
2973
27556
35748
11173
19365
35750
27560
11180
27564
11181
35759
2995
11187
2997
35765
11191
11192
3003
3007
3011
27587
11206
27592
11211
11212
19404
3022
27599
11219
3030
27606
19415
11224
27608
3035
3036
11229
27614
19423
11233
27618
3043
3044
27622
3046
3047
3050
27627
27630
27634
3060
3063
19448
27642
3067
19451
35835
19457
35844
19460
3076
19461
3079
11271
27656
11274
35850
11277
35853
19471
3088
27665
35858
35864
27673
11290
11293
35876
11305
3116
11309
11312
27700
3133
27710
3135
19524
11334
27719
11336
19528
27724
3149
11342
3154
11346
19538
19547
35932
11358
27742
19551
27743
19555
27747
27748
19559
3177
11369
27753
35951
3184
35952
11377
3185
19572
19573
19574
19578
35962
11389
3200
11392
3201
27778
19587
27780
3208
19594
27786
19595
3212
35980
11405
3218
27794
11411
35987
11412
3222
35995
3229
11422
35998
36000
11425
36002
36005
11431
11432
27816
3241
19625
19626
19628
19630
36018
27827
11444
36021
11446
36023
11448
36024
27835
3261
11454
19649
3270
19654
36039
36041
36042
27852
11469
36045
19662
27854
36046
3281
27859
3284
27864
11481
19673
11482
19674
27870
11486
11488
11490
11494
3306
27882
36075
3308
3309
27885
27891
36086
3318
11512
36088
27897
11515
19707
11516
3327
11520
3333
3336
27912
3339
19723
27915
27916
3342
11539
36116
3349
27925
36118
19735
27929
3357
36127
27936
11556
19749
27941
11558
11560
27946
11563
19758
19761
36145
11570
36146
19763
19764
3381
27957
27958
19769
11577
27962
19772
19775
36160
27969
11586
19779
3398
11594
27978
19789
36173
27983
3408
19792
36177
27985
27986
3417
19802
11612
3420
36189
27998
28004
19813
36198
36199
28011
3438
3443
3444
19830
36214
11641
3451
3453
3454
28031
11655
36231
19848
36233
11658
3467
3469
3470
11662
11664
28050
3474
19858
19859
11670
19865
11677
19870
11679
3488
19872
36256
11682
19875
36260
28071
36263
11688
11693
19885
3503
3504
19888
3506
11702
28086
36280
28091
36285
3518
3519
19903
11713
11722
28107
36300
19917
11728
19920
11731
28117
19927
19928
28124
36316
3551
11743
19935
36319
36324
19941
28140
11757
11760
28144
11766
28150
28152
36344
28153
11771
36347
19964
19967
28168
19979
11793
28178
3603
11795
19988
28181
36373
28182
3609
11802
3611
11806
28190
36382
28193
36385
28194
28195
20005
3622
11815
28201
20018
11828
3637
28215
36411
3647
36419
11848
20042
3659
20043
28236
11855
3664
20051
11861
36437
28246
11863
28249
11867
3676
36445
3678
20064
20069
11880
28264
20073
36463
20083
36467
36469
11894
20086
20088
36472
11898
28282
20091
36475
20092
28284
36476
28285
28288
20097
3714
3716
11908
20100
3719
20104
36488
3721
11913
11918
20111
3728
11925
3736
11933
36509
36510
11934
3743
28319
28320
20132
3754
11946
28330
11947
36523
20142
11954
3766
36536
11961
20153
11962
20155
36541
20159
3776
11970
3786
28362
3787
36555
11980
28368
11988
28374
11992
11994
11996
11997
28384
20193
3810
3811
28389
36583
28393
28394
28396
28401
20212
3830
3831
3832
36600
20217
12025
3837
12029
3840
36610
28418
36613
20230
36615
28424
36616
20234
28426
3851
3857
28434
3859
3862
12054
20247
12056
36632
28441
12059
28444
20256
36642
36647
3880
3882
12075
36655
36657
28466
3894
20278
36662
36664
36666
28474
36668
28478
12095
20287
3904
3908
3913
28490
20301
3919
12112
3922
3923
36691
20309
36694
28506
20318
28510
3937
36706
20324
20326
3944
12136
12138
20332
3949
28525
28531
12149
20342
28535
3961
36729
3962
12154
12156
20349
3966
12158
3967
20351
3968
28544
36739
28550
12171
28556
3981
36753
3986
20375
12184
12188
3998
12190
28574
20384
20386
20388
12198
28584
12202
4010
36778
4011
12203
12206
4018
12212
20406
28602
20413
28607
20418
28610
12228
28613
36806
12233
28617
36809
12235
28619
4044
36812
36813
12238
28625
36820
4056
28634
4059
12253
12254
20448
36832
36833
4066
36837
12262
4071
4073
12265
4075
28652
12273
4087
12280
20472
28665
20476
12286
28673
20485
36869
28678
4103
12296
12297
12298
20495
28687
4112
4117
36885
12311
12312
12317
20509
4126
36903
12330
4139
28718
36912
4145
20529
36915
4149
28726
4152
36921
20538
20539
28734
36928
4161
12358
12362
12367
12368
12370
4182
36954
20574
28767
36961
12385
36963
28774
12392
20584
4202
12394
20586
20591
12400
12403
20597
36981
4215
28792
12409
28793
36989
12414
28798
12419
4232
20618
12427
28812
4237
12433
4242
28822
12443
28829
4256
28832
12449
12450
28834
28835
20644
28837
12454
37031
28843
4269
4270
20655
4274
12466
4275
28851
4276
12472
28857
4282
4283
4285
12477
20669
20672
20673
37057
37059
12484
37062
12487
20679
37067
4299
28876
28877
20686
12494
28882
12499
37076
12502
12503
28890
37083
12509
28893
12511
12514
12515
28899
20708
28900
37092
20709
4327
28903
4328
28904
4329
20718
4334
12526
28911
28913
12530
37106
12532
4341
20726
28918
37111
4350
12543
12544
28930
28935
12552
4362
12555
12556
12558
20751
4370
4371
28949
37143
37144
20762
12572
28958
37155
28966
4395
28971
4397
20781
4399
37167
37168
12593
28978
4403
20787
37171
37172
37173
12598
4407
28983
4409
12602
4412
20798
37182
37183
28994
28995
12612
20805
12617
4428
4429
20814
4432
20817
4434
4438
29014
37206
12633
29017
4444
12636
37213
12646
4454
4455
20839
4456
12649
29033
20842
37236
4468
29044
4469
37238
4471
12663
29053
4478
20863
20865
12684
29071
12688
12689
12692
37272
4509
29085
20894
4514
12711
4520
20904
4521
20905
4523
4525
37295
37298
29109
12726
20919
20927
20928
20929
37317
4549
29125
20934
37320
12747
4555
4565
20954
29146
37338
20958
29152
4579
20963
20964
4582
37352
37354
37357
4591
20975
12785
4593
29171
4596
12788
20982
29174
12792
37368
12793
12795
29185
4609
20994
4611
4612
29191
37385
12810
37386
21008
29201
37394
12819
29205
37402
4635
4637
29213
21027
37411
29220
21030
12842
4652
29228
37425
21042
37427
12853
4663
21048
12857
4667
4668
12860
29245
29246
12864
21061
12871
21064
4681
29259
37452
29262
12879
29263
12880
4691
37459
21076
37461
21078
37463
29272
4698
4699
21083
4704
12897
37474
4708
4711
29287
37479
4712
12906
37482
29292
21101
21102
12911
12912
21104
21107
37492
4726
29306
4738
12930
29320
12942
21135
37519
12946
12947
37523
37524
12949
21142
21145
12957
37533
4766
12958
12964
21156
21158
29352
12968
4777
29354
29356
29357
37553
4787
37555
21175
12987
21180
37564
12989
29374
29375
21184
12996
21188
12997
21189
37573
29385
29386
4815
37584
21202
4819
21208
4825
13018
4828
4829
37597
4831
29411
29416
37609
37610
29421
21230
4847
4848
29424
21237
4857
29433
4859
21243
37627
21248
37633
13059
29443
29444
13062
4871
21255
21260
4877
29457
37650
4883
21270
21273
4895
13088
29472
4898
13091
21285
37669
4903
13101
21293
13102
4911
21295
21306
37694
29507
37699
13125
29513
13134
29520
21331
4951
4952
21337
37721
29530
4956
4957
4958
29535
29540
4965
29543
21352
37739
4973
29550
4976
29552
4980
21366
37752
4986
21370
13180
37759
4991
4992
13184
37761
21381
13189
13191
29578
37770
21390
21391
5011
13205
29590
5019
29595
5021
21406
37794
29603
37795
37796
21414
37800
5034
37802
37803
13228
29612
37805
13232
5042
37811
13235
37812
13237
21429
29623
13241
29626
21435
37819
5052
29629
13253
21446
5063
13259
5070
13264
37842
37844
21460
13269
37846
5079
13273
37849
5082
29665
13283
29669
21479
29672
21482
13292
29676
21485
29677
21487
37872
13298
5107
29683
21494
29686
13303
13305
21498
37883
37884
37886
29696
5125
13317
29702
29703
13320
13325
13326
37906
5139
13331
29715
37907
29716
5141
21529
5148
21532
21535
37920
13348
37926
13352
5162
21548
29741
13358
13359
29745
5173
29749
5175
29752
21561
37946
21564
21567
5185
5190
37959
29771
5198
21583
37967
37968
5201
29778
37981
21599
37983
37984
5217
21604
37988
5221
29798
13416
21609
29803
13421
29805
13422
5235
29811
5237
29813
21622
38006
21624
21626
38010
21627
13439
29823
29826
38018
21636
13444
13445
5254
21640
29836
38030
5264
21648
21649
13458
38034
13459
5268
38039
13470
21662
13473
38049
13474
5291
21678
13487
29873
21688
29881
38082
5315
13508
21705
5323
29900
38092
29902
29903
13520
13521
21714
21717
21722
38107
21724
29917
29920
13537
38116
38126
38128
5365
21754
13565
13566
29955
5383
38152
13577
5387
29963
5388
38161
13587
13588
5397
29974
13596
5407
13603
5415
5417
38185
21804
5421
21807
5426
13621
5431
13628
5438
21822
5439
30017
5442
5444
30020
30024
13643
13645
13646
5456
13650
30035
13653
5462
13657
13658
13659
21853
21854
13663
30051
21860
5477
30053
13672
30056
21866
30058
13677
30063
13680
21872
30067
30073
13691
30075
21884
30078
13699
21893
30085
30090
21899
30095
21906
13716
5527
30104
13721
21915
13727
30112
13737
30129
13745
13749
30136
30139
13756
30141
13758
30142
5571
30147
21960
5578
5582
21967
30159
21973
30170
21980
13789
30173
5611
21996
13807
5618
30200
22009
5639
5640
22024
13834
30224
13841
13842
13844
13845
13847
13848
30233
22042
5660
22045
22047
5667
22053
30246
22060
13869
22061
22063
5681
30257
13874
5683
22069
5690
5691
13883
22076
30274
30277
5702
13896
22091
13901
22095
5712
5713
13908
13911
22103
5722
5723
30303
22112
30304
30309
30310
5739
22124
30318
22129
30322
5747
13939
5748
13941
13943
22136
5754
5756
13949
30334
22144
13953
13955
13956
22149
5765
22150
30343
5771
22157
5774
22159
5777
30355
22164
22167
22168
5786
13978
22170
30362
30365
5791
22176
30368
30369
13986
30370
5795
13987
30376
13993
14002
22198
30390
30392
5822
22206
22208
14018
30403
30408
14028
22222
5844
5846
14040
30425
22235
14043
22237
5856
30432
22244
30438
22249
30441
30445
22257
5876
14069
5884
22272
14081
22273
14084
14085
22277
5898
22282
14093
30478
14102
5911
22295
5912
30493
22309
22312
30507
14138
5947
22331
14140
30530
5957
14149
30533
22346
30539
22350
14161
22356
22357
30550
5974
22358
30553
14170
22362
22364
14173
5983
14175
22367
22375
30568
22379
22384
22386
22391
22392
30584
14201
6011
14213
22407
6027
30603
6030
22415
14226
30611
22419
30617
30621
30626
14246
22439
14248
6065
14258
30643
14260
14267
22460
6077
14274
30658
14277
30661
30663
22472
6091
14283
22478
30671
14289
30673
6098
14291
22483
22484
14295
6113
22498
6129
30705
22517
14327
22521
6139
14332
22524
30717
14334
30719
14337
30722
14339
6150
6154
14348
14350
30738
30739
6164
22554
22558
30752
6177
14369
22562
30755
14372
6182
14384
6193
22578
6196
30775
14398
6207
22591
6211
14404
22596
22598
30792
6224
14419
22613
14422
14423
30809
30812
6240
14433
30821
14441
6251
22635
6255
30834
6260
6262
22646
6269
22654
6273
30850
22660
22664
14475
22667
6285
22673
22675
14485
22678
14487
22679
6301
22685
14494
30879
30883
22692
6310
6311
6313
22700
6317
22701
14510
14518
22713
30907
6333
14528
14533
30917
14535
14536
22731
6351
22736
6353
30930
30932
30934
6361
6362
30939
6363
30940
6366
22752
30944
14561
14562
22756
14564
6375
6376
22763
6381
14577
22771
6389
6390
14586
22780
30975
30980
14598
30983
22792
6410
30989
6414
14606
6415
6417
30993
30994
14613
31002
14620
22818
6434
6435
14628
22821
22824
31020
14638
22831
6449
14641
31026
31027
14645
31031
14650
31034
14651
31035
14652
22854
6471
6476
14668
14669
22865
31058
31060
6485
6487
6488
22873
31065
6496
31073
6500
31077
14695
22887
14698
22893
22894
31087
22896
31088
6518
31100
22912
6531
6532
6543
22928
14737
14744
22943
31135
22944
14755
31140
22953
14762
22955
22957
6573
14766
6575
14769
31153
14771
6582
22969
6587
22974
22975
6594
14786
22979
22987
22988
14799
22993
31186
31188
6614
31192
31195
6620
14813
23007
6626
6629
31207
6634
23023
31216
31219
6646
6647
14842
23035
31234
31237
31241
6670
14865
23057
31259
6685
31261
6686
14887
23079
6701
31284
14902
31288
23099
14909
31294
31295
6720
31301
6726
6728
6730
14922
6731
31307
6734
23125
6743
6745
31322
23130
6748
6749
6750
31326
6752
14950
31335
6760
23144
31338
6762
31340
31341
23149
14961
23155
23156
14968
14970
6781
14973
14975
23169
31362
14979
6787
23172
31366
14983
31367
31373
31376
14993
14998
6810
23195
23197
6814
6815
23200
6819
15011
6826
15018
6829
15021
6832
15025
15029
31415
6841
6842
15034
15043
6851
15044
23236
6853
31430
15050
15051
23250
6867
15059
31446
6873
31452
15069
6877
31453
6878
23264
15073
31459
31461
31469
31475
31478
23287
31479
23291
15100
23293
31485
15103
31487
31489
6914
6924
23309
6930
6932
23316
15126
15133
15135
23330
23334
23337
31531
6956
23343
15152
15153
31537
15156
15157
6969
23353
6970
31547
6972
23358
31550
31551
15168
6977
23361
15171
6982
31562
15178
6989
23374
15184
15185
15186
23378
23379
15192
31577
15194
31582
7007
23392
31586
15212
15214
7028
23416
31611
23422
31616
31618
7047
23437
7054
7055
23441
31634
7060
31637
7062
15254
7063
15256
7066
31643
7069
15261
15264
23456
7073
7075
15269
7080
7084
31662
23471
15280
7090
15284
31669
31671
31674
23485
23487
7104
15296
7106
23490
23493
31688
7113
7115
31692
15309
23502
7118
7123
15322
15326
23519
15327
7138
23522
7139
15336
23528
7152
7154
31730
31734
15351
31739
23548
7164
31747
31752
7177
7179
31755
31756
15374
31760
15379
31763
31766
23579
31773
7198
15391
31775
31777
7203
23587
23589
31781
15401
23594
15403
23600
7218
31794
31800
15420
15424
7233
7234
15426
23618
7237
15431
31815
7249
23638
31831
15448
23642
23643
15452
7261
15454
23649
23650
15459
7271
23655
23657
15467
31852
15469
23661
7279
23664
7282
23667
31860
7286
23670
15482
31880
7305
23694
15503
23696
7313
7318
15513
31898
15519
31904
15528
31914
7343
15537
7347
15539
31924
15541
23733
7350
23734
15545
15547
31934
7359
23743
15553
31937
7364
7366
31942
15564
31954
7382
15574
15576
7384
7386
23774
23775
15589
31982
15600
23792
7409
15601
31990
15607
31992
7425
23810
23812
7429
23815
23817
7437
32013
15635
7447
7450
7451
15648
32032
32035
32036
7463
23850
15661
15667
7477
7479
15673
23865
7482
23866
7483
32059
23874
7491
23876
7493
32069
15690
23883
23887
15697
23891
7514
32093
15714
32098
7525
15718
32102
23918
15727
15734
32118
23929
7546
15738
7548
15740
15745
7554
15746
32130
32138
7563
32139
7565
32142
7579
32155
23964
23966
32164
23977
7595
7600
32177
7601
7604
23988
32185
15803
32189
23997
32190
15811
24004
7621
32203
32205
15822
15823
7633
32209
7634
24018
7635
24019
7637
15835
32219
24029
32221
32226
7651
7653
15845
15848
24041
15850
24046
7665
32241
15860
32248
15865
15866
24059
24069
7688
15881
15887
15894
15895
24093
15903
24097
24098
32290
15908
32292
7724
7727
7728
24114
15923
24115
32309
7735
32313
32316
24127
24131
7750
24136
32329
7754
7755
7756
32332
7758
32334
7760
15952
32342
24150
7770
15963
32348
32349
7774
15967
7777
15970
32354
24167
7784
24169
7788
7793
24181
32373
15990
24182
32374
15992
7803
15995
7804
32382
7810
24195
32393
32398
32399
24208
7827
7828
16023
7831
32411
16028
24220
16030
24222
7840
16032
16033
7843
16039
32423
24234
16044
24237
24239
7855
16049
24241
32433
7858
16052
24246
16057
32442
16060
7869
24258
7876
32452
16069
7880
24267
7884
7887
24271
24272
16082
24274
16085
7898
24282
32474
24285
24294
7913
32490
16107
32492
7917
16110
24306
32499
24308
24309
24311
32503
24314
16123
32509
32510
32511
24326
16135
7946
32523
7950
7951
7952
7955
24344
16152
7961
7963
7964
32540
7965
24349
32541
16159
7968
7970
7975
32552
7977
7979
24364
24365
7982
24370
7988
24384
8002
8004
24388
8005
16197
32586
8012
32588
16213
8025
32601
8026
16219
16220
24414
8035
24424
16235
8044
24428
24430
8050
32626
16246
32630
16247
16248
8058
24444
24445
8070
32646
8071
24456
32648
16265
8075
8076
8077
32661
32667
16286
24480
24482
32674
16292
32676
32677
16303
8117
24507
32699
16316
8125
16323
24516
8133
16325
24517
16331
24526
32719
24529
32725
32728
16345
16346
24539
8162
32738
32742
32747
8173
32749
8176
16375
24568
32762
24573
8191
6
1
421
469
302
175
383
2.10