547
0
1025
1026
1027
3
1033
11
1035
12
1036
14
1040
17
18
20
1046
22
1047
1049
28
1052
1053
33
38
39
1064
43
1067
44
1068
46
1071
1074
52
1077
1078
1079
56
57
59
61
63
1088
1089
1090
67
1091
68
1093
71
1095
72
73
1098
1101
1102
1103
79
80
1107
1111
88
1113
91
93
95
101
1125
105
106
1130
1131
113
1137
115
117
1141
118
119
120
121
123
125
1149
1152
1153
130
132
133
134
1158
1159
1160
1161
1162
140
141
1167
1168
144
149
150
1177
153
154
1178
155
1180
156
1181
157
159
1183
1184
161
1188
1189
167
169
1196
1197
1200
177
1201
1202
1203
181
1205
1207
184
185
188
1214
191
192
195
1219
196
201
1225
1229
207
1231
1232
1233
1234
212
214
215
1239
218
221
224
225
1249
226
227
1251
229
232
1257
233
234
235
1259
236
1260
1262
240
1264
1267
1269
1271
1273
250
251
1275
1276
1277
254
258
259
260
1284
1285
267
1291
269
270
271
272
1296
273
1297
1298
274
275
276
277
278
1302
1303
281
282
1306
283
284
1310
286
1312
1315
1316
292
1317
1318
295
1322
298
1323
1326
1327
305
1332
1334
1336
315
316
1342
319
320
1344
321
1346
326
1350
328
1353
332
1357
1360
1361
1362
1364
341
1365
342
344
345
1369
347
1371
348
1375
351
352
1378
354
1380
356
1381
1383
1385
365
1390
1392
1396
373
375
376
378
1404
382
1406
1407
1410
387
388
1415
394
1420
397
1422
1423
1424
401
1425
402
1426
1427
1429
406
1431
407
408
1436
1437
1438
1439
1440
1441
1444
1445
1446
1448
427
1451
1453
429
1454
431
1455
1457
1459
1460
1461
439
1463
441
1465
1466
1467
1468
1469
1470
1471
447
1472
1474
451
452
1478
455
1480
463
1487
466
1490
468
471
1496
472
1497
1498
474
475
1502
482
483
1507
486
487
1512
1513
1521
1524
501
503
504
505
507
1531
508
1532
1535
1536
512
513
514
1539
517
518
520
1544
1545
523
1547
1548
526
527
1552
1554
530
539
1563
1564
1565
1566
542
1571
1572
1573
550
551
552
1576
1577
1578
1579
1584
1586
564
566
1590
568
570
1597
574
575
1599
581
582
584
592
598
600
604
605
606
608
612
621
622
624
626
628
633
638
652
657
658
659
664
667
668
670
673
674
676
679
681
682
689
691
695
698
700
702
703
705
707
715
718
722
723
724
729
733
734
745
746
754
757
759
763
764
768
769
777
780
785
787
788
792
797
803
807
808
812
816
818
825
831
834
835
842
843
848
849
851
852
853
859
864
866
868
869
872
873
876
878
879
880
881
884
885
897
902
903
904
907
908
909
910
916
925
938
943
951
952
953
957
958
959
960
962
973
975
976
978
980
981
983
984
985
988
992
994
996
997
1000
1001
1007
1008
1009
1011
1020
1021
97
0
257
1
259
7
9
266
268
16
273
19
20
276
21
23
282
27
28
285
288
34
292
36
294
42
301
47
49
53
309
313
58
62
64
67
324
69
70
327
72
77
334
84
341
85
342
88
345
350
95
97
354
355
356
100
101
358
102
103
363
364
109
110
368
112
114
373
375
378
379
126
131
132
138
141
147
153
157
159
162
167
174
176
182
187
190
191
205
206
211
212
219
228
241
243
248
253
108933