502
2050
1033
14
17
18
2066
19
1045
1046
1050
1052
35
2083
38
2086
1063
1064
44
2092
45
2093
1071
50
1077
55
1079
1080
60
61
62
63
65
2113
2114
2116
69
71
1097
75
2126
2130
88
94
1118
95
2146
99
101
2151
103
2152
107
110
1135
1136
114
2165
1142
2168
2169
124
2172
1152
2176
2178
1155
133
2185
1165
2190
143
1169
1170
1171
2195
1173
1174
2198
157
158
1182
159
2207
1184
162
1188
1189
2213
167
2215
1192
172
1198
175
2223
2224
1204
1209
2233
2237
2238
191
2239
1215
1220
198
2246
2247
2248
1226
207
1231
1234
1235
2259
212
1237
2265
2266
218
1243
1246
1247
224
1248
225
227
1251
1253
2283
1260
237
239
1266
243
2292
2297
1278
2302
2304
265
2319
1297
274
1298
275
2323
1304
2328
281
1305
1306
283
1311
1314
293
2343
298
1322
299
2349
304
305
1329
2354
307
309
311
313
2363
316
318
1343
2369
1346
2370
2373
334
335
2383
337
338
1365
341
342
2390
2391
2392
344
1371
1372
1374
353
2401
357
359
1385
364
2413
368
1392
2416
2418
372
373
374
375
2423
2424
377
2425
2426
1403
380
2429
1407
1409
2434
1411
1412
2436
389
2437
1416
1418
396
1420
2444
398
1422
2446
2447
400
401
2449
403
405
2453
406
2456
2457
409
1434
1436
2460
2465
421
1446
424
2472
425
2474
1453
433
1457
435
436
2486
2488
441
2489
445
1471
1472
1478
454
455
456
1480
458
461
462
465
2515
2517
2520
476
2524
1501
2525
1506
484
2533
487
1514
2538
1515
2549
503
1527
1529
1532
510
2559
1537
2563
516
520
1544
2569
1546
2570
523
1547
2571
1549
2573
525
2576
529
2578
2580
2582
535
2583
536
1560
1561
1562
2586
1563
2588
1566
2593
1574
2601
1579
2603
2604
1581
558
559
2610
2611
1588
1590
1593
1594
2621
1599
576
2626
1605
1609
2634
1611
2639
1617
2642
595
1619
1621
600
606
2654
610
2658
612
2664
1641
2669
622
2673
1655
1656
1660
637
640
1667
1668
646
1674
1676
653
656
663
1687
1688
664
665
1690
1699
1700
677
1702
1708
685
686
1710
1712
689
1714
696
705
706
708
1733
710
711
1735
1736
713
1738
725
1751
1752
732
733
738
739
1770
748
1778
760
1785
1787
1788
765
1790
768
776
778
1803
782
783
1813
791
1818
1819
800
1824
802
804
1828
805
811
818
1843
823
1850
829
1856
834
1859
1863
840
841
1865
843
1874
859
862
866
868
1892
871
873
875
884
896
1925
1928
905
1935
912
1939
1941
921
922
1950
1952
930
1955
932
934
1959
940
945
1971
949
1973
952
956
960
963
966
1996
978
2004
988
992
999
1002
2026
1003
1006
1007
2031
2038
1016
1021
2045
5
21
37
40
13
78
0.02