387
2049
2051
1028
1034
2059
1036
16
2066
2070
2071
30
2079
1062
1063
2094
2095
57
2108
1088
1089
2115
68
2117
1093
1096
2120
2124
1102
2129
83
1107
1109
1112
1113
93
2145
1121
98
2151
105
1130
1134
1137
1139
119
1143
120
122
1146
124
125
1149
2176
1153
133
1159
135
1163
1164
140
142
143
144
146
2201
1177
1178
155
2205
2207
1189
2214
1190
2218
170
171
175
2227
181
1206
2230
1207
2231
1208
190
195
1220
1221
198
1225
1226
2255
217
1246
2271
225
2275
228
2276
1253
230
1254
234
2282
238
239
2287
2290
245
2294
248
1278
2303
2306
2307
2309
263
2313
267
268
2317
1294
2328
1306
2332
2333
2335
1314
2338
2339
2343
1320
1322
2351
1331
1335
311
2361
317
2365
2366
1343
1344
2369
1346
2373
330
2379
332
1356
1357
2381
337
2386
341
2394
2395
1374
2399
352
1377
2403
359
363
2412
367
2416
1396
1399
1400
376
378
385
1411
388
2436
1414
1421
397
2447
2455
1434
1435
2465
1445
1448
2473
1449
429
432
434
1460
2485
1461
2488
441
1466
2490
446
2494
450
2500
453
459
2507
460
1484
1485
461
2510
2512
2513
465
468
1494
472
2520
2521
2522
1499
1500
477
478
1502
1505
483
2532
488
1513
1517
2543
1521
499
2550
1528
2561
514
519
2569
535
1562
2586
539
1564
2588
2589
1570
552
554
2603
1582
559
1584
1585
564
1589
1592
572
1596
577
1602
1604
583
1613
590
594
1622
1627
612
613
1643
625
1649
626
629
633
638
1663
1669
646
647
652
1677
655
656
1681
661
662
668
1696
673
674
684
1712
1714
692
1718
694
1728
1729
1732
708
1733
1736
713
714
1739
1743
731
740
1767
744
745
749
1773
1783
1788
764
1794
1797
777
1810
787
1818
799
802
1832
1834
813
1842
819
1843
1844
823
824
825
1849
826
1855
1860
1867
1868
1869
846
853
1877
855
1887
864
867
1892
876
877
884
888
1928
904
1929
910
1939
920
928
1959
1963
940
1965
953
955
957
1988
968
1992
1993
1994
975
2001
2007
986
2012
990
996
997
998
1001
1002
1007
2039
8
96
32
146
131
5
23
57
122
152176