189
1280
0
512
769
2
1027
1283
5
1541
1286
1801
269
1807
1040
1296
785
2067
20
1814
1559
2075
28
285
1823
1311
801
1825
802
1314
546
35
2083
1571
1828
2084
1830
809
41
1321
1834
1835
43
1581
558
303
304
2096
1075
51
2099
1589
571
575
1856
2112
1344
1090
1093
583
1608
1097
331
588
845
2125
2126
1871
336
2128
1361
338
1874
82
83
853
1365
2136
1884
2141
1373
1887
1119
2143
96
352
608
609
865
354
1122
2148
868
1124
2150
1640
1385
874
1645
1133
365
2160
1392
1395
1652
125
381
1405
1406
639
1152
640
385
1154
1922
1156
650
1167
1936
146
658
917
661
407
409
1689
154
414
671
164
420
165
1703
1963
1707
1453
430
942
1458
1204
185
186
1978
187
1212
1980
1469
190
1727
705
707
1989
1735
1224
712
1481
201
970
1484
464
2001
2003
1492
1237
1239
472
217
1498
478
227
486
1767
1255
1512
232
233
1513
1770
746
1516
1264
755
501
1269
2038
246
760
1530
1790
2046
11
85
101
134
8
43
75
59
46
159
111
31
2.36