435
1024
1
2
6
7
8
1033
1036
1037
14
15
2065
1041
18
2067
1044
21
2071
24
1049
1050
27
31
1056
33
1060
37
1063
1064
40
1065
1067
1070
1072
1074
54
1078
56
1080
2104
57
1083
60
1084
2109
1085
2111
1087
63
66
67
1092
72
1100
76
2124
77
79
81
1105
1107
1109
2133
1113
2139
91
95
2143
97
2146
2147
100
1127
105
2153
1130
2154
106
2156
1132
110
2160
113
2164
117
2166
1142
120
2169
1145
1147
2172
129
1154
133
2181
2183
138
139
1167
1168
1169
1171
148
1175
151
158
165
1196
1197
1203
1205
189
1215
1219
196
1221
200
201
1226
204
206
1231
1233
1234
1237
1245
224
1251
231
1257
234
236
1270
1273
251
1277
1284
1285
1287
263
1290
267
268
1294
273
1297
277
279
1304
282
284
1308
287
1312
1317
294
297
1325
1326
1327
1328
306
308
311
1341
1343
320
1345
321
323
329
1361
1362
341
344
1369
353
1377
1379
1381
360
1388
1390
371
1396
377
380
382
386
387
388
389
1413
1415
1423
401
1425
1427
405
1431
1432
412
1438
1439
415
419
421
1447
423
426
1454
430
431
432
1462
1465
1466
448
1475
451
1478
467
468
469
471
475
1500
1502
1506
485
1512
1517
1519
1521
502
506
507
508
509
1534
1539
1544
1548
525
1550
528
531
1557
1559
535
1560
1571
551
552
555
559
1584
1589
1592
572
574
575
578
580
1606
1611
590
592
594
597
599
1628
604
606
1632
1634
1636
1641
1642
627
628
630
1655
632
1657
637
642
643
1668
644
1672
650
1681
660
661
663
665
1690
1700
679
1705
682
684
1708
1710
1719
1720
703
1728
705
1729
710
1737
713
1738
714
715
1739
716
1740
1743
1755
1757
733
743
1768
745
1771
747
1773
754
756
1788
1793
772
1797
774
776
777
1803
782
787
1812
789
793
1817
1823
1826
804
805
1832
1837
814
1839
818
821
1849
1850
828
833
1859
1860
841
1866
1867
1868
1869
847
1872
850
852
1880
1892
869
1894
871
872
1900
877
1901
879
1911
1914
1915
1918
1920
901
1933
1942
1945
1947
1948
1951
928
937
940
1964
1965
944
1970
946
1972
1973
950
951
1978
1980
1984
963
1990
1995
1997
2001
2002
979
2004
2005
986
2010
988
2012
990
1000
1007
2034
1011
2036
2038
1016
2041
1017
1020
2046
1022
17
32
163
99
4
7
136
138
44
111
47
81
20
84
151
59
60
95
0.12