405
1025
1026
3
6
7
8
9
14
15
16
18
23
26
27
28
31
34
35
40
41
44
45
46
48
50
51
53
54
55
56
57
59
60
63
65
67
68
70
72
79
80
82
84
85
86
87
89
90
91
94
95
98
99
100
103
105
106
107
108
109
110
114
116
122
127
128
131
133
134
136
137
138
145
147
149
151
152
153
154
155
156
157
159
160
163
164
165
169
171
174
176
178
180
182
183
184
185
187
188
189
190
191
194
195
196
197
199
202
203
204
205
206
208
210
211
212
213
214
215
217
218
221
224
229
230
232
237
238
240
241
243
244
246
249
254
256
257
262
266
267
268
270
271
272
273
275
276
277
278
280
284
285
287
288
292
295
299
300
301
306
308
312
315
317
318
323
325
335
336
339
340
341
343
346
349
350
351
352
353
356
357
358
359
360
362
363
366
370
372
374
375
379
381
383
384
385
386
389
400
403
405
406
407
408
409
410
411
414
416
417
423
424
425
426
432
438
439
440
441
447
448
450
452
453
455
461
462
463
464
465
467
468
470
472
473
474
475
476
478
479
481
483
485
486
490
494
498
499
502
506
507
508
512
515
519
520
521
523
525
529
536
543
545
546
547
548
549
551
552
556
559
561
564
565
566
567
569
571
574
575
578
579
580
581
582
584
586
588
589
590
592
593
594
595
596
597
599
600
601
602
603
609
611
615
627
629
631
633
636
638
639
641
648
650
651
654
655
656
660
664
667
668
669
691
698
700
701
718
719
720
724
731
737
741
743
744
747
748
750
753
759
760
764
766
781
786
793
795
799
804
807
811
813
819
823
825
827
833
842
849
850
854
856
858
862
863
866
875
885
890
891
893
896
897
908
920
926
928
929
935
936
942
945
946
959
968
975
976
978
980
981
982
985
986
990
994
996
998
1003
1008
1011
1012
1014
1016
1022
354
0
1
2
3
4
6
7
8
9
10
11
12
13
14
15
16
17
18
19
20
21
22
23
24
25
26
27
28
29
31
32
33
34
35
36
37
38
39
40
41
42
43
44
45
46
47
48
49
50
51
52
53
54
55
56
57
58
60
61
63
64
65
66
67
68
69
70
71
72
73
74
76
77
78
79
80
81
82
83
84
85
86
87
88
90
91
92
93
94
95
96
97
98
99
100
101
102
103
104
105
106
107
108
109
110
111
112
113
114
115
116
117
118
119
120
121
122
124
125
126
127
128
129
130
131
132
133
134
135
136
137
138
139
140
141
142
143
144
145
146
147
148
149
150
151
152
153
154
155
156
157
158
160
162
163
164
165
166
167
169
170
171
172
173
174
175
176
177
178
179
180
181
182
183
185
186
187
188
189
190
191
193
194
195
196
197
198
199
200
201
202
203
204
205
206
207
208
209
210
211
212
213
216
217
218
219
220
221
222
223
224
225
226
227
228
229
230
231
232
233
234
235
236
237
238
239
240
241
242
243
244
245
247
248
249
250
251
252
253
254
256
257
258
259
260
261
262
263
264
265
266
267
268
269
270
271
272
273
274
275
276
277
278
279
280
281
282
283
284
285
286
287
288
289
290
291
292
293
294
295
296
297
298
299
300
301
302
303
304
305
306
308
309
310
311
312
313
314
315
316
317
318
319
320
321
322
323
324
325
326
327
328
329
330
331
332
333
334
336
337
339
340
341
342
344
345
346
348
349
350
351
352
353
354
355
356
357
358
359
360
361
362
363
364
365
366
367
368
369
370
371
372
373
374
81748