593
1025
2
1029
6
1030
8
1033
9
13
1038
14
15
1040
16
17
1041
1042
1043
19
1044
1045
22
1046
1048
26
1050
27
29
1053
1057
33
34
38
1063
40
1065
1067
1068
1069
47
52
1076
54
55
1082
1083
59
1084
60
61
62
1088
1091
69
1093
1097
74
1099
1102
80
1105
84
1109
1112
1113
1115
1117
1118
1121
1122
101
102
1127
104
1128
1129
106
1131
109
110
1134
112
116
118
1142
1143
120
1145
1146
123
127
128
1153
130
1154
1155
132
1156
1158
134
136
1161
138
1164
141
1165
1167
143
1169
147
149
1176
1178
156
1180
157
1181
158
1182
159
161
162
1187
1190
167
1191
170
1195
172
1196
1200
176
185
186
1211
1212
188
1218
194
1220
1221
197
199
200
201
1227
203
1228
1229
206
208
209
210
1236
213
1237
216
217
1243
1246
1248
1249
225
228
1253
1255
231
232
1257
1258
1260
237
1261
1262
1263
240
1264
1265
243
1268
1269
1270
1271
248
1272
249
1273
1275
252
1277
1279
257
1282
263
1287
264
265
1289
266
268
1293
269
1294
1297
276
1300
1301
277
1303
1304
1305
1306
282
1308
1309
287
289
1318
295
1320
296
1321
1322
1323
1324
302
1326
303
304
1329
305
1330
1331
308
1333
311
1335
312
1337
1338
1339
1341
317
318
319
320
321
1347
1348
324
1351
1352
329
332
334
1360
337
1363
1364
1366
343
1369
345
347
348
1373
350
1374
351
1376
1380
1381
358
360
1387
1388
1389
365
366
1393
369
1394
371
1396
372
1402
378
1403
1405
1406
383
1407
1408
1409
1410
1411
387
388
1413
390
393
395
396
397
1422
1423
1424
1431
408
409
411
1437
413
414
1440
417
1443
1445
424
1449
427
429
430
1454
1455
436
1463
1464
441
1467
1469
447
1476
452
453
1478
1480
456
457
1482
459
1483
1484
1485
468
1493
470
1494
1496
472
1497
475
477
1501
1502
1503
482
1507
1509
1510
489
491
1516
1517
1518
495
1521
1522
499
504
505
1530
1532
510
1535
1536
1537
514
1538
517
520
1544
1545
1546
524
1550
526
527
1552
529
1553
1554
534
535
537
538
540
543
1568
545
1570
1571
547
1572
1573
549
550
551
1576
552
555
1580
1582
558
559
1583
1584
563
564
1588
565
1592
1593
570
1595
571
1596
1598
575
1600
1601
579
580
581
583
587
589
593
597
599
600
601
604
605
608
609
611
617
619
623
625
626
627
631
633
634
635
636
639
644
646
647
649
651
654
656
657
658
660
661
669
670
672
677
680
681
687
690
691
692
695
706
708
709
713
716
717
718
726
727
728
732
735
737
745
746
752
756
757
761
762
765
769
773
776
779
786
788
789
799
801
802
809
810
811
812
813
814
815
816
817
818
820
822
823
825
835
837
839
841
842
843
844
845
851
853
854
855
857
860
863
867
869
870
872
878
879
890
894
896
897
900
901
903
904
905
908
911
912
914
916
917
926
927
928
930
932
933
934
936
942
945
946
954
958
961
964
970
971
976
983
984
985
987
992
995
999
1000
1002
1004
1009
1017
1021
102
1
2
258
261
262
7
264
268
12
13
273
17
274
18
275
276
20
26
27
284
30
288
293
37
295
296
42
298
47
48
305
307
311
55
313
58
59
60
317
62
318
323
327
328
74
333
85
341
88
346
94
350
95
354
99
362
107
364
366
111
369
114
370
371
375
121
378
382
130
155
159
160
161
165
169
170
171
172
183
184
195
196
197
198
199
201
209
210
211
216
217
218
221
225
229
232
233
244
251
252
253
254
9.94