190
0
512
2
1027
5
1541
1040
2067
20
1559
2075
28
546
35
2083
1571
2084
41
43
1581
558
2096
1075
51
2099
1589
571
575
2112
1090
1093
583
1608
1097
588
2125
2126
2128
82
83
2136
2141
1119
2143
96
608
609
1122
2148
1124
2150
1640
1645
1133
2160
1652
125
639
1152
640
1154
1156
650
1167
146
658
661
1689
154
671
164
165
1703
1707
1204
185
186
187
1212
190
1727
705
707
1735
1224
712
201
1237
1239
217
227
1767
1255
232
233
1770
746
1264
755
1269
246
760
1790
1280
769
1283
1286
1801
269
1807
1296
785
1814
285
1823
1311
801
1825
802
1314
1828
1830
809
1321
1834
1835
299
303
304
1856
1344
331
845
336
1361
338
1874
853
1365
1884
1373
1887
352
865
354
868
1385
874
365
1392
1395
381
1405
1406
385
1922
1936
917
407
409
414
420
1963
1453
430
942
1967
1458
1978
1980
1469
1989
1481
970
1484
464
2001
2003
1492
472
1498
478
486
1512
1513
1516
501
2038
1530
2046
11
101
134
8
75
43
46
111
85
59
31
159
1.10