190
0
1280
512
769
2
1283
1027
1541
5
1286
1801
269
1807
1040
1296
785
2067
20
1814
1559
2075
28
285
1311
1823
801
1825
1314
546
802
1571
2083
35
1828
2084
1830
809
1321
41
1834
1835
299
1581
558
303
304
2096
1075
2099
51
1589
571
575
1856
2112
1344
1090
1093
583
1608
1097
331
588
2125
845
2126
1871
336
2128
1361
338
1874
82
83
853
1365
2136
1884
2141
1373
1119
1887
2143
96
352
608
865
609
354
1122
1124
2148
868
2150
1640
1385
874
1645
1133
365
1392
2160
1395
1652
125
381
1405
1406
639
640
1152
385
1154
1922
1156
650
1167
1936
658
146
661
917
407
1689
409
154
414
671
420
164
165
1703
1963
1707
1453
942
430
1967
1458
1204
1719
185
186
1978
187
1980
1212
1469
190
1727
705
707
1989
1735
712
1224
201
1481
970
1484
464
2001
2003
1492
1237
1239
472
217
1498
227
486
1255
1767
232
1512
233
1513
1770
746
1516
1264
755
1269
501
2038
246
760
1530
1790
2046
11
85
101
134
8
59
43
75
46
111
31
159
5.24