1832
4098
2
8194
8196
8202
12
15
4113
8213
8217
4121
4128
32
8227
8228
4134
4135
8235
8236
4144
4145
49
51
4148
55
8251
60
62
67
8260
4165
77
8269
4175
4176
81
8274
87
8280
8282
92
4190
4192
8295
8296
4201
105
8301
110
8302
112
4215
8313
8314
123
124
4222
129
132
8326
135
8328
141
8337
4244
150
4246
153
4252
4256
161
4257
8358
8359
170
4270
8367
178
4275
179
181
183
8378
4284
8383
4289
195
4292
4294
4299
4300
8399
4305
209
8405
214
8411
220
8414
4321
229
4328
4331
8430
8432
8433
4338
8439
4343
4347
4348
253
254
259
8451
8453
4358
8464
4368
8466
8467
4371
8468
276
4373
8469
4375
280
8474
283
8476
4385
4386
8483
294
4391
4393
300
4398
8496
8497
4401
306
8498
4403
309
310
8503
8506
314
8509
8511
4420
8517
4423
4424
328
4428
336
338
4435
4436
4437
4438
8541
352
4453
8551
4455
361
362
365
367
4471
8571
8572
8577
388
389
8582
4488
394
4492
8589
4497
402
4500
4502
8600
8604
415
8613
4523
8621
8622
432
8627
438
439
4535
4538
8634
445
4541
4542
446
448
4544
8641
4547
4550
455
4554
8653
461
8658
4563
4568
8667
4574
480
4579
8676
4580
485
487
8690
8692
4600
505
506
4605
513
518
4614
8711
8717
4621
527
4626
4627
4636
4640
8739
4645
8742
554
556
4655
559
4656
4658
564
4661
565
4662
4663
4667
574
4672
576
8771
580
8790
8791
4697
607
4703
609
8802
8807
4714
4715
4716
8816
625
4722
628
8821
630
634
639
644
645
8838
4745
8842
4746
651
658
660
8857
8858
4764
669
8861
8863
4768
8867
4772
4774
679
8873
8875
691
692
4789
697
8890
4796
703
4799
4805
710
4807
8906
8907
718
722
723
724
8923
733
742
8935
4841
747
748
750
751
8948
4853
8949
4854
8950
8952
4857
4862
8958
4863
767
8961
771
8963
4868
773
4875
780
8972
8974
782
783
784
8976
4881
8979
4884
8980
789
8981
8990
801
9000
808
815
817
818
4915
820
9015
4919
9017
9019
4924
9022
830
9023
4928
4932
9036
9037
4941
9040
4946
4947
9044
9048
856
9049
4954
4956
9052
4959
865
4964
4968
873
876
9070
4975
4976
884
4981
886
887
9080
888
889
9082
4987
9084
4988
9087
898
9091
902
4999
9095
9096
9098
907
5006
5007
916
9108
5012
919
5016
9114
923
5019
924
925
5021
927
9119
928
930
5027
9124
9126
934
9128
9129
5039
943
5040
9138
9143
5052
5054
959
9151
9159
967
5064
9160
968
970
5066
974
5071
976
5075
9174
9175
984
5081
989
9184
5088
9189
999
9194
5098
1002
5102
5106
1016
9209
1020
5118
9217
5121
1027
1031
5127
1032
5129
1033
5130
5134
5135
9231
1041
9235
1045
9239
9242
5146
1051
5148
1059
9254
1062
5162
9262
5167
9266
5174
5175
9271
1080
1081
1083
9278
1087
1090
1092
5192
9289
5195
9292
9294
9298
5203
1108
9303
5208
1115
9308
9309
5214
5215
5219
5220
5226
1131
1133
9326
9329
1138
1142
9339
1149
5247
1153
5250
5251
5252
9349
9351
5260
1165
5266
9363
5268
5269
1173
5272
9369
1182
9374
1183
9375
9376
1188
1189
1193
1194
5294
1199
5296
9393
5297
1202
1203
1204
9400
5306
9404
5310
9407
5312
1221
1222
1224
9418
1226
9419
1229
9422
9427
1235
1236
5339
9435
9438
9439
1248
9440
9441
1251
5348
9445
5350
9447
1257
9454
9455
5363
9461
5368
9464
9468
5373
5376
9472
5378
1282
9476
1286
9479
9481
9486
1297
9490
9492
5398
5399
5406
9503
5407
1313
5410
9509
9510
5415
1321
1323
1325
1334
5431
1336
1337
9531
5435
1340
9534
5440
9537
5443
9539
1352
1355
5457
5460
9558
1368
1369
1370
9564
1374
9568
9572
5476
5480
5483
1388
5488
1394
1398
9590
1403
9595
5499
9596
5502
9598
1407
5505
5506
1410
1412
9605
1417
1424
5521
5524
5526
5527
9623
9624
5530
9627
5533
5534
1439
5538
9635
5539
1444
1445
1448
5544
9643
1452
5549
9647
5555
1460
5557
5559
9657
1465
9659
9663
5571
9668
1476
1478
1481
1486
1489
5589
9686
5590
5591
1495
9690
1502
5600
9701
5607
1521
5620
1524
5622
9718
1528
9721
1530
5631
9728
1540
9737
5646
1553
9745
5652
9750
9752
9753
1564
9759
5666
9762
1574
9766
1578
1579
1585
5683
9781
1595
9787
5692
9794
9795
9796
5702
5703
9800
9802
5712
5713
9809
1618
5716
1620
1624
9818
9819
9822
1631
1632
9830
5739
5740
1644
9837
5742
5745
9841
9843
1655
5759
5760
9856
1666
1672
9867
9868
9869
5773
9874
1684
5782
9882
5788
9886
5790
5795
1699
9894
5799
5803
1708
5805
9905
5810
5813
9913
5820
9919
1727
5826
1736
5837
5840
9938
1748
5845
1750
5849
9946
1755
5855
1760
1761
9955
9957
5861
5862
1768
5866
1772
5868
9965
5869
1775
5871
1776
9969
9970
1778
1781
9974
5884
9981
1791
9985
5890
1797
1800
5901
10000
1809
10003
1813
5912
10008
10009
10010
10011
5916
5917
10015
5921
5924
1828
10026
5931
5933
1840
5937
10033
5947
10045
5950
1858
5954
5955
5958
5960
10059
1868
1873
1879
5976
10073
5979
1884
10077
5981
5989
10087
5993
5994
1903
5999
6001
6004
10100
1912
10105
6012
1916
6013
1918
10111
6018
1924
1926
10120
1929
6026
6027
1933
1935
10127
6037
1941
6039
1943
10135
10136
1944
1949
6048
6052
6054
6056
6057
10154
6059
1964
6061
1975
1978
1981
10179
6084
6088
1994
1997
10189
1999
10192
2002
2003
6101
2006
6110
6113
10211
6121
6122
10221
2030
2033
6136
6137
10234
2042
6141
2051
6148
10248
6153
6154
6155
2060
6157
6163
10266
10267
10270
6176
2081
10280
6184
2090
6186
2098
2102
10294
6199
6203
10300
6205
10302
6207
2115
10307
6213
10310
6214
2121
6217
6223
2128
2129
10322
2131
10323
6231
6234
2142
10334
2143
10344
6248
2152
10352
10353
6259
10356
10358
6264
10361
6266
6268
10365
10368
6272
2178
6276
2181
6280
6281
10377
6282
10383
6289
2193
2196
2205
2207
6304
2214
6310
6311
10407
2218
10412
6317
2222
10414
10416
6321
10419
6324
2230
2234
6335
10432
6343
2248
6347
6348
2252
2253
2254
10448
2260
2263
10456
2264
6361
6362
10460
6365
10465
2273
2274
2277
10470
10472
2285
6381
2287
2290
6387
2293
2297
6394
10492
6405
10504
6411
10508
2316
10509
6413
2321
10513
10514
2324
2328
6424
10522
10524
2335
6431
6432
6433
6434
6435
2339
10532
2342
10535
2346
6442
2347
10540
6444
6453
2357
10554
10555
10556
6462
2366
6463
6465
6466
10564
6469
2375
10569
2380
2384
6483
6486
6487
10584
2393
10587
6492
2397
2399
6495
2401
2404
10596
6500
2408
6505
2412
6508
2415
6514
2419
6516
6519
2424
6521
6525
10621
6526
10622
2430
2434
2436
6536
10634
2443
10639
2448
6545
2449
10642
2450
10644
2453
10646
2460
10655
10656
10657
6563
6566
10665
2477
10670
10674
6582
2488
6587
10685
6590
10688
2499
6595
2500
6599
6601
10697
2507
2512
2514
6611
6612
2518
2527
6623
10722
6626
2532
6628
2533
6629
10728
10734
6638
6644
10741
10742
6647
10746
10748
6653
10750
2561
10754
10763
10764
6670
10767
10770
2578
6675
2585
10781
10786
6690
6693
10789
6694
10792
6698
2604
10797
6704
2608
2609
10801
10803
6708
2612
2613
10807
2615
10810
6720
10816
2625
2626
10819
6726
6730
10829
6735
10832
6741
6743
2649
2650
10845
6749
6750
10846
2655
10849
6754
10852
6765
6766
2671
10869
2685
10877
10878
2686
6783
10882
2690
10885
10892
2701
2705
2709
2710
2711
10904
6810
6811
2715
10909
2717
2723
6821
10918
10926
2737
10933
2742
6843
2750
10943
2753
10951
10952
2761
10954
6858
6859
6864
10961
2769
6866
10962
6873
10973
10974
2783
10980
2788
10981
6888
6896
2801
6898
2805
2806
6906
11006
11007
2819
11012
2823
6919
11021
6925
2831
2832
11024
2836
6939
11036
2845
6941
2846
6943
2848
2850
6946
6948
11047
11051
2862
6960
11057
11058
11061
11064
11065
11067
6972
6974
2878
6975
2880
11072
11080
6986
2891
6992
6993
11089
6997
2902
7001
11097
7003
2910
11105
2916
7013
11111
7017
7018
7019
11115
2926
7026
2931
11124
11130
7039
7041
7045
11142
11143
7048
11146
7051
2957
11154
2964
7061
11157
11167
2980
11174
7080
2984
7081
11180
11183
7089
11185
2993
11186
7091
11188
7092
7094
2998
2999
7103
7105
11201
11202
7109
11211
7118
11214
11216
7121
11217
11219
3032
3033
7130
7132
7133
3037
11231
11236
7141
7143
11240
11244
11245
3053
7151
11248
3056
3057
11251
7163
3068
7164
11261
7165
3071
7170
3075
11267
11268
3076
11272
7180
3084
11277
11279
11280
11286
3095
7192
3096
7194
3098
7195
7196
3100
7205
3109
3113
11306
3115
7211
11308
11313
3121
7218
7219
11320
7228
11326
7231
11328
7232
11329
3138
11332
11333
7239
3146
3152
3153
7251
11352
11360
11363
3174
7271
7275
3179
11379
11383
7289
11387
7292
11389
11396
7304
11401
7314
3223
7319
11417
3225
7323
7325
11422
7326
7332
7334
11431
11432
7345
11441
11442
3253
7349
3254
3258
7357
11454
7358
11455
7360
11457
3268
7365
3269
3270
3273
7372
7378
7380
3286
11481
7387
11483
7388
3293
11491
11494
11499
7406
11504
3313
3314
3319
3320
7417
11514
3325
3327
11519
7424
11520
11527
7431
7432
3342
7438
3345
7442
11540
7445
7449
7453
3360
7469
7472
3385
7484
3389
7487
7489
3393
7492
3399
3400
3408
7508
7509
7517
7519
7526
7530
7532
3440
3443
7551
3459
7560
7563
3467
3471
7567
3472
3477
7574
7575
3485
3487
7584
7585
7590
7591
3499
3505
3507
7613
7615
7618
3522
7621
7623
3533
7632
3540
3546
7648
3553
3555
7654
7655
3561
7663
7664
7669
3576
3577
7673
7676
7677
7678
3586
3587
3591
3596
7693
3597
7696
3604
3606
7707
7715
7717
3621
7723
3630
3632
3633
7732
3636
7734
7736
3643
7753
7756
7758
7762
3667
7764
7768
7769
3678
7774
7780
3689
7789
3694
3695
7799
3703
3707
7805
7806
7810
3722
7820
7822
7824
3728
7825
7834
7836
3742
7839
7840
3745
7843
7847
3753
3757
3760
7857
3763
7861
3769
3771
3778
7875
7878
3784
3785
7883
7887
7889
7891
3795
3799
7896
7897
3810
7910
7915
3821
3823
3824
3827
3829
7926
3837
7945
7951
3856
7952
3860
7961
7963
3869
3871
3872
7969
7974
7975
7977
3894
7990
7992
3911
3914
3918
3923
8025
8026
8027
3933
3939
8036
3942
8048
8053
3958
8058
3962
3963
3965
3969
3977
3992
3993
8104
8106
8107
4019
4020
4023
4029
8126
4032
8133
8135
4043
8142
8144
4049
8151
4056
4057
4058
4060
8166
4074
4075
4077
4080
8176
8177
4086
8185
4091
14
322
134
359
199
9
106
76
77
335
20
22
29
30
351
2.22