5632
16384
16385
16389
7
16396
24588
8206
32783
24592
24594
20
8212
32788
24598
23
8217
16409
32795
8220
24604
16412
29
32798
32799
24608
24609
24610
16418
24612
16422
24614
8232
42
32810
8235
44
46
24622
8239
32817
24631
32824
24634
32827
32828
24638
16448
64
8257
32837
16454
16455
8264
16457
32846
24654
32848
8273
8274
8276
16469
86
24663
8279
32860
24668
92
8285
93
32861
24670
32862
8291
8292
101
16486
16487
32871
32873
8298
16491
8299
8301
16494
24686
24688
32880
113
8308
118
24694
8311
32887
121
8315
32893
32894
8319
32896
16513
8323
32900
16516
24709
32901
24710
24711
136
16521
16523
32908
8333
32911
16527
144
32912
24721
32913
8339
148
8343
32919
32920
16537
153
156
157
158
8355
16548
8357
24741
16549
8359
24745
32937
16556
172
16559
176
177
24754
179
24757
8375
16571
16572
32957
16573
16575
8386
32962
196
16580
16581
16582
8390
8391
24776
8392
8394
32971
24781
16590
16591
24783
32975
16594
211
16595
8404
24790
32983
8407
8408
24797
16605
8413
32992
224
24800
230
24807
8427
24812
33006
33008
8432
24817
242
245
24821
8438
24823
24829
255
8447
256
16643
8454
16647
8455
33034
16650
24843
16651
24844
273
33042
8467
16660
33047
279
8475
16669
33055
24863
33056
24866
16677
293
33061
24869
33063
296
8488
24874
8491
8493
16686
8495
304
24880
24884
8500
309
311
8504
312
16697
8507
33084
16701
33085
33086
8512
8513
24898
16708
16709
33094
24902
8519
327
24903
8520
16714
16715
332
16717
333
8527
24912
16720
24913
16723
340
24916
33109
24920
8540
348
24924
8543
24930
356
8549
24934
33126
24936
16746
8555
364
33135
16753
24946
8566
33142
8570
16764
16765
24959
387
8581
24966
391
392
33161
393
16778
8586
24971
16783
8591
400
8595
404
8599
24983
24984
16793
410
24987
411
33181
8605
8607
8610
418
419
16803
8612
16805
24997
16806
33191
16808
33192
424
33193
8617
16811
25005
8621
16815
432
435
33204
8630
8635
25021
33214
16831
25023
16833
451
8645
8646
455
458
8653
25039
16847
33232
25040
25042
25045
16858
16859
8667
16860
33244
33245
16862
8670
482
25058
16868
484
25061
486
33255
33256
488
16875
25069
493
25070
495
33265
33266
16885
25078
16886
16887
25080
33274
508
33276
25084
25085
8703
16896
8706
516
16902
16904
8712
8714
16907
523
25100
526
8719
16911
16913
8728
537
33307
542
16931
33315
8740
550
16935
551
25130
33322
8746
557
8749
558
16945
33334
572
33341
574
8767
577
16961
8770
16964
25158
8776
585
8778
8779
16972
33356
8780
16974
590
8782
592
8785
16978
33362
25170
33363
16980
8793
16985
603
16988
16991
8800
33379
8803
611
33381
33383
8807
17000
17002
33386
17003
25196
8814
622
17007
33392
25200
25204
33397
8821
8822
33402
17019
25214
17023
17025
33409
17026
17031
25226
17035
652
8847
655
656
25232
8849
657
8850
660
17045
25237
8853
25239
33431
17049
33435
8859
17052
669
33442
25251
25255
8874
684
17072
25266
17075
33461
17078
25272
33466
33468
25277
17086
33471
8901
8902
25287
8904
8905
8906
714
715
17102
8911
33488
721
722
25298
33491
17109
725
33493
17111
33496
25305
731
8923
736
25313
8931
739
8933
25319
33512
25320
33513
8940
25326
751
17136
8948
33524
33525
33526
25337
17146
33531
17149
25341
25345
25346
771
17156
772
8964
8965
777
25356
33548
17165
33552
33553
17169
25361
787
25363
8979
17172
790
8985
25370
795
33563
8987
798
8990
802
33570
33572
25380
25381
805
806
17191
25384
809
25385
33578
17194
25387
813
815
17199
25392
17201
817
33585
9009
9010
33586
17203
33588
9015
33592
9016
33596
9020
17213
25405
9022
25409
33603
17221
25415
840
17224
841
25417
17226
842
17228
845
9038
17230
847
17232
9040
850
25427
25428
9044
33621
33623
17242
25434
17243
9051
17244
860
17245
33630
9055
25440
9060
9062
9063
17256
872
25448
25450
17260
17261
17263
881
9074
9077
886
25463
17272
892
33661
25470
17279
897
17283
17284
25479
17289
25486
913
25492
916
917
9109
25497
9116
17311
17312
33696
17314
33698
9123
25508
17316
933
25510
935
9127
33704
17320
9129
33706
33709
25518
9135
25519
9137
33713
17329
33715
17332
33716
9140
33717
17335
17336
25528
953
9145
33721
9147
9150
33728
33730
33732
25540
17351
9159
9160
9163
33740
9166
9168
17360
33745
25554
9171
33747
25557
17366
982
984
985
33754
33757
990
25566
9183
17377
33761
25570
17378
33762
9187
33763
17379
25573
33765
999
33768
33769
9194
25579
9196
17390
25582
9198
33775
1007
9201
1010
25588
33782
25590
1016
25593
1024
33795
25607
9223
9224
33800
25610
17419
9229
25615
9232
33812
17429
17430
1049
9241
1052
1055
17441
25637
25638
25640
1066
1067
25645
33838
9262
33842
33844
1076
1081
25657
33849
33850
25661
17470
25663
17473
9281
9282
33861
17478
9287
17481
25675
9292
25678
17488
33873
33877
17493
17496
17497
1114
33883
9311
17504
1120
25698
9314
33891
25700
33892
17510
25704
17515
25713
1138
25714
1139
9332
25716
1140
33912
9338
25723
9344
9345
33922
33923
33924
9348
1156
1157
1158
33926
17542
1159
33929
25738
33931
17548
1167
25744
33937
9362
25746
17559
17561
1178
17564
17567
25761
33953
1185
1186
1188
1191
33960
1194
17578
17579
9388
17582
25775
1200
25777
1202
33970
17587
17588
33973
1206
9399
17591
9400
33978
17595
33981
25790
25792
1218
1219
17604
25797
9414
1223
25802
1227
17614
33998
17615
1233
9425
25813
34006
1238
25814
17623
1240
34008
25816
34009
9434
34013
9437
34016
9442
25831
9447
34024
17640
1256
25833
1260
34032
1265
34037
1269
1270
34042
17660
25854
34046
25855
34050
1283
1284
1285
34055
1287
17671
25866
9482
1292
17676
25869
17677
34061
1295
1296
1298
34068
9492
25876
1301
9497
34075
25885
9503
34079
1314
9506
9509
1317
25894
34086
17704
1320
1321
9514
25899
17707
34094
9518
1328
17713
34102
25910
34103
9529
9531
17724
1340
17725
34109
1342
9534
34111
1347
1350
1352
17738
9546
17741
25933
34126
1358
25937
9553
25938
25940
17749
25945
1371
25950
17758
9569
34146
17763
25956
9573
25959
25960
9577
17771
9581
25968
9586
1394
17778
34164
25973
17781
34169
25979
34171
34173
17789
1406
25983
17791
34175
9600
17793
1413
17799
1417
17804
34188
9613
17805
34190
17806
34191
9616
1424
34193
9618
17811
34195
9619
9620
26004
34199
9626
17823
1441
1442
1446
26023
17831
34215
34216
26027
26029
26030
17841
1458
34227
9651
34228
26038
1462
17850
34235
9660
17854
9668
26054
17863
9671
1479
1480
17864
17866
26059
9676
17869
9677
9678
17871
26063
17872
9683
34260
26069
34261
9686
17879
9687
9689
9690
26074
17883
17884
9696
1505
17890
34274
1508
26084
9701
1510
9702
17896
17901
34285
9709
1518
1519
26096
34289
26098
9715
26100
34293
17910
1527
26104
9720
34296
1529
17914
17917
17918
9727
1535
17921
26114
9730
1540
9733
26118
1543
34311
1546
9738
17931
1547
26124
34318
17934
1552
9745
34321
17939
34325
26133
34326
17942
17943
26135
17944
34329
1561
26138
9755
9756
26141
1565
9758
17951
17952
26145
34337
34338
9763
17958
1581
34351
1584
17970
34355
17973
1589
34358
1593
9786
34364
26175
26177
9796
17989
26183
26185
34379
1611
26187
17996
17997
1616
9808
34385
1618
34387
1619
1620
9812
9815
34393
18009
34397
26210
9828
18022
34407
9831
26219
18028
1644
9837
1645
26223
34417
9842
34419
26227
18038
26230
34423
9849
34426
34427
34428
1661
1662
18046
26238
26240
18050
26242
18055
9865
18058
1674
26251
18059
9869
9870
9871
34448
18065
18066
9876
18069
26261
9878
18072
9881
26268
1693
26269
26271
1696
18081
26274
18083
34470
1703
34472
18088
1704
9897
1705
9901
9902
18094
1711
26287
18101
1718
34486
9910
26294
1719
18104
9913
34489
26298
26299
26301
34494
1726
9918
18112
1730
1733
26313
18127
18128
26320
9936
26322
9940
26325
18134
18135
34520
34526
34529
34530
26339
9955
18151
9960
1769
9961
1771
18158
1774
34546
18162
26357
34549
18166
1783
26361
18170
26364
26367
34562
18178
1795
9991
34568
34569
9993
34573
1805
34575
26384
26387
34582
18198
26390
34583
26393
18201
10011
1821
1824
34592
26401
10017
26403
34596
18215
10024
1832
26409
34602
34603
34608
1842
18227
18230
10039
1848
34617
18234
10042
34620
34623
10048
18241
18242
10054
18246
1863
18247
26439
34635
1870
1871
34639
34641
26450
18258
1875
18261
26454
34648
18267
10079
26464
18274
18275
18277
34663
18281
34666
1899
18283
34668
26478
1904
1906
1909
34677
18294
10103
10104
10105
1913
1914
26490
10109
34685
1918
26494
34687
1921
34690
1923
18308
1924
34692
18313
1929
34697
1930
26506
18315
1932
34700
26508
10125
1934
1935
34704
18322
26516
10132
10133
34710
1942
1944
18328
10138
1948
34717
26526
10143
10144
34720
26529
18337
1955
26531
1957
10151
10153
1962
1964
18348
26541
10158
34735
34736
18355
10165
18365
34751
10178
1987
10180
18374
1990
34758
26567
26568
26569
34764
1997
1998
34768
2000
10194
34772
26581
34774
18390
34775
10199
2008
10200
10203
2013
34782
18399
26592
34784
26593
18402
10210
2019
2020
18405
2022
18409
34802
18421
18422
10230
26617
18427
10236
2045
10238
2047
10240
34817
18434
18435
26627
26629
18438
18439
2057
2058
26634
10251
34828
34830
10256
2069
34837
10263
10264
2075
26652
34845
10269
2078
18463
26656
10273
26657
10276
2090
18474
18475
18476
10285
18477
18478
2095
34864
10289
18481
2098
10291
2101
26678
34871
10297
18490
26683
26685
26689
18498
10307
26691
18502
10312
18506
2123
26699
26700
10316
26701
10317
2125
26702
2126
2128
26705
18513
34897
2129
2130
10324
26708
34900
18516
18520
2136
26712
18521
18522
10331
34908
26717
34911
26720
26721
34916
18532
18534
18535
26729
18537
26730
18538
2156
10349
2157
26734
18543
26736
26737
34930
2163
26739
10356
18549
18551
10360
2168
2170
10363
2173
26750
34943
26751
34944
10368
18564
10372
10373
26762
34954
34955
10381
2189
18574
34959
26767
2192
26770
18578
10388
18580
18581
2198
34966
34967
18584
2200
18586
10395
26781
26783
10399
2207
34976
34977
18594
26786
18595
18598
10406
34984
18600
2216
10409
2218
2219
2221
10414
18609
18610
10418
18612
2229
10421
34999
18616
2233
26811
10427
18623
2239
10432
35009
2243
26823
18631
35017
35018
18635
18636
2252
26828
2257
18642
35027
26837
26838
35031
18648
10459
2271
35040
10464
18656
2277
10470
18663
2279
10474
26859
2285
18669
2286
35059
26868
2293
10486
35063
2296
10488
26872
26874
26875
2299
10491
2300
26876
26877
35070
10494
10495
26879
2304
10499
35077
10502
2312
35081
2313
10505
2318
26895
2320
35089
26898
35091
18708
10517
26903
2328
10520
10522
35098
35099
18716
26908
10525
10526
18719
26911
26912
2339
35110
18726
26919
18728
26924
2351
35120
26928
10545
2354
18739
35123
2357
18743
10552
26936
18744
26937
18745
35130
10556
10557
18750
35134
10560
18754
26947
10565
18758
2375
2376
10568
2379
35149
18768
26962
2387
35155
10580
35156
2394
10588
2397
18782
26974
26975
2405
2407
2410
10603
18796
10604
26992
35185
18802
10610
35187
2424
27000
10617
10618
18810
10619
18812
35199
10623
2431
18816
2433
18817
18818
18821
2438
35206
18823
27016
35208
10632
2441
10633
18826
2443
2444
35212
35213
18830
2446
10639
10641
18835
10645
10646
27031
10647
27034
35226
10654
35230
10655
27039
27042
27045
27047
10663
2471
10666
27052
10670
27054
27056
35248
35250
2482
2483
35252
35255
18872
35257
2489
2491
18879
10687
35264
10688
27073
10689
10691
35268
10696
27080
2504
27081
2507
10700
35279
10703
27089
27090
10709
35290
35291
18907
2524
2525
27101
35296
2528
18912
10721
18913
18916
18921
35305
18922
35310
18926
27119
27120
2544
10737
10739
2549
27127
35319
18936
18937
35321
10745
27130
10746
10747
10748
2559
27137
35330
35331
2565
18950
35337
10761
35338
27147
35341
27149
18960
10769
35349
35350
35351
10775
10777
2585
10778
2586
35354
2587
27164
35356
27165
18975
27167
35360
27169
10785
2594
10787
18979
35364
18981
27174
27175
35368
10793
27180
27181
27183
10800
18992
35377
27185
2609
2610
35379
2612
2614
18999
10807
10808
19000
2616
19001
10809
27193
10810
35386
2619
10813
2621
35389
19014
10822
2632
19020
10829
2637
10831
19024
27219
35412
19029
10838
19031
10840
19036
27228
35422
19038
2657
19042
19043
2662
19048
35434
2666
27244
2670
2671
2672
19058
27251
10870
27256
19065
35451
19073
2689
27266
35458
10884
10885
27270
2696
27272
27273
10889
2698
2699
35467
19084
19085
2704
2708
27284
10901
27288
2713
2716
10909
2719
2720
35490
27298
27299
10916
10918
19113
27305
2730
2731
10924
19116
35502
10927
27312
35505
19121
19124
27317
10934
10935
10937
27322
10939
27323
2750
19135
35525
27337
19146
2764
27342
19151
19152
27345
19154
35539
2773
10968
27354
2778
35546
19163
27357
35550
27358
35552
27361
2786
10978
27362
19170
2788
19173
19174
2792
10985
27371
2796
10992
19188
35573
2809
27387
2812
11004
27389
35582
2817
19205
35590
11015
19207
35592
19209
27404
2830
19214
27407
35601
2834
11030
19222
2842
27420
35612
19229
27422
11040
11041
27426
2851
27428
19236
2852
2853
35624
11048
2857
19243
2861
27442
27447
27448
35641
11065
11066
35643
35644
35645
2883
35653
35656
27465
35658
35659
2892
2893
11086
19279
27471
35665
11089
19281
35670
2905
19290
35675
11100
35676
2909
19293
35678
11104
11107
35686
27495
2921
27497
27498
2925
11118
35696
2929
27505
27510
2935
11127
27512
19321
19322
35706
19323
27515
27517
27518
35711
27522
35715
19332
19335
27529
19339
19342
11150
11156
35733
35734
19351
35736
27545
19355
2972
19360
2980
27556
19366
2983
19368
27561
35755
2987
19372
11180
2990
35758
19377
27570
19378
2994
11188
19382
11191
19388
27581
3009
35782
19398
19401
3018
11211
35788
11214
27598
35791
35792
35793
11218
27602
27603
11221
35798
19414
35799
11229
27620
3047
3048
35817
3051
19436
11247
35825
19442
27635
3061
35830
19446
19447
3063
27640
3064
19450
3068
3069
27648
27650
27653
11270
27655
35848
11272
3080
3084
35852
27660
27664
3090
11283
11288
11290
27677
19485
19486
27678
35872
11297
19490
3106
27683
11299
19491
3109
19495
27688
35883
3115
11308
19500
11311
35888
3121
19507
27700
19510
3127
19512
11321
3133
27711
19520
11329
19522
11331
19526
3142
11336
19529
3145
11338
3151
35920
19537
27732
11349
3157
27733
27734
19542
11352
27738
35931
35933
19551
11359
11360
11364
19557
3173
11366
11367
27757
35949
19565
11374
11377
3186
27762
35956
3188
11382
19574
19576
11386
3195
27771
27773
3198
11390
19585
27777
3202
35970
3203
27780
11401
3211
11404
27790
27792
11411
3220
19604
35989
35991
27799
11416
27802
11421
3232
11425
19619
3235
3236
3237
27818
36013
11438
19630
11440
19633
27825
19635
11443
36020
27835
36028
11452
19645
27837
3262
11455
36032
3264
11457
36034
27842
11460
3270
27847
19656
3272
19659
3275
11467
36044
11470
36046
27855
19665
11475
36052
3285
36053
27870
36062
36063
19679
19680
3296
36065
11492
36068
3300
19685
36072
19689
11499
27885
36078
3311
11504
11507
3316
27898
36091
11515
11519
19711
36095
11520
27904
27907
11525
3333
11526
36103
3335
3336
11531
11533
36110
3342
19727
27919
3344
27922
36115
11540
3348
3351
19735
11544
27928
11545
19737
27931
3355
11550
36128
19752
19753
36139
19755
3372
3373
27949
27950
11567
27957
19769
36154
3388
11582
36158
27966
3393
36162
36163
11588
36165
27974
3398
19783
27977
11596
3404
11597
11601
11603
19796
36180
11608
36185
11609
3418
27994
19802
27995
3421
11615
11617
3427
28003
36196
28005
28006
11623
36199
28009
36201
3436
36205
19822
36207
28015
3443
19827
36212
36214
36215
36217
36220
3453
28029
36223
19839
28031
11648
36224
28032
19841
28033
11650
36228
3460
19845
3461
36230
3464
28041
11659
28045
3470
36238
3471
36240
3473
28052
19861
36245
11671
19864
36249
3482
11675
19867
36254
3487
19871
28063
3490
36259
28068
11686
28070
28072
11689
19881
3499
28075
3502
28083
11702
19898
3514
36283
11708
3516
36285
36286
11710
28094
19903
3520
3522
19907
28100
28101
19910
3527
19911
36296
19916
3537
3541
19925
11734
28121
11739
19933
3551
19937
36321
36322
11746
19940
3559
19944
28140
3565
36335
19952
11760
28147
11765
36341
28150
3574
3575
19960
11770
36348
19964
28157
28158
11775
11776
36353
28163
3587
11780
36357
3591
28169
19978
3594
11786
3596
11789
3598
36367
11791
3600
11794
28180
11798
3607
36377
19994
28186
36379
3612
28188
3613
11805
11806
36383
19999
28197
3621
36392
28202
28203
20012
20016
3632
3633
36401
28211
20019
28213
3639
20023
3640
20025
36410
3642
20026
36414
3646
28222
3647
20032
3650
28227
28228
36421
11846
20041
3658
20043
28235
36428
28237
28241
20050
36434
28243
36436
3670
20055
3671
36439
3673
11867
36443
3675
3676
28254
20064
28256
3681
20067
20069
11878
28264
11881
36459
11889
20082
3699
11892
11895
11898
20091
3707
36476
28284
11901
11902
20094
20095
28289
3713
11905
3714
28296
3721
20106
20107
36493
28301
3727
11921
36498
36499
28309
20119
36503
20121
36506
11931
3742
20126
20128
36514
11939
20135
11943
36519
36520
28328
36522
28332
3758
20142
20144
11952
3760
20145
28337
3761
28339
36535
36537
3769
28346
3771
36540
20156
20157
28351
3775
3776
36548
28358
28359
3785
36558
36561
20179
3798
11997
28382
11999
12001
28386
12002
20195
3812
3813
20198
36582
20199
28392
28393
20201
12010
12011
3821
20205
12014
20207
36592
28401
3826
36594
28404
36598
36601
36602
12027
12029
12030
28414
12031
3840
3842
20226
28419
12039
3848
20233
28426
20235
28431
20240
12050
3859
36627
20244
12053
28438
36631
28440
12058
36634
3866
20250
3867
36635
3870
28447
12065
3874
20259
3876
28452
12070
28455
3881
36650
3882
12076
20269
20271
36660
28470
20283
3900
20285
3903
20287
20292
20294
12102
36681
12107
20303
12112
20304
3921
36689
12114
12115
3923
28500
36693
20309
28502
3927
20313
28507
3932
28508
28510
36705
36708
36709
28518
20327
20328
36712
28524
12140
36717
3950
36720
3953
3958
36726
28535
3963
12155
12156
12157
3966
28544
28546
12164
36740
28549
12166
20360
3977
12169
28554
12170
20363
12172
20364
36753
28563
20372
36756
3991
28568
3996
20380
3998
28576
4001
20385
20387
28580
12198
28584
12200
36776
20392
36780
12204
4015
4016
36785
28595
12212
36789
28597
12215
4023
12216
28601
12218
20412
28604
12220
12221
36799
28607
12225
36805
4037
28614
20423
4039
12234
12235
20429
12238
12240
12241
36817
28626
12245
20438
36823
12247
20442
12251
28635
36829
4062
20447
20451
4067
4068
4069
36837
12264
4072
36841
28649
20459
20460
36846
20464
12272
28657
28658
4082
4084
4086
12278
12280
4089
36859
20476
28668
20480
36864
4099
12297
12298
28682
4111
20495
4114
36885
36886
4118
20502
20503
20504
36889
4122
20507
12316
4125
12318
4126
36895
12320
20517
4136
4138
20522
36908
4141
28719
20527
20528
36913
20530
28723
36916
20533
12351
4163
4166
36934
12361
12364
28749
12367
36947
20564
12374
4183
36951
12375
12377
20570
28762
36955
12379
20572
20573
36958
20575
28767
4192
36960
36961
20578
12387
20579
4197
20582
28776
20586
12400
4209
12404
36980
20598
36982
4215
4216
12410
28794
36989
4221
4222
20607
20608
20610
36996
20615
28807
4232
12424
37000
12429
12430
12432
28823
4249
20634
4252
4253
37022
12447
28833
28834
37027
4259
12451
4260
4261
20646
28838
4262
28839
4264
20649
37033
4267
12460
37038
37039
12464
28848
12465
20659
4276
37045
20665
37049
4281
28858
12474
4282
4286
28862
28863
4288
4289
28869
12485
37063
4295
12488
4298
28874
4299
12491
28876
20685
37069
20687
4304
37073
28882
12499
20692
4311
37085
28894
20702
37087
12511
28897
37091
20708
28901
4328
4329
37100
20722
37108
4341
20725
28919
20729
28922
37114
12539
28923
37116
12542
20735
28929
4354
28931
37124
28932
12549
20741
28933
20743
4362
37131
20748
37132
28941
20750
20751
37138
28948
4372
12565
37143
4377
20761
4378
12570
28959
37152
12577
12580
4389
28966
4393
4395
4396
37165
20782
4398
20783
4400
12593
28978
20787
37174
4408
37176
37177
4411
4412
28989
20797
20800
12608
28994
12611
37187
28996
4420
12612
37188
20806
29000
20813
4429
37197
20815
37199
4434
12627
4437
37205
37206
4439
4440
29016
12633
20826
37214
20830
12639
29023
4448
37218
20837
29030
4454
4455
20839
4458
20844
4463
20848
37232
4468
29044
29045
37238
4470
29046
4477
20861
12672
20865
12673
20866
29058
4486
29062
12680
4490
20874
12682
20876
37261
12688
37265
37266
29076
4500
12695
29079
12698
4506
37275
37278
4511
12703
37282
4517
37287
20908
4525
29103
12724
20921
4537
4539
12731
29117
12733
37310
4542
4543
4544
4549
4552
12745
29131
4558
4560
4568
12760
37341
29149
29150
12767
12768
12774
20966
4583
12776
4584
37353
29167
20982
37367
29175
29176
20985
4602
37370
29179
20990
4606
37376
29186
20994
20995
37383
20999
37385
12809
4618
37387
4619
12811
29196
12814
21006
4623
29199
29200
4629
21013
21014
37399
12828
37405
12830
29221
21030
4648
12841
4650
37419
37420
12845
4654
29231
12850
37426
21042
29237
12853
4662
12856
37433
37434
37436
29247
12865
4673
37442
29252
4679
21064
21065
37451
21068
37458
37461
12886
4697
4700
37473
12900
4710
12904
29288
37481
4714
4717
37488
29297
29298
21107
29299
12916
12924
37500
29308
21116
21117
29310
12927
29312
37505
37506
21124
4740
4741
4746
4747
12939
29323
29324
37516
21132
21133
4753
21139
4757
4758
12951
37528
4761
29339
37532
12956
29340
4764
21148
37534
4768
21153
37537
4771
4772
12964
21157
29351
12967
12971
4780
21164
37549
37551
21168
29361
12984
12986
21178
29371
4798
29377
21186
4803
37572
29380
37573
29381
12997
13000
4809
37583
4816
29394
13010
37588
4820
29401
29402
21212
29405
4829
37599
29409
13026
37603
4835
4837
4842
37610
37616
4849
29425
4851
21236
4852
4855
29433
21242
21247
21248
21249
4868
29448
13065
29449
13066
37643
37644
21263
4879
4880
37648
29459
4884
21270
21271
13079
4888
29467
37660
21277
21279
13091
13095
4904
37672
37674
37675
4907
29485
4913
29489
13108
13109
4917
13110
29496
29497
29498
21307
4925
4931
21316
37700
37701
29511
13127
21319
29512
4937
21325
37711
29519
21328
21329
29522
21330
29523
13143
21337
29529
29530
21339
4957
13149
37725
37726
29535
37727
13153
21346
29539
21350
21351
21352
21354
13164
37741
13165
13166
4975
4976
21360
37745
29554
13170
29557
13177
29561
21372
13180
4989
21373
29567
13184
21377
37763
4996
21381
37766
4998
21384
21387
29579
29580
29581
29582
29587
29588
13204
13205
5015
37784
37786
29594
37790
21409
13218
37797
5029
13223
21415
29607
21416
21417
37801
37802
29610
21418
37804
29613
29616
29617
21426
5042
29622
29625
13241
29627
13244
37822
29632
37824
21441
21442
29637
37829
13254
37831
37832
21449
5066
21451
5068
37836
37837
5069
29645
29647
5074
37842
29651
37845
21461
13272
29656
21465
37851
13276
21470
29663
5089
37858
21475
37859
13284
5092
29670
13286
29672
5096
21482
13290
29675
37868
5100
29677
29678
21487
21493
29686
37879
29688
29689
37882
21498
37885
13309
21502
5119
21505
13313
13315
5124
5127
29704
21512
37896
29709
13327
21519
5135
13328
29713
5138
13332
37911
13335
21528
13337
21533
37919
29727
21537
5156
37925
37927
13351
29736
29738
37933
37934
5170
13364
21561
5177
13370
5179
37947
29755
5181
13381
29765
13385
21579
29771
29772
5198
37967
21583
37968
37971
13395
29780
21591
5208
37978
5211
13404
21596
37981
21597
37983
13407
21599
13408
29793
5219
21607
5223
29799
21609
13421
29807
38000
13425
21621
5238
13431
29816
29819
5246
13439
29825
5250
38018
38023
21643
29838
13456
38033
29841
21649
29842
29843
13460
29847
21657
38042
38045
13471
5286
21670
13481
5289
38058
13482
38059
29868
5294
13487
21680
29879
21687
29885
5310
13503
38080
21697
5313
21699
21701
29895
13513
5321
13514
29900
21708
21710
13521
38101
5334
38102
13529
29914
13530
29917
38110
38113
5347
38116
29925
5353
13545
29929
38124
5358
13551
38129
5362
21746
21747
38133
13558
5367
21754
13564
13566
5374
29951
21761
5378
21766
38150
13575
38153
21772
5388
21774
29968
21779
13588
29974
21782
5401
38169
13594
13595
29979
13596
38174
21790
21793
5410
38178
29987
5412
29990
5415
38187
29996
21805
38190
38191
5424
30000
5425
38194
21812
21813
13621
21814
5431
13625
13628
5436
21822
21823
38207
21827
5445
5446
30023
5448
5449
13642
5451
21836
21839
30032
5456
21841
21844
13654
30038
5463
21851
5468
5472
21860
30053
13670
5479
30057
21866
30059
21872
13680
13681
5489
30070
5496
13690
30074
30076
30080
5505
30081
5507
30083
13702
21896
21903
5520
13713
21909
13719
30107
5534
21921
13729
5539
30116
13733
21927
30119
21929
13739
21932
5548
5551
30127
30128
13746
30130
13748
21940
13751
13753
21947
13755
21949
21955
5573
21957
5577
30155
21964
5581
21966
5583
5584
13777
5585
5587
13779
5588
21972
13782
13787
30173
13790
21985
5604
5610
30187
13804
21996
5613
21998
5614
30191
13807
5617
30193
22002
5620
22005
13813
22010
22012
5629
5630
22014
22015
5634
30213
13833
5642
13834
13836
22033
30226
13842
5650
5652
13845
5656
13849
22041
22042
13850
5659
22044
5661
22050
22052
22053
22055
5674
13866
5676
22060
30253
22062
13872
5682
30259
13878
5686
5688
30264
5690
22075
5693
30269
13889
13891
5703
30279
30281
30284
5710
22095
30288
30290
13907
13908
13910
5719
30297
30299
13917
5726
30304
30305
30307
22119
22120
13929
5737
30318
13936
30324
13940
5750
30328
5753
5756
5762
5763
30341
22150
5766
5767
30343
22158
30352
22160
5776
5782
30360
5785
13981
30366
5796
5797
22184
22185
13996
22189
30383
5808
22193
14001
30387
5814
14007
5822
30399
5824
30402
5828
14022
30407
5832
22223
22225
22226
5842
22229
30421
14039
22235
5852
22239
30433
14053
5861
30438
14055
5864
14058
30444
22254
30446
22256
14064
14066
5875
5879
30457
14074
22268
14078
14079
14083
5893
5894
30473
22283
30477
5902
22288
30486
5913
30489
22304
5921
14115
14117
14119
5929
22315
30507
14125
30509
14126
30517
22325
22327
30519
30520
14136
22330
5946
30524
22334
14144
14145
22338
14149
5959
22344
22345
5961
30541
5969
22354
30547
5971
5972
22362
22363
30555
30557
30559
5984
22370
22379
22380
30572
22381
14189
22382
6000
30577
22388
30581
6006
14198
30583
6011
14206
30591
14207
6016
30593
6017
14211
22406
14217
6031
14224
6033
14228
14230
14231
30615
22424
22428
22431
30626
22441
6057
22442
30638
14256
6065
6069
30645
14262
30648
6073
6074
14266
6077
14271
14279
22475
6092
30668
6095
22481
14289
6098
14291
22486
30685
30686
30687
14304
22497
22500
6119
22505
14314
22506
30698
6125
22511
14322
22515
14324
30709
14327
30713
6137
6138
22522
14336
30720
14338
14341
30727
30728
6152
6153
14345
30730
14351
22544
30736
30737
14354
22553
30747
14366
22558
6174
6175
14367
30754
14374
6184
14377
6186
22575
6191
30773
22582
30775
30777
14394
30781
30782
14399
30785
6210
14403
22596
14404
30789
6218
14413
14418
6227
22611
14421
22614
6230
30806
22617
30809
14428
30814
14430
6239
22626
22628
14439
30824
30828
6253
14446
6258
14450
14455
22652
14460
14463
6275
22661
22662
6280
30857
6281
6282
14474
22667
14475
22673
6289
22674
6291
14483
14484
6294
14486
30876
6300
14496
6304
6305
6306
14498
22690
30884
30885
22694
14503
6311
30888
14505
14506
6314
14508
6322
6323
30899
30900
22710
6327
22712
6328
22719
14529
22722
6340
22725
22728
14537
14538
30922
14539
14541
30925
30926
14542
6354
30930
6355
22739
22743
30939
6366
22751
14560
6372
14564
14569
22762
6379
22766
22767
22769
14579
30965
6390
14586
14587
14588
30973
14591
30975
22784
6405
6407
14602
14603
30990
6415
30994
14611
6421
22806
22808
6427
6429
22814
22816
6435
14629
6439
31016
31017
6441
22825
6443
14637
22831
14640
14646
6455
6456
22840
6458
14650
6460
22844
22845
6462
6463
31044
22854
31046
31047
14665
6475
14667
14668
22861
6478
14673
6485
22869
14681
6492
14692
6503
6507
22891
6509
31086
6510
22898
6518
14710
31095
22904
14712
31097
31100
31103
31109
14729
6537
14731
31120
22928
31121
6547
6549
14742
22938
14749
31138
31140
6567
14760
31146
14762
22956
14770
22964
14772
6581
31158
31159
22968
31161
14780
14781
31166
22975
31167
22977
14787
22981
22986
14794
22987
31184
6611
14804
6614
22999
31192
31195
23003
6620
31198
31199
6628
31205
14822
31208
31210
14827
14828
31214
14831
31217
14834
31220
31224
23033
14842
31226
23035
6652
23037
31235
14852
6661
31240
6665
23049
6668
23053
31245
23056
31248
31250
6676
23062
6680
14875
23074
23075
6693
6697
6698
14894
23088
31280
31285
23093
14903
6711
6712
14911
6720
6723
23107
31300
31301
23111
23112
14920
23113
23114
23116
23118
14927
14929
23122
23127
31324
31327
14944
31328
6753
31330
31332
14950
23143
31335
6760
6763
31339
31342
6768
6772
14966
6774
6775
14968
23160
6779
23163
6785
14978
23172
14981
31367
14983
31368
6794
31370
14989
6797
6801
14995
23189
6806
23191
31385
15003
6812
23197
23198
31391
23202
6820
15012
6822
23206
23207
15017
23210
23212
15020
6829
15025
6836
23221
31415
23224
6840
6844
23230
15039
15041
31427
15046
31430
15047
23242
23244
31436
31437
15055
31439
6863
15056
23248
15058
31442
23250
23251
6868
15063
23261
6880
23268
6885
23269
15078
31462
23271
15085
15089
6899
23286
15094
15096
31481
23290
23292
15101
23298
23299
15107
6916
6918
31497
23306
31498
31499
31500
15116
6925
15117
31501
31503
31504
15126
23318
23321
6937
15129
6938
15132
31518
23333
31525
15141
23337
15148
6957
6961
23346
15159
23352
23353
6970
6971
31548
6972
23357
15172
23365
6983
6985
6986
15181
6989
15182
31566
23378
6994
23379
23381
31575
7002
7003
31580
23389
15197
15198
23390
23392
31585
23394
7011
23398
15210
23403
31595
23405
7022
23407
23408
7025
31603
15220
7031
31608
23417
23418
7034
7036
23423
23428
7046
23432
7051
15244
15245
31630
15253
7064
7067
31645
23453
31646
15263
23455
23459
7075
31653
7080
31661
15277
15278
7087
31663
31664
23473
15281
7090
15284
7093
31669
7095
15291
7101
15293
15294
23487
15299
31684
31685
23496
15306
15307
31691
15308
7123
15321
23515
7133
15326
31712
23523
7141
31717
15334
23530
31726
23537
31730
23541
15350
31735
31738
23546
15355
31741
23551
31745
31746
31753
23562
7185
15379
15388
31772
7198
31776
23585
31779
7206
31786
23594
15403
7211
7214
15406
31791
31792
7217
7219
23603
23604
7221
15414
7223
23608
15418
23610
7229
31805
23613
23614
7230
7234
23620
23622
15430
23623
7239
31819
7243
31820
31821
15437
23630
15442
23638
31834
7259
7263
15457
15458
23652
15461
7272
23659
31855
15471
7281
7284
23668
15476
31861
7286
23671
15481
23675
15486
15492
23687
7306
31882
15502
7310
7312
15507
23700
31893
15510
31894
15512
7322
23706
31902
15519
31906
15522
23715
31909
23717
15527
31911
23721
15531
23727
31921
23730
23732
31924
15542
7351
31929
7355
15547
23747
23749
15559
23752
31946
23759
15567
31953
23762
31954
31958
15575
31959
15580
15581
7389
15582
15584
23776
7393
7394
23779
7396
15590
7399
23786
15594
15598
23791
7408
31987
15604
7412
23797
7414
23798
23799
23800
7416
7417
31996
31998
23806
31999
15616
32001
7426
7430
32010
32019
32021
15637
7447
23831
15640
15641
23834
32026
7450
15643
32033
7458
15651
7461
32038
23846
23847
15657
15660
32045
15664
7473
15667
7478
7482
7483
32060
15676
15680
23875
15686
23878
7494
23881
15690
15691
15692
32076
23884
7500
7502
7503
15697
23889
32081
7505
23892
15702
7511
23895
23896
7514
32092
32093
32094
32095
15713
23913
32106
7530
23917
15726
32113
15732
7540
32118
7543
32121
32122
15744
32130
23940
15750
32135
15752
23944
7561
23946
32140
23949
23950
32144
32147
15766
7574
7576
15768
15770
7580
32159
7584
32160
7586
15780
23973
32166
7591
15784
23977
7593
23978
7595
7600
15794
32179
23988
7605
32182
7606
15799
32183
15801
23994
23995
7612
32188
7613
32191
7616
15810
15818
24014
32208
24017
15828
24021
15829
7641
24026
7645
15838
15839
7648
7649
15841
7650
15844
32228
7653
32229
32230
15851
15855
15856
7664
15857
7667
24052
7671
7672
32248
24060
32253
7677
15872
32257
7682
32259
15876
32267
24077
32269
24078
15887
7695
32272
15889
32274
7699
32276
15896
15901
32288
15907
24099
32292
7719
24103
24105
32298
15915
32299
7724
24108
15918
7727
15919
7730
15922
32308
15925
32311
24124
24127
15938
24132
32324
7750
32326
15943
32330
7756
24143
24145
7763
24147
24148
15959
24152
15962
15963
24161
24164
32357
32358
7784
24168
24173
15984
15987
7797
15989
32375
24185
15996
7805
32381
15999
7807
24193
16001
16002
16004
32390
16007
32391
7815
7819
16013
32398
32399
32400
24208
16018
32403
16021
16022
32406
16023
16024
24220
32416
16032
7841
24226
24228
16039
16040
7854
16046
16047
32432
7857
7860
32438
32439
24247
7865
32444
7870
32447
16066
7874
32456
7880
32458
32459
16077
32461
7890
16083
32469
7894
16088
32473
32475
24284
24287
7905
32481
32485
24296
16104
32490
7915
16107
32492
24303
16111
32496
32497
24306
16117
16121
24315
32508
24317
16126
24318
7935
16129
24321
7938
16132
7943
24331
32525
16141
24336
7956
7957
24342
24343
16152
16153
7961
7963
7964
24349
32544
7972
16165
16167
32554
16173
24366
16174
16178
7988
24373
7989
24374
7992
24376
16189
32573
7999
32576
8000
16195
8006
32582
8014
24400
32592
24402
8019
32598
32599
8025
8028
8030
24415
8032
8035
24421
16232
32616
24425
24427
16240
8050
8053
24438
8055
24439
24440
16250
24445
8062
32638
16256
32642
8066
8074
8079
16273
32660
16277
32661
32663
8087
16281
24474
32666
32668
16284
16287
8097
16290
8098
16291
32678
16295
24489
16299
24492
8111
24495
16304
16306
24500
32699
24509
16321
24514
8134
24518
8135
32712
16328
16329
16330
24523
32715
24526
32718
16336
32721
8146
32722
16339
16341
8151
8153
16346
8154
32736
8164
16357
32743
8169
24553
16362
32746
32751
24564
8180
24570
16379
16383
9
0
432
178
211
229
184
221
14
239
9.94