11637
0
16385
2
16386
3
16387
4
16388
6
7
8
16392
10
16394
16395
12
14
16398
16399
16
18
16402
19
16403
20
16404
16407
24
16408
25
16409
26
27
16411
16413
30
16414
31
16415
32
16416
35
16419
36
16421
39
16425
16426
43
16427
46
47
16431
48
16432
50
51
16435
52
16436
53
16437
54
16438
16439
57
16441
58
16443
60
16444
61
16445
62
16446
63
64
16449
68
16453
16454
71
16455
72
16456
74
75
16459
16460
77
82
16466
16467
16468
87
16472
16474
92
93
94
95
96
16484
16486
105
16490
107
110
111
113
16499
16501
119
16503
120
121
16505
125
126
128
129
16514
131
132
16516
133
16517
135
16519
16521
16525
143
147
148
150
152
16536
16538
155
157
16541
159
16544
163
16547
164
165
166
16551
168
16552
16555
172
16556
173
175
16560
178
16562
180
181
182
16566
184
186
16570
187
188
189
16574
16577
194
195
196
198
200
16585
202
205
16589
207
208
211
16595
16596
214
215
216
16600
217
218
220
221
16605
222
223
226
227
228
16612
229
16613
230
233
16617
234
235
237
238
16622
239
16624
243
16630
248
249
16633
250
253
254
255
256
257
16641
258
16643
261
262
264
16648
16649
267
268
269
16653
270
271
272
273
276
277
16661
278
279
280
284
16668
16669
16670
287
289
290
291
292
16676
16678
296
297
299
16684
301
302
303
304
305
306
307
310
311
313
317
16701
320
16708
326
16710
330
16714
331
332
16717
334
16718
16720
341
342
343
346
16730
347
351
355
356
357
16741
16743
360
16747
365
16750
368
369
16753
370
16754
16758
16760
377
378
379
16763
380
16764
382
383
385
16772
389
16773
16774
16777
394
16779
396
397
16781
16782
399
16784
401
16786
16787
404
16789
406
407
16793
410
412
413
16797
415
417
418
419
421
16805
423
16807
424
426
429
431
16815
432
434
16818
436
16821
438
16822
441
442
443
16827
444
16829
446
447
16832
449
16838
455
16839
456
16841
459
463
465
468
470
16854
16855
472
16856
473
474
16859
477
16861
478
479
480
16864
481
16865
485
16869
486
487
488
490
16874
491
16875
16877
494
16878
495
16880
497
16881
498
16883
500
501
503
505
508
16893
511
513
515
16900
517
519
521
16907
524
16908
525
526
527
16911
16912
529
530
16914
16916
535
16920
542
544
545
548
549
16933
550
552
16938
555
16939
556
16940
16942
559
560
561
562
16946
563
564
16948
565
567
16951
568
570
16954
572
573
575
576
578
583
16967
585
586
589
590
16976
594
595
598
599
16984
602
16987
606
611
16996
613
614
615
617
618
17007
624
626
628
17013
630
632
17016
637
638
639
640
642
17026
645
648
17033
651
17035
652
654
17038
655
17039
658
659
660
661
17048
665
666
667
17051
668
17052
669
671
17055
17056
675
676
677
17061
678
17062
680
682
17067
684
685
17069
686
17070
687
688
689
17074
691
694
17078
695
697
17081
698
17082
700
17084
701
17086
703
704
705
17089
17090
17092
709
17094
711
713
714
17098
716
17100
718
719
17103
720
17104
723
17110
728
17112
730
732
17117
734
736
738
740
17124
741
17126
744
17130
749
751
17136
753
754
755
756
17141
758
759
17144
761
17148
765
766
767
769
17153
770
772
773
774
775
776
777
779
780
781
17165
783
785
17169
17171
791
17176
796
797
798
17182
799
803
804
17188
805
17189
806
17190
17192
809
17193
810
811
812
813
815
816
819
821
822
825
17210
827
828
830
17214
831
17215
832
834
17218
836
837
838
17223
840
842
843
844
847
17231
849
851
852
17236
17238
855
17239
856
17240
857
17241
858
859
17243
860
17244
861
862
864
866
867
868
17255
873
17259
877
878
17263
881
883
885
888
890
892
893
17278
895
896
17283
901
902
903
904
905
906
910
914
17298
917
17304
922
925
926
928
17312
929
17313
930
931
932
933
17317
935
936
17321
17322
939
942
944
945
947
951
952
954
955
956
957
959
961
964
17348
965
968
969
970
17354
972
973
17357
974
975
976
977
17361
979
981
983
984
17368
986
987
17371
991
992
993
994
17381
17383
1000
1001
1002
17386
1003
1004
1005
1006
17390
1007
1009
1013
1014
1015
17400
1017
17402
1019
1020
1021
17405
17406
1023
1024
17408
1025
1026
17410
1028
1029
17415
17416
1033
1035
1036
1037
1041
1042
17426
1043
1046
17431
1049
17433
1050
17437
17438
1055
1056
17441
1059
1060
1063
1066
1067
1068
1070
17454
1071
17455
1072
1073
1074
17458
1075
1076
17460
1080
1083
17468
1085
1087
1089
1090
17474
1091
1093
17477
1094
17479
1096
1097
1098
17482
1099
17483
17485
1103
1104
1108
17492
17495
1112
17496
1113
17498
1116
1120
1121
1122
1127
17513
1130
17514
1132
1133
17517
1134
1135
1136
1139
1140
1142
17527
1144
1145
1146
1147
17532
17534
17536
1155
17541
1158
1159
1163
1164
1165
1169
1170
1171
17555
1172
17558
1177
1178
1180
17564
1181
17566
1183
17567
1184
1187
1188
17572
17574
1191
17579
1196
1198
1199
17583
1200
1201
1203
17587
1204
1205
1206
1207
17592
1209
17594
1213
1214
1217
1218
1219
17604
1221
1225
1226
17610
1227
1228
1229
17613
1230
1233
1234
1235
17620
17622
17624
17625
1242
1243
1244
1246
1247
1248
1249
1253
17640
1257
1258
1259
17643
1260
17644
1261
1264
1267
1268
1269
1270
17654
1271
1273
1275
1277
1278
17662
1279
1281
17665
1283
1284
17669
17671
17672
1293
17677
1294
1295
17679
1296
1298
1299
17683
1300
17686
1303
17687
1305
17689
17690
1307
1309
1310
17694
1313
1314
1315
17699
17700
1318
1319
1321
17707
1324
17708
1327
1329
17713
17715
17716
1333
1334
1335
17720
1337
1338
17722
1341
17725
1344
17728
1345
1348
1350
17735
17737
1354
1355
17740
17745
1362
17748
1365
17749
1367
1368
1369
17754
1375
1378
17762
17763
1380
1381
1382
1384
1385
1386
17772
1389
17773
1391
17776
1393
1394
1396
1398
1401
1402
1403
17788
1407
1408
1409
1410
17795
1415
1416
17801
1418
1422
1423
1425
1426
1430
1431
17815
1432
1434
1435
17821
1439
1440
1441
1445
17829
1446
1447
1448
17833
1450
17834
1453
1454
1455
1456
1457
17842
1459
17843
17844
1461
17845
1462
1464
17848
1465
1466
1467
1468
1470
17854
17855
1472
1474
1475
17860
1479
1480
17864
1481
1483
1484
1485
1487
1488
1491
1492
1496
1497
1498
1499
1500
1501
17888
1508
1509
1511
17895
1513
1514
1516
1518
1519
17903
17905
1523
1525
1526
1527
1528
1529
17916
1536
1537
1539
1540
1542
1544
17929
17931
17932
17934
17935
1552
1555
1556
17940
1559
17943
17944
1562
17946
1563
1565
17950
1568
17952
1570
17954
1571
1572
1573
1576
1577
17961
17962
17964
1581
1584
1587
1589
1591
1594
17979
1596
1597
1598
1599
17984
1601
17985
1602
1603
17987
1604
17991
17992
17993
1611
1614
1615
1616
1617
18005
1622
18006
1625
1626
1627
1628
1629
1630
18015
1632
1633
18017
1634
18018
18020
1638
18022
1639
18024
1641
1642
1643
1644
18028
1647
1648
1649
1650
1653
1657
18041
1658
1659
1660
1661
1662
1663
18047
1672
1673
1676
1677
18062
1679
18063
1680
1681
1682
1683
1684
1686
1687
1689
1692
1693
1695
18082
1700
18085
1704
1707
1708
1711
1712
18096
1713
1714
1715
18100
1720
1721
18106
1724
18108
1725
1726
18110
18111
18112
1731
1732
18116
1734
18118
1736
1737
1738
1739
1740
1742
1746
18130
1749
1750
18134
1751
1752
18136
1753
18137
1754
18138
1757
18141
1758
18143
18144
1762
1763
1764
18148
18150
1767
1771
1772
18159
1776
1779
1780
1781
18168
1785
18171
1788
18172
1789
1793
18177
1794
18178
1798
18182
1799
1800
1801
1805
18189
1806
18190
1807
18192
18194
1811
18195
1812
18196
1813
18199
1817
1819
1820
18204
1821
18205
1822
18206
1823
18207
1824
1825
1826
1827
1829
18213
18216
18219
1839
1840
18224
1845
1846
18230
1848
1852
1853
1854
1856
1858
18242
1859
18244
1862
1865
1866
18250
1867
1868
1869
18253
1870
1872
18257
18258
18259
18260
1877
1879
18263
18264
18265
1882
1886
1888
18273
1890
18275
1892
1895
18279
18280
18281
1898
1899
1900
1901
1903
18287
1905
18289
18294
1912
18296
1913
18298
18300
1917
1918
18303
1922
18306
1923
1925
18309
1926
1929
18314
1932
18317
1936
1937
1938
18322
1939
1941
1942
1943
1945
1946
18334
1952
18336
18337
18339
1957
18341
18342
1959
18343
1961
1963
1964
1965
1966
18350
1967
18353
1970
1972
1973
1975
18360
1979
1983
1984
18368
1985
1986
1987
1989
18375
1992
18376
1993
1995
1996
1998
1999
18383
2000
18384
2001
2002
18387
2004
2007
2008
2012
18397
2015
2016
18401
2018
2019
2020
2021
18405
2022
2023
2024
18408
18409
2027
2028
18412
2029
2030
2031
18415
2032
18416
2033
2034
18418
2035
2036
2037
18421
2039
2040
2041
18426
2044
18429
2046
18430
2047
2048
18432
2049
18434
2052
2053
18437
2054
18438
2055
18439
18440
2060
2061
18449
18451
2068
2070
18454
2071
2072
18457
2074
18458
2076
2077
18462
18463
2080
2084
2085
2086
2088
2089
2090
2092
18476
2095
2096
2097
2098
18482
2099
2100
18484
2101
18485
2102
2103
2105
2107
18491
2108
2109
2110
18494
2116
18500
2117
2118
18502
18503
2120
18504
2122
2123
18507
18508
18511
2128
2130
2132
18516
2133
2134
2135
2136
18520
2139
2140
2142
18527
2144
18530
2147
18531
2148
2150
2151
2153
18537
2154
18538
2155
2156
2158
2160
2161
18545
2163
2164
2165
2166
2167
2168
2170
2171
2172
2173
2175
2177
2178
2179
18564
18565
2183
2184
2185
2186
18570
18571
2190
2191
2192
18578
2196
2198
18583
2200
18587
18589
2206
18591
2210
2211
2212
2215
2216
18600
2218
2220
2221
18607
2225
2226
2229
2230
18615
2233
2236
2237
2238
2240
18624
2241
2243
18627
2244
2245
18629
2246
2248
2254
2256
18640
2259
18643
2261
2263
2264
2266
2267
18651
18652
2269
2270
2271
18655
2272
2274
18658
2275
18659
2276
2278
2279
2280
18664
2281
2283
18667
2284
18668
18670
2287
2288
18672
2289
2290
2296
2298
18683
18685
2302
2303
2304
2305
2306
18690
2311
2313
2314
2319
18703
2321
2323
2324
18708
18709
2326
2327
18711
2328
2329
2330
18715
2332
2333
18719
18722
2340
2342
2343
18727
2344
18729
2347
18732
18733
2350
2352
2353
2357
18742
2359
18743
2360
18745
2362
2363
18747
2364
2365
2366
2368
18752
2369
2370
18754
2371
2372
2375
18759
2376
18760
2377
2378
18762
2380
2381
2382
18766
2383
2385
2386
18771
2389
18773
2390
18775
2392
2393
18777
2394
2396
2398
2399
18783
18784
2401
2403
2404
2405
2406
18790
2407
2408
2409
2410
2411
2412
18797
2414
18798
2416
2418
18802
2419
2420
2421
18805
18806
2425
18810
2427
2430
2432
2434
2435
2437
18821
2438
18822
2439
2440
18825
18826
2443
18827
2444
2445
2446
2448
18833
2450
2451
2452
2458
2459
18843
2460
2463
2464
2465
18850
2467
18852
2469
2470
2471
2472
2473
2476
18860
18861
2480
2481
18865
2482
2484
2485
2486
18871
2489
2490
2491
18875
2492
18876
2495
2496
2498
2499
2501
18886
2509
18893
2510
18894
2511
2512
18897
2514
2515
18899
2516
18900
2517
2518
18902
2519
2521
2523
18907
2525
18909
2526
18910
2530
18916
2535
2536
18920
2538
2543
18927
2544
18928
2545
2546
18932
2550
2551
2552
2554
2555
2556
2558
2560
2561
18946
2564
18950
2568
2570
2571
2572
18959
2576
18962
2579
18963
2580
18964
2582
2583
2584
18968
2585
18969
2588
18973
2590
2591
2594
2595
18979
2596
2597
18981
2598
18982
2599
18985
2602
2603
18987
2606
2609
18993
2610
2611
2612
2613
2614
2618
2619
2620
19004
2621
2625
2626
2627
2628
2634
2636
19020
19021
2639
19023
2641
2645
19029
2646
19030
2648
2649
2653
2654
2655
2656
19040
19042
2659
2660
2662
2663
19047
19049
2666
2668
2669
19054
19055
2675
19059
2676
19061
2678
2679
2681
2682
2684
2685
2687
2688
19073
2692
2693
19081
2700
2701
2702
19088
2705
2708
2709
2710
19094
19095
2712
19097
2717
2718
19102
2719
2721
2722
2725
2729
19113
2731
19116
2733
19117
2734
2738
2739
2740
19124
2742
2744
2745
19129
2749
2750
2751
2752
19137
19138
2755
19139
2756
2758
19144
2763
19148
19149
2767
19151
2768
19152
2769
2770
19154
2771
2772
19156
2774
2775
2776
19162
19163
2780
2781
19165
2783
2786
19170
2790
2791
19175
2792
2793
2795
2796
19181
2798
2801
2802
2803
19187
2806
19191
2808
19192
2809
2811
19196
2813
19197
2814
2815
19199
2816
2817
2819
19205
2823
2824
19210
2828
2829
2831
2832
2834
2835
2836
2837
2839
2840
2841
19225
2843
2844
19228
2846
2848
19232
19233
2851
2853
19237
2855
19239
2859
2863
19247
2865
2867
2869
2871
2872
19256
2873
19257
19258
2875
2876
19260
2877
19261
2879
2880
19266
2885
2889
19273
2891
2893
19278
2895
19279
2897
2899
2900
19284
19285
2904
19288
2905
19289
2906
19291
2910
2912
2914
19298
19299
19301
19302
2919
19304
2926
2928
2929
2930
2934
2935
2938
2939
19323
2940
2941
2942
2943
19327
2944
2946
2948
2949
19335
2952
2954
2957
19341
2958
19343
2960
2961
2962
19346
19347
2966
19350
2968
2970
19354
19358
2978
2980
2982
2985
2986
2989
19373
2990
2993
2994
2995
19380
19381
3002
3004
19388
3005
19390
3008
3010
3011
3013
3015
3016
3017
3018
19402
3019
3020
3022
19406
3023
3024
3025
3026
3027
3028
3029
3030
19417
3034
3035
3036
3037
3038
3039
3041
3042
3043
3044
19428
3045
19429
3047
3048
3050
3052
19436
19437
3054
3055
3057
19444
3061
3062
3065
19449
3066
19450
3067
3069
3070
19454
19456
3073
3074
3075
3076
3079
3080
3081
3082
3083
3084
3087
19471
3088
19473
3091
3092
19477
3094
19478
3095
19481
3098
3099
3101
3102
19487
3105
19489
3106
19492
3109
3111
3112
19496
3113
3114
3115
3116
19500
3117
3119
3120
3121
19506
3123
3124
3125
3126
19510
3127
19511
3128
3130
3132
3135
19519
3136
3139
19523
3142
3144
3145
3148
3149
3151
19535
3154
19539
3157
3158
3160
3161
19545
3162
3163
19547
3164
19548
3166
19551
3168
19552
3169
19553
3170
3171
19555
3172
3173
3174
3175
19559
3176
19561
3179
19563
3182
3184
3185
3187
19572
3190
19575
3192
3193
19577
19582
3200
3203
3205
3206
3207
3208
19593
19595
19596
3213
3214
3215
19599
3217
3218
3219
19603
3221
19605
19607
19608
3228
3229
3231
19616
19617
19618
3235
3236
3237
3238
3239
19623
3240
3241
3242
19627
3247
19631
3248
3249
3251
3254
19639
3256
3257
3259
3262
3267
3270
3271
3272
3276
3278
19662
3280
19665
3284
3285
3287
3288
19673
3292
3293
3294
19679
3296
19680
3298
19682
3301
19685
3302
19686
3303
3304
3306
3307
19695
3313
19698
3315
19699
19700
3317
19701
3318
3320
3321
3322
3323
3324
3327
19714
3331
3332
19716
3334
3335
3338
19722
19723
19725
3344
19730
3347
3349
3351
3352
19736
3353
3355
19739
3356
19740
3358
3359
19745
3362
3363
19747
3364
19749
3366
3367
19752
3369
19754
3372
3373
3374
3376
3377
3378
3382
3384
3385
19772
3391
3392
3394
3395
19781
19783
3401
3402
3403
3404
3405
19789
3408
3409
3410
3411
19796
19797
3415
3417
19801
3418
19810
3429
3431
3432
19817
3434
19818
3435
3436
19821
3438
3440
3441
3443
3444
19829
3446
3447
3449
3450
19834
3452
3454
19841
3459
3461
3462
3463
19848
3465
19849
3466
19850
3468
3469
19854
3471
3472
3473
3474
19858
19859
3477
3479
19865
3482
3483
3484
3486
3489
3490
3492
3493
19877
3494
3495
3497
19881
3500
3501
19885
19886
3503
3507
19891
3509
3510
19894
3512
19898
3518
3519
19903
3521
3522
3523
3524
19908
3525
3526
3527
19911
19912
3529
3530
3531
19916
3533
19918
3535
19919
19920
19923
3540
3543
19927
19931
3548
3551
19935
3552
3553
19937
3554
19938
3559
3560
3561
3562
3563
3564
3566
3568
19952
3569
3572
3574
3575
3577
3578
3580
3581
3582
19966
3583
3584
3588
19972
3589
3590
3592
3593
3594
3595
19980
3597
19982
3599
3600
3601
19985
3603
3606
3608
19995
19997
3614
3615
20000
20004
20005
3622
20007
3625
20009
3626
3627
3628
3629
20013
20015
20016
3634
3635
20019
3636
20020
3638
20022
20023
3640
3641
3642
20028
3645
3646
20030
3652
3653
3655
20039
3658
3660
20046
3663
20047
3664
20048
3666
3667
3670
3671
3672
20056
3673
3675
20059
3676
3678
3679
3682
20066
3683
3684
20068
20069
20071
3688
3690
20074
3691
20077
3694
3695
3696
3699
3700
3703
20087
20089
3706
3707
3708
20092
3709
20093
3712
20096
3713
3714
3717
20102
20103
20106
3723
3724
3725
3726
20111
3728
3731
3732
3733
3734
20121
3739
20123
3740
3741
3744
20128
3745
20130
3748
20132
3749
3751
20136
3753
3754
3756
3757
3758
3761
20146
3764
3765
20150
3767
3769
20154
3773
3774
3775
3776
20160
3777
3779
3780
3782
3783
20167
3784
20168
20169
3786
3788
20172
3789
3790
3791
3792
3794
20178
3795
3797
20181
3799
20183
3800
3801
3802
20186
3803
3805
3807
3811
20196
3813
20199
3816
20200
3817
3818
20203
3821
3822
3823
3826
3827
3828
20212
3830
3832
20216
3833
20217
20220
3837
3838
3840
3844
3846
3847
20231
3849
20234
20235
3852
3854
3855
3856
20241
3858
3859
3860
20244
3861
3862
3863
3864
3865
3866
20251
20252
20253
3871
3874
20259
20260
3877
3878
3879
20263
3880
3881
20266
3883
3884
3885
3886
20270
3888
3892
20276
3893
3895
3898
3903
3904
3905
3907
3909
20293
3911
20295
3912
20296
20297
3914
3916
20300
3917
20301
3918
3920
20305
3925
3926
3929
3930
3931
3933
20317
3934
3937
20322
3939
20323
3941
20326
3943
3944
20328
3945
20329
3947
3948
3950
20335
20336
20337
3954
3955
20339
3956
3959
20343
3960
20347
3966
20351
3968
3969
3970
3971
3972
3976
20360
20361
20362
3980
3981
3982
20366
3983
3984
3986
3988
3989
20373
20376
3993
20378
3996
3998
3999
20383
4000
4001
4002
4003
4005
4006
20391
4008
20394
4014
4015
4016
20400
4019
4020
4021
20405
4022
4023
4024
4025
20409
4026
4029
4030
4031
4033
4037
4038
4039
20423
4040
20424
4041
4043
4044
4045
4046
4048
20432
4049
20433
4050
20434
4051
4052
4053
4054
4056
20440
4057
20441
4058
4060
4062
4063
4064
20449
4066
20450
4067
4068
20453
4070
20454
4071
4072
4073
4074
4075
4076
20460
20461
4078
4080
20464
4084
4085
4087
20472
20473
4090
4091
20475
4092
4093
20480
4099
20488
4105
20489
4106
20490
4107
4109
4111
4115
4116
4117
20501
4118
20503
4122
4124
20509
4126
4127
20513
4130
4132
20516
4133
4134
4135
4137
20521
4139
20523
20524
4143
20527
4144
4145
4146
4147
4148
4149
4150
20535
20538
4155
4156
20540
20541
4158
20544
4161
20545
4163
4165
4166
4170
20554
4171
4174
20558
4175
20560
4178
4179
20563
4181
20565
20569
4186
20570
20571
4188
4190
20575
4192
4193
4196
4197
4198
4199
4200
4201
20585
4202
4204
4206
4207
4209
4210
4211
4212
4213
4214
4217
4218
4222
4223
4224
4227
4228
4229
4230
20614
4231
20615
4234
20618
4239
20623
4240
20624
4242
4245
20630
4247
20631
4248
4250
4251
4252
4253
4255
4256
4257
4261
4262
20646
4266
4267
4268
4270
4271
4273
4274
20659
4276
4277
20661
4278
20662
4280
4281
20665
20667
4284
20668
20669
4288
20672
4289
20675
20676
4293
20677
4295
4296
4297
20683
4300
20684
4302
4303
20687
4305
4307
4308
4314
20700
4317
4318
4319
20704
20705
4322
20706
4324
4326
20711
4328
20712
4329
20714
20716
4334
4335
4337
4338
4339
20723
4340
20725
4343
4345
4346
20730
4347
4348
4350
4351
20735
4352
20736
4355
4360
20745
20747
4367
4370
4372
4373
20757
20758
4375
20759
4377
4378
20763
4380
4382
4383
4386
20770
4387
4388
4389
20773
20775
4392
20777
4395
20779
4396
4398
4399
4400
20784
4401
4403
4404
20788
20789
4407
4409
20793
4411
4412
20796
20797
4414
20799
4416
20801
4418
20802
4419
4420
20807
4424
4425
20809
4426
20810
4427
4430
4432
4433
4434
4435
4436
4437
4438
4439
4442
20827
20828
4447
4448
20832
20834
4451
20835
4452
4453
20837
4454
20838
4455
4456
20840
4457
4458
20844
20847
4464
4466
20850
4467
4468
4469
20853
4471
4472
4473
20857
20858
4477
4478
4479
20863
4480
20864
4481
4482
4484
4485
4486
4488
20872
4491
4492
4493
4494
20878
4495
4496
20880
4501
4502
4503
4506
4507
20892
4509
4514
4515
4516
4517
4518
20903
4520
4523
20910
20911
4529
4531
20916
20917
4535
4536
4539
20923
4541
4542
4543
20927
4545
4546
20930
20932
4550
4551
20939
4558
4560
20944
20946
4564
20948
20950
4567
4568
4570
4572
20958
4575
4578
4580
20964
20966
4583
4586
4589
20974
4591
4592
20977
4596
4597
20982
4599
20984
4601
4602
4604
4607
20991
4609
20993
4610
20995
20997
4616
21000
4617
4618
4622
4626
21010
4627
21011
21012
4629
4630
4634
21018
4635
4636
21020
4637
4638
4639
4640
21024
4644
21029
4646
21030
4647
4649
4650
4651
4652
4653
4654
4655
21039
4656
4657
4658
4659
21043
4660
4663
4665
4666
4667
4668
21052
4669
21055
4672
21056
21057
4674
4676
4677
4679
21063
4681
4682
21066
4683
21067
4684
4686
4689
4690
21075
4692
21076
21078
4696
4698
21082
4699
21083
4700
4701
4702
21086
4706
4707
4709
4711
21095
4713
4714
21098
4715
4718
4719
4721
4723
21107
4724
4726
21110
4727
4729
21113
4730
4731
21115
4732
4733
4736
4739
4740
21127
4744
21128
4745
4748
21132
4749
4750
4751
21135
4752
4753
4754
4755
4758
21142
21144
4761
4762
4763
21147
4764
21149
4766
4767
4769
21155
4772
4773
4774
4777
21161
4779
4780
4781
4782
4783
4784
4785
21169
4786
4787
4788
21172
21173
4790
4791
4792
21176
21177
4794
4796
4797
21183
4801
4803
4804
21188
21189
4807
21191
4809
4810
4812
4813
21197
4815
4817
21201
21202
4819
21203
4820
4821
4822
21207
4825
4827
21212
21213
4830
21214
21215
4832
21216
4837
4838
4839
4840
21226
4843
21227
4844
4845
4846
4847
21231
4848
21234
4851
4852
4853
21237
4854
4855
4856
21242
4859
21244
4862
21246
4863
4864
21248
4865
21249
4866
4867
21252
4870
21254
4871
4872
4873
21257
21258
4875
21259
4876
4877
21261
4878
21263
4881
21266
4883
4885
4886
21270
4887
4888
4890
21274
4891
4892
4893
4894
4895
4896
4897
4898
4900
4902
21292
4912
4913
4915
4917
21301
4918
21302
4920
21304
4921
4922
4923
4924
4925
4926
21310
4927
4928
4929
4931
4932
4933
4934
4936
4937
4938
21324
4943
4944
4946
4947
21331
4949
21335
4952
21336
4953
4954
4958
21342
4959
4960
21345
4962
21346
4965
21349
4967
21352
4969
4970
4971
21355
4973
4974
4975
4977
4980
4981
21365
4982
4985
4987
21371
4991
4996
21381
4999
21383
5000
5001
21385
5004
21388
5006
5007
21391
5009
5011
5012
5015
5016
5017
21402
5019
5020
5021
21405
5023
5024
5025
5026
5027
5028
5030
21416
5033
21417
5034
5035
21419
5036
5037
5038
5040
5041
5046
5047
5048
21433
5050
21434
5051
5052
5054
21438
5055
21439
5057
5058
5060
5063
21450
21451
5068
5069
21458
5075
21459
21460
5078
5079
5080
21465
5082
5087
21471
21472
5089
21473
5090
5091
21475
5092
5093
5096
21481
5099
21484
21485
5102
21486
5105
21490
5109
5110
5111
21496
5113
5114
5117
5118
5119
5120
5121
5122
21506
5123
5124
21510
21513
21516
5137
21523
5140
5143
5144
5147
5148
5149
5150
5151
5152
21536
5154
21538
5155
5156
5157
5159
5161
5162
21546
5165
21550
5167
5168
5170
5171
21555
5173
5174
5175
21560
5177
5178
21562
5179
5181
5185
5188
21572
5189
5190
21574
5191
21575
5193
21577
5196
21580
5197
5198
5199
21583
5204
21589
5206
5207
5209
21593
21594
5211
5212
5213
21599
21600
5217
21601
5220
5222
5223
5224
21608
5227
5229
5230
5232
21618
5237
21621
21623
5240
5241
21626
5243
21629
5246
5247
5248
5249
5251
5254
5255
5259
5261
5262
21647
5264
5265
21649
5266
5267
5268
5269
21654
5271
5272
5275
21659
5276
5277
21663
5282
5283
5284
5285
5288
5289
5290
21675
5293
21677
21678
5295
5296
5297
5299
21683
5302
21687
5304
21688
5305
21690
5308
21692
5309
5311
5315
21699
5316
5317
21702
21704
5322
5323
21709
5331
21716
5334
21718
5335
5336
21722
5340
21724
5341
5342
5343
5344
5345
21729
21731
5348
5349
5350
21734
5351
5352
5353
21738
5355
5356
21740
5358
21743
5360
21746
5363
5364
5366
5369
5371
5372
5373
5376
5377
21761
21762
21763
5380
5381
5383
5385
5386
5389
5393
5394
21779
5396
5399
5400
21784
21786
21789
21794
5411
5413
5414
21800
21801
5418
21802
5420
21805
5422
21807
5424
5426
21810
5427
21811
5428
21812
21813
5430
5431
5432
21817
5436
21820
5437
5438
5439
21823
5440
21824
5441
5442
21828
21829
5446
5447
5450
5451
5452
5453
21837
21838
21839
21840
5457
21842
5461
21845
5464
21848
5465
5466
5467
5468
5471
5472
5475
21859
21861
5480
5481
5482
21866
5484
21868
21869
5486
5487
21872
21874
5492
5493
21878
5495
5496
5497
21885
5502
21887
5504
5506
5507
5508
5509
5510
5511
5512
5513
5515
5517
5518
21902
5519
5520
5521
5522
5523
5525
21909
21912
5529
5530
21914
5531
5532
5533
21917
5534
21919
5536
21921
5538
21922
5539
5540
21925
5542
5543
5545
21929
5547
5548
5551
5554
21938
21941
5560
21944
5561
5562
21946
5563
5565
5566
21951
5568
21957
5574
5576
5577
5578
21962
5579
21963
5580
21964
5582
5585
5586
21970
5587
21973
21975
5593
21977
5595
5596
5600
21984
5602
21989
5607
21991
5611
5613
5615
22001
5618
5619
5620
5621
5625
5626
5627
5628
22012
22019
5636
5638
22023
5641
5642
5643
5644
5645
5646
22030
5647
5648
22032
22034
5651
5656
5659
5660
5661
5662
5663
5665
5667
5669
5670
22055
22056
5674
5675
5676
5678
5682
22066
22068
5685
5687
22071
22072
5690
5691
5693
5695
5696
22080
5698
22082
5700
22084
22085
5702
22086
5704
22088
5705
5707
5709
5711
5712
5713
22100
5717
5718
5719
5720
22105
5723
22107
5724
5725
5726
5727
22112
5729
22114
5732
22116
5735
5736
22121
5738
22122
22123
5740
22124
22128
5745
22129
5746
5747
5749
22133
5750
5751
5754
5755
5756
22140
5757
5758
22142
5760
5761
5766
5767
5773
5775
5776
5777
22162
5780
22165
5782
22166
5784
22168
5785
5787
22171
5788
5789
22173
5791
22175
22176
5794
5796
22180
5797
5798
22182
5799
5800
22184
5801
5802
22186
5804
5805
5806
22191
5808
5809
5810
5817
5818
22202
5819
22204
5822
22206
5823
5824
5825
22209
22210
5828
5830
5831
5834
5835
22222
5839
5840
5841
22225
5843
5844
5845
5846
5847
5848
5849
22233
5851
22236
22237
22240
5858
5859
22244
5863
22247
22248
5866
5867
22255
22256
5873
5875
5876
22261
5879
5882
5885
5886
5889
5890
5891
5892
22276
5894
5895
5896
22281
5899
22284
5901
5903
22287
5904
5905
5907
5909
5911
22295
5912
22296
5913
22298
5915
22302
5919
5920
5922
22306
5924
5925
5927
22311
5928
5929
5930
5931
5932
5933
22317
5934
5935
5936
22321
5938
5939
22323
22324
5941
22326
5943
5944
5945
22329
5950
22334
5952
5953
5954
22339
5956
22340
5958
22344
22346
5966
5968
22354
22356
5973
5975
5976
5977
5979
5981
5983
22370
5988
22373
5990
5991
22376
5995
5998
22383
6000
6001
6002
6003
6004
22388
6007
6008
22392
6011
6012
6014
6016
6019
6020
6022
6023
22408
6026
6027
22411
6028
22412
6031
6033
6034
6035
6036
22420
6037
22422
6040
6042
6044
22428
6045
6048
6049
6050
22434
6054
22439
22440
6057
22441
6058
22442
6059
6060
6062
22446
22448
6065
6067
22451
6068
6069
6070
6071
6072
22456
6073
22457
6075
22459
22460
6077
22463
22465
6082
22466
6083
6084
6086
6089
6091
6092
22478
6095
6096
22482
6102
6105
6106
6107
6110
6112
6113
22497
6115
6116
22504
6122
22508
6131
6132
6133
6134
22518
6136
6138
22522
6139
22526
6143
6144
6145
22529
22531
6148
6149
22534
6152
6153
6154
6156
22541
6158
22542
22544
6161
22545
22546
22547
6164
6165
6168
6169
22553
6172
22556
6174
6175
6176
6179
22563
6180
22565
6183
22569
6187
6188
22572
22573
22574
6192
6197
22582
6199
6201
22585
22586
22588
6205
22589
6206
22590
22591
6208
6211
6212
22596
22598
6217
22601
6219
22603
6221
6222
22606
6223
22607
6225
6226
6227
6228
6229
6230
22614
6232
6233
22617
6234
22619
6236
22621
6241
22625
6242
6243
22628
6245
6246
6247
6249
6250
22634
6252
6253
6254
22638
6255
22639
6256
22641
6259
6260
22644
6261
6262
6263
6264
22649
6266
22650
22651
6268
6269
6270
6271
22655
6273
22657
6274
6278
6279
6281
6284
22668
6285
6286
22670
6287
6288
6290
6291
6292
6293
6294
6296
22683
6300
22685
6304
22690
6307
6308
6312
22696
22701
6318
6319
6320
6321
22705
6322
6323
6325
6326
6328
6329
22713
6330
6333
22718
6335
6336
6338
22722
6339
6341
22725
6345
6346
22730
6348
6349
6351
6352
6355
22739
6358
6359
6362
6363
6364
6365
22749
6366
6367
6369
6371
6372
6373
6374
6375
6376
6378
6379
6380
6381
6388
22774
6391
22775
6392
6393
22777
22778
6398
6400
6401
22789
6406
22790
6407
6408
22792
6411
22796
6414
6415
22799
6416
6417
6419
6420
6422
22806
22807
22808
6426
22810
6427
6431
22815
6432
6433
22817
6434
6435
6436
6438
6439
6440
6441
6442
6445
22831
6448
6449
6453
22837
6455
6457
22841
6458
22842
6462
6465
22849
6466
6467
22851
22852
6469
6470
22854
22855
6472
6474
6475
22865
6482
6483
6484
22871
6488
6489
6490
6491
6493
6496
22882
6499
22883
6501
6502
6503
6509
6510
6513
6515
6517
22901
6518
22902
6520
6521
22905
6523
22908
6525
6527
22912
6529
22914
6535
6537
6538
22922
6544
6545
6547
22933
6551
6552
6553
6554
6557
6558
22943
22945
6564
6565
6566
6567
22953
6573
22957
6574
6575
6576
6577
6580
22967
6586
22972
22974
6591
6594
6595
22979
6597
6600
22984
6601
22989
6609
6610
6611
6612
6613
6616
6617
23001
6618
23002
6621
23005
6624
6626
6628
6629
6630
6633
23017
6634
23020
6638
23022
6642
6643
6645
23029
23030
6650
6652
23036
6653
6654
6656
23040
6657
6658
23044
6661
6662
6665
23049
6666
6667
23052
6669
6672
6673
6674
6675
6677
6678
23064
6682
6684
23069
6688
23072
6689
6690
23075
6692
6693
6694
6695
6697
23081
6698
6699
23085
6702
23086
6703
6704
23089
6706
23091
23092
23094
6712
23096
6713
23097
23098
6715
6716
23100
6717
23101
23102
23105
6722
23106
6724
6725
6728
6729
6730
6732
6734
6738
23122
6741
6743
6744
6745
6746
23130
23131
6748
6749
23135
6752
6753
6754
23138
6755
6756
6759
23143
6760
6763
23147
6764
6765
23150
23152
23154
6771
23157
6776
23160
6778
6779
6781
23165
6783
6784
6785
23169
6788
6790
23174
6791
6792
6794
23178
6795
6799
6807
6808
6810
6811
23196
6815
6816
6817
6818
6819
23203
6822
6823
23207
6824
6825
6827
6828
23213
6830
6831
6832
23218
6837
6838
23222
6839
23224
6841
6842
23227
6844
23228
6848
23233
6851
6852
23236
6854
23238
6855
23239
6856
6859
6860
6864
6866
6868
6870
6871
6872
6873
6876
6877
23261
23262
6879
6881
6882
6884
6885
23269
6887
6889
23276
6894
6897
6898
23284
6901
6902
6904
6906
6908
23292
6909
23293
6910
6913
6914
23298
6915
6916
23300
6917
23302
6919
23305
6923
6925
23310
23311
6928
6930
23314
6931
6932
6935
6936
23320
23323
23324
23325
6942
6943
23328
6945
23332
6949
23333
6950
23335
6953
23337
6955
23339
6957
23341
23343
6961
23345
23347
6966
6967
6968
6969
6971
6972
23360
6977
6979
23363
6980
6981
23365
6982
23366
23367
6985
23370
23371
6990
23374
6991
23376
6993
6994
23380
6997
6999
23383
7002
23389
7006
23391
7008
23392
7009
23394
23395
23396
7013
7014
7015
7016
7017
7018
23403
7020
7021
7024
23411
7028
7030
7032
7034
23422
7040
23424
23425
7042
7043
7044
23429
23431
7054
23438
7056
7059
7063
7064
7065
23452
7070
23455
7072
7074
7075
7076
23460
23461
7078
23462
7079
7080
23466
7084
23468
23470
7088
7089
23473
7090
7092
23476
7093
23478
7097
7099
23483
7101
7102
7103
23489
7106
23490
23492
7109
23493
7110
7111
7112
23497
7114
7115
23500
7117
7118
23502
7121
23508
7125
7127
23511
7128
7130
7131
7137
23521
7138
23522
7140
7141
7143
7144
7146
23531
7151
23535
7153
7154
7155
7157
7158
7160
7161
23545
7163
7165
23550
7167
7168
23552
7169
23555
7172
7174
7176
23560
7177
7178
7180
7181
7183
7188
7189
7191
7193
7194
7195
23579
7198
7199
7200
7201
23585
7202
7203
23590
23594
23597
7214
7215
7216
7221
7222
23606
7223
7224
23608
7225
7227
7228
7229
7230
7232
7233
7235
23620
7238
23622
7240
7241
7243
7244
23628
7247
7248
23632
7250
7251
23635
7253
7254
23638
7256
7257
23641
7258
7259
7261
7263
7265
23649
7267
7269
23654
7271
23655
7275
7277
7278
23663
7280
23664
7282
23668
7285
7288
7289
23673
7290
23674
7293
7294
23679
7297
23683
7300
23684
23685
23687
7304
7306
7308
7311
7314
7315
7317
23702
7320
7321
7322
7323
23707
7324
7326
23710
7327
7329
23714
7332
23716
7333
7336
7338
23723
7342
7343
7345
7346
7347
7348
23732
7349
23733
7350
23737
7354
23739
7356
7358
23744
7361
23745
7362
23746
7363
7364
7366
23751
7368
23752
7369
7371
23756
7374
7375
7377
23761
7378
23765
7382
23766
7383
23767
7384
23768
7385
7386
7388
23772
7389
23773
7391
23775
7392
7393
7394
7397
23781
7401
7402
23786
7403
7404
7405
23789
7408
7409
23793
23794
7411
23795
7412
7413
23797
7414
23798
7415
7416
7418
23802
7420
23804
7421
7422
7424
7425
23809
7426
23810
7427
7428
23812
7430
7433
23817
7434
23819
7437
23823
7440
7441
7443
7444
7445
23829
7447
23832
7451
7452
7453
7454
23838
23839
7456
23841
23845
7462
23846
7463
7464
23848
7466
23850
7467
7469
23853
23856
7473
7475
7477
7478
23864
7481
7482
7483
7487
7488
23872
23873
7490
7491
23875
7492
7493
23879
7496
7498
7500
23884
7501
23885
7502
23887
7504
7506
7507
7509
7510
7512
7514
7515
7517
7518
7520
7521
7522
7524
7525
23912
7530
23914
23915
7532
7533
23917
23918
7535
23921
7538
7539
23923
7542
23927
7544
23928
7547
7548
7550
7552
23937
23939
7556
23941
7558
23944
7561
23945
7562
7565
7569
7570
7571
7573
7575
7577
7584
7585
7586
23971
23972
7589
7593
7594
7596
23980
7597
23983
7601
7602
7603
23989
7606
7607
7608
23994
7612
7613
7615
24001
7618
7620
7621
7622
7623
7624
7625
24009
24010
7628
7629
24013
24014
7631
7633
7634
24018
7635
24020
7637
7638
24022
7639
7643
7645
7646
24031
7651
24035
7652
24036
7656
24040
7657
7658
7659
24043
7660
24044
7663
7664
24048
24051
7672
7673
24057
7675
7677
24061
7679
24063
7680
7682
7683
24068
7685
7687
24073
24075
7692
7693
7694
7695
7696
7697
24083
7700
7701
24087
24088
7705
7706
7707
7708
24092
7717
7718
24104
7723
24108
7726
24110
7728
24114
7731
7732
24119
7736
24121
7738
7740
7742
7744
24129
7747
7748
7750
7751
7752
7753
7754
24138
7756
7757
24141
7761
24147
7764
7765
7767
24151
24152
24155
24159
7776
7777
24161
7779
7780
7781
24165
7782
24166
24167
7785
7787
7788
7790
7792
7793
7794
24178
7796
7797
7798
7801
24186
7804
7805
24190
7807
7809
7810
24194
24196
7813
7814
24201
7818
24204
7821
24205
7822
24207
7824
7827
7828
7829
7830
7831
7832
7833
24218
24219
7836
7837
7839
7841
7843
24228
7845
7850
24234
7853
7854
24238
7855
7856
7857
7858
24243
7860
7864
24251
7868
7869
24253
7870
7871
24256
7874
7875
24261
7878
7879
7880
7882
7883
7884
24270
7888
7891
24275
7892
7893
7894
7895
24279
7896
7897
7898
7899
24283
7901
7902
7904
7906
24290
7907
7911
7912
24296
7913
7914
7915
24299
24302
7920
7923
7924
7925
24312
7929
24314
7931
24315
7932
24317
7936
7938
7939
7940
24325
24326
7943
24327
24328
7945
24330
7948
7951
7952
7953
7954
24338
7955
7956
24340
7957
7958
7960
24344
7962
7963
7965
7967
24351
7968
7970
24354
7972
24356
7975
7976
7977
7978
24362
7979
7982
24366
7983
7985
24373
7992
24376
7993
24377
7994
7995
24379
7996
24381
7999
8000
8001
8003
24387
8004
24388
8005
8007
8008
24392
8009
24395
8012
8015
8016
8018
8020
8022
8025
8028
8029
8030
8031
24415
24416
24417
8034
8035
8036
8038
24423
8040
24424
24427
8044
8048
24432
8050
24434
8052
8053
8054
24439
8058
8060
24446
8065
24449
8066
8067
8070
8071
24455
8072
24460
8079
8081
8082
8084
24468
24469
8086
24471
8091
24476
8093
8094
24478
8098
24483
24485
8102
24487
8106
24491
8109
8110
24494
8112
8113
24497
8114
8115
24499
8118
8120
8121
8122
24507
8124
8128
8131
8132
8133
8134
8135
8136
8138
8139
8140
24525
24526
24527
8145
8146
8148
8150
8151
8153
8154
8156
24541
24543
8162
8163
8166
24550
8167
8168
8169
8171
8173
8174
24558
8175
8177
8178
8180
8181
8182
8184
24568
8185
24569
8188
24573
8193
8194
8195
8196
24580
8197
8198
24583
8200
8201
8202
24586
8203
8205
24589
24590
8207
8211
8213
8214
8215
8217
24601
8219
24605
24606
24608
8225
8226
8227
24611
8228
24613
8231
24615
8232
8234
8235
8236
24621
24624
24625
8243
8244
24628
8245
8246
8248
8249
24633
8250
8251
8253
8254
24638
8255
8258
8260
24644
24646
8263
8264
24648
8265
8267
24651
8268
8272
24656
8273
8274
8275
24659
8276
8278
8279
8280
24664
8281
8283
24667
8285
8286
24670
24671
24673
8290
24674
8292
24677
8294
24678
8295
24680
8297
8298
24682
8299
8300
24684
8303
24688
8305
8306
8307
24693
8311
8312
24696
8313
24697
8316
24700
8317
8318
8319
8320
8321
8322
24707
8324
8326
8329
8333
24717
8334
24718
8335
8336
8338
8339
8340
24724
24725
8343
8344
24732
8349
8350
8352
24736
8353
8356
8358
8359
24743
8360
24744
24745
8363
8364
24749
8366
8367
8368
8369
8370
8371
8372
8373
8374
8375
24759
8376
24760
8377
24761
8378
8380
8381
8382
8384
8386
24770
8387
24771
8389
24775
8392
8399
24784
8401
8402
8403
8404
8405
8407
24791
24795
8414
8415
24799
8416
24802
8419
8420
8421
8422
24806
8423
8424
24809
8427
8430
24814
24815
8432
8433
8434
8435
24820
8437
24821
8441
8442
8443
8444
24831
8449
8450
8451
8452
24836
8454
8455
24840
8458
8459
24843
8460
8461
24846
24847
8465
8466
24850
24851
8468
8470
8471
8472
8474
8475
24859
24860
24862
24864
24867
8484
8486
8489
8491
8492
8493
24878
8495
8496
8497
8498
8499
8503
8504
8505
24889
8508
8509
8510
8511
8512
8513
8515
24899
8516
8517
24901
8520
24904
24907
8524
8525
8526
8528
8529
8532
24916
8533
8534
24920
8537
24922
8539
8540
24924
8541
24926
8543
8544
8546
24930
8547
24931
8549
8551
8553
24937
8554
8555
8556
8557
8558
8559
24943
8560
24944
8561
24945
8565
8566
24953
8574
8575
8577
24961
8578
8579
8580
8582
24967
24968
8585
8586
8588
8590
24975
8592
24976
8593
24977
8594
24978
8595
8596
24980
24982
8599
24986
8603
24987
8604
24989
24990
8607
8608
8609
24993
8610
8611
8613
8615
24999
8618
8623
8625
8626
25011
8629
25014
25016
8633
8634
8636
8637
25021
25023
8640
8641
25025
8642
8644
8645
8646
25030
8651
25036
8653
8655
8656
25040
25041
8658
25043
8660
8661
8662
8664
8666
8667
25051
8668
25054
8671
8674
8676
8677
8678
25064
8681
8684
25068
8685
8686
8688
25073
8690
25074
25075
25076
8693
8694
25081
8698
8699
8700
8701
25085
8703
8704
8705
8706
25090
8707
8708
25093
8710
8711
8712
8716
8717
25102
8722
8724
25108
8725
8726
8728
25112
8729
8730
8732
8734
25118
8735
8736
25121
8739
8741
25125
8742
8743
25129
25132
8749
25133
8750
8751
8752
8753
8754
25138
8755
8756
8757
8759
25143
8760
8761
25145
8762
8764
25148
8766
8767
8770
8773
8774
8776
8778
25163
8780
25164
8781
8784
8786
8789
8790
25174
8791
25176
8793
25177
8794
25178
8795
25179
8796
8797
8799
8800
25184
8802
8804
8805
8806
25190
8807
8809
8810
8811
25195
25196
8816
8818
8819
8820
25207
8824
8825
8826
8829
8830
25216
8833
8834
8837
8841
25226
8843
25228
8845
25230
8848
25232
8849
8851
25236
8853
8858
25242
25243
8860
8862
8864
8866
25250
8867
8868
8869
8871
8872
8873
8874
8875
8876
8879
25263
8880
25264
8881
25265
8882
25266
8884
25270
8887
8888
25272
25273
8890
8892
8895
25280
8897
8898
8900
25285
8902
25287
8904
8905
25290
25291
8908
8910
25295
8913
8914
25298
8915
25299
8916
8921
8922
25309
25311
25313
25315
8933
8934
8936
8938
8940
25324
8944
25329
8948
25333
25334
8951
25336
8953
8954
8957
25341
8958
8959
8961
8962
8964
8965
8966
25350
25353
25354
8972
8973
25359
8978
25362
8980
8981
8982
25369
25370
8988
8990
8992
25376
25377
8994
8995
8996
25380
8998
9000
25384
9002
25386
9003
9004
9005
9007
9008
25392
9009
9010
25394
9011
9013
9016
25402
25403
9022
9025
25409
9026
25410
9027
9028
9029
9030
25414
9031
9033
9034
25419
9036
9037
9038
25422
9043
25427
25428
9046
25431
9048
9049
9050
9051
25435
9052
25437
9055
9056
9057
25441
9060
25444
25447
25449
9066
9067
9068
25453
9070
9074
9076
9078
25462
9080
9081
25466
9083
9085
9087
25471
9088
9090
9091
9093
9095
9096
9097
9098
9099
9100
25484
9101
9103
9107
9108
25492
9113
9114
9116
9118
9119
9120
25504
25505
9123
9124
25508
9125
25509
25512
9129
9130
9131
9138
9139
25524
9141
25526
9144
9146
25531
9150
9151
9153
9156
9158
25542
9160
9162
9163
9164
9165
25549
9168
9169
9170
9171
25555
9172
25556
9173
25557
9177
25561
9178
9179
9181
9182
25566
9183
9184
9186
9187
9188
9190
9196
9197
9198
25582
9199
25583
9200
9202
9204
9206
25590
9207
9208
9209
9212
25596
9213
9214
25598
9215
9216
9217
9218
9219
25603
25606
25607
9224
9225
25611
9228
9231
25615
9232
25617
9234
9235
9237
9238
9239
9241
9242
25626
25631
25632
9249
9250
9253
25637
9254
25641
9258
9261
9262
25646
9264
9265
9266
25650
9269
9271
25655
9273
25660
25661
9278
9279
25663
9281
9282
9283
9284
25668
9285
25671
25672
9289
25673
9290
25674
9291
9292
9295
9297
9298
9302
25686
9303
9305
25689
9307
9309
25694
9311
9312
9313
25697
9314
9315
9316
25704
9322
25706
9323
25707
25708
9325
25710
9327
9328
9329
9330
9331
9334
9338
25726
9344
9345
25732
9350
9351
9352
9353
9355
9356
25740
9357
25741
9358
9359
25747
9364
9365
25749
9367
9368
25752
25753
9370
9371
25757
9376
9378
9379
25763
25764
25766
9383
9385
9386
25770
9387
9388
25773
9391
9394
9395
9396
25781
9398
9399
25784
9401
9403
9404
9406
25790
25791
9408
25792
9409
9411
9413
9414
9417
9418
25802
9419
9420
25804
9422
9424
25808
9425
9427
25811
9428
9429
9430
9431
9433
25817
9436
9437
9438
9439
9440
9441
9443
9445
9446
25830
9448
25833
9451
9454
9455
25840
9458
25842
9459
25845
25846
9464
9465
9466
9468
9469
25853
9472
9474
25858
9475
9476
9479
25863
25864
9481
25865
9482
9484
9486
25871
9488
25872
25873
25875
25877
9494
9495
9496
9499
9500
9501
9502
25886
9504
25889
25890
9507
9510
9511
9512
9513
9514
9515
9516
9517
9518
25902
9520
9521
9522
9524
9525
9528
25913
9530
9531
25915
25917
9534
9537
25921
9538
9540
25924
25925
9542
25926
9545
25929
9546
9548
9549
9550
25934
9551
9553
9555
25942
9560
9564
25948
9566
9567
9569
9571
9572
25956
9573
25957
9577
25961
9579
25964
9581
9582
9583
9584
9585
9587
9588
9589
9590
9592
25976
9595
25980
9597
9601
9602
25986
9604
9606
9608
25994
25997
25998
9615
26000
9618
9619
26003
9621
26005
26006
9623
9624
9625
26010
9627
9631
9634
9635
9636
9637
26023
9640
9641
26025
9642
9646
9647
9650
9651
9653
9654
9655
26039
26041
26043
9662
26048
9665
9666
26051
26052
9669
9672
9674
26061
9679
26065
26066
9684
9685
9686
26070
9687
9688
9689
26079
26081
9699
9700
9703
9704
9705
9708
26095
9712
9714
9715
9717
26102
9719
26103
9721
9722
26106
9723
26108
9725
26109
9729
9730
26114
9731
26117
9734
9735
9737
9742
26127
9744
26129
9746
26132
9753
26138
9755
26139
9756
26142
9759
9761
26145
9762
9763
9764
9767
26152
9769
9770
26156
9773
9774
9776
26160
9777
26161
9779
26163
9780
9781
9782
9783
26170
9787
9790
9791
9792
9793
9794
9795
9799
9801
9802
9803
26187
9804
9806
26190
26191
9809
9811
9812
9813
26197
9814
9815
26200
9817
26204
9822
9823
26207
9825
9826
26210
9828
26213
9830
9831
26215
9834
9836
9837
9838
26222
9839
26223
9840
9842
26227
9844
26230
26232
9849
26233
9850
9851
26235
9853
26237
26239
9856
9857
9858
26242
9859
9861
9862
26246
9863
26247
9867
26251
9868
26252
9871
9875
26259
9876
9877
26262
9884
26268
9885
26270
9888
26272
9890
9891
26275
9893
9894
9895
9896
9897
9898
9899
9900
26289
9906
9907
9908
9910
9911
9913
9915
9916
9917
9919
9921
26305
9922
9926
26311
9928
9929
9934
26318
9935
9936
9937
9940
9941
9942
26326
9943
9944
9946
26330
9948
26334
26336
26338
9955
26340
9957
26343
9961
26345
26347
26348
9965
9966
26350
9969
9970
9972
26356
9973
9974
26359
9976
26360
26361
9978
9979
9980
9981
9983
26368
9985
9986
9987
26373
9991
26375
9992
26376
9994
9995
9996
9997
26381
9998
10000
10001
10003
26392
10011
10012
10013
26397
26398
10015
10019
26404
10021
10022
10024
26408
10025
10027
10028
26413
10031
10033
26418
10036
10037
26421
10039
10041
10042
10046
10048
10051
26436
10053
10054
10056
26440
10057
26443
10061
26446
10064
10065
10066
10067
26451
26454
10071
10072
26456
10076
10077
26461
10078
10079
10080
10081
10083
10084
26468
10085
10086
26470
10087
26471
10088
26472
10090
26474
10091
26477
10096
26480
26481
10098
10099
26484
10101
10104
10105
26489
10106
26490
10107
26491
10108
10109
10114
10115
10117
10118
26503
10120
10122
26506
10123
10124
10127
10129
26513
26515
10132
26516
26517
10136
10137
10138
10140
10141
10142
10144
26528
10146
10147
10148
10149
10151
10152
10153
10154
10155
10156
26540
10158
10159
10161
10163
10165
10166
10168
26553
10171
26555
10172
10176
10177
10179
10180
10181
10183
10184
26568
26570
10187
10188
10189
26574
10192
26577
10194
26578
10195
26579
10198
10199
10200
10201
26585
26586
10204
26588
26589
26590
10208
10209
10210
26597
10214
10215
10216
26600
26601
10218
10220
26605
10223
26608
10225
26610
10227
10228
10232
10233
10235
26619
26620
10237
10238
26622
10242
26627
10247
10248
10249
10251
10252
10255
10256
26640
10258
10259
10260
10262
26647
10264
10266
26650
10270
26656
26657
10274
26658
10275
26659
10276
10277
26661
10278
10279
10280
26665
10285
26672
10289
26673
10290
10291
10293
10295
10296
26680
10297
26681
26682
10299
26683
10301
10302
10303
10304
26690
10307
10308
10309
10312
10313
10315
26699
26700
26701
10318
10319
26703
26706
10324
10325
26712
10329
10330
10331
26717
26718
10335
26720
10337
10338
10341
10344
10345
26729
10346
26730
10347
10348
10350
26734
10351
26736
10353
10355
10356
10357
10360
10361
10362
10364
26748
10367
26753
10371
26755
10373
26757
26758
10375
10377
26762
10379
10380
10381
10383
10385
10387
26771
10389
26774
10392
26776
10395
26779
10397
26781
10398
26782
10399
10400
26784
10401
26785
10402
10403
26787
10406
26790
10407
10408
26792
10409
10411
10412
26796
10415
10416
10418
10419
10423
10426
26810
10427
26812
10430
26815
10432
10433
10434
26818
10439
10440
26824
10444
10446
10448
26832
10451
10453
26838
10456
10457
10458
26843
10460
26846
10463
10465
10466
26850
10467
10468
10471
10472
26857
10476
10477
26861
10478
26863
10480
10481
26865
10483
10487
10488
10489
26875
26876
10496
26881
10499
26884
10501
26885
10503
26887
10505
26889
10509
10511
10512
10513
10514
26898
10515
10517
26902
26903
10520
10522
10523
26907
10524
10525
10526
26911
10528
10529
26913
26914
10532
10535
10536
26920
10537
10538
26922
10539
10541
10542
10544
26928
10546
26930
26931
10549
26933
10550
26934
26935
10552
26936
10553
10554
26938
10555
10559
26944
10568
10572
26958
10575
10576
26960
10578
10580
10581
10583
10584
26968
10586
10587
10588
10589
10590
10592
10593
26977
10594
26979
10597
10599
10603
26988
10605
26989
10606
10610
10613
10615
10616
27000
10617
27001
10618
27002
10620
27004
10623
27011
10628
10631
10633
10634
10635
10636
10637
27021
27023
10640
10642
10644
10645
10646
10647
27033
10650
10651
27035
10652
10653
27037
10655
10657
27041
10659
10660
10661
10663
10667
10668
10670
10672
10673
10674
10679
10680
10682
27066
10684
10685
10686
27070
10688
10689
10691
10696
27081
10698
10699
27083
10700
10701
27085
27087
10704
10705
10707
27091
10709
10710
10711
10712
10713
10714
10715
10716
27104
10721
27106
10725
10726
10727
10728
10729
10731
10732
10734
10735
10736
10737
27121
10738
27122
10739
10740
27128
10746
10747
10748
10749
10750
27134
10751
10752
27136
10754
10755
27139
10756
10762
10764
27149
10766
27150
10768
10771
27155
10772
27156
10773
10775
27159
10776
27160
10777
27161
10779
10780
10782
27167
10784
10788
27172
27173
27174
10793
27177
10794
10796
10797
27181
10798
10800
27187
10804
10806
27192
10810
10813
10814
10815
10816
10817
27201
10818
27202
10820
10823
10824
27210
10830
10833
10834
27218
10835
10836
10838
10839
10840
10841
10842
10843
10844
10845
10846
27232
10849
10852
27238
10855
10856
27240
10857
10858
27242
27244
10861
27245
10863
10864
10865
27249
10867
27253
10870
10871
10873
10874
10875
10876
10877
10878
10879
27263
10880
10881
10884
10885
27269
10887
10888
10890
10891
27275
10892
10893
10894
10895
27279
10896
10897
10899
27283
10901
27286
10903
10905
10906
27295
10912
27297
10914
27298
10915
27299
10917
27301
10918
10919
10920
27304
10922
10923
27307
10924
27308
10925
10926
10927
27312
10930
10932
10933
27319
10937
27323
10940
27324
10941
27325
10942
10945
27329
10946
27331
27334
10951
27335
10952
27336
10953
10955
10957
10958
10959
10960
27344
10961
10962
10964
27349
27352
27353
27354
10973
27357
27358
10975
10978
10979
10980
27364
10981
10984
27368
10985
27369
10987
10988
27373
10990
10991
27375
27376
10993
27379
10996
27381
11001
27386
11003
11006
11009
11010
27394
11012
11013
11014
11016
11017
11018
27402
11020
11021
11022
11025
11026
27411
11029
11030
11031
27415
11032
11033
27417
27419
27420
11037
27421
11040
27425
11042
11043
27428
11046
11048
11050
27434
11051
11052
27436
11054
11057
27441
11059
11060
11061
11063
11064
11065
11066
27450
27451
11068
27452
11071
11072
11073
27457
11074
11076
27460
27461
11078
11079
11080
27464
11081
11082
11083
11084
27468
11085
11087
11095
11099
11102
27487
11105
27489
27490
11107
11109
11111
27498
11115
27499
11116
11117
27501
11119
11120
11121
11124
27508
11127
27511
11128
11132
11133
11134
11135
27520
11137
11138
27522
11140
11141
11142
11143
11144
11145
11147
11149
11151
27535
11152
11153
27537
11154
11155
27539
11156
11157
27541
11159
27543
11161
27545
11163
11167
11168
11173
27557
11174
27559
11177
27561
27562
27565
11182
27567
11184
11185
11186
11190
27577
11194
11195
27579
11196
11199
27583
11200
27587
11205
11206
11207
27592
11209
11210
11211
11212
11213
11214
27598
11215
11216
11217
11218
27602
11220
27604
27605
11223
27609
11231
11233
27617
11234
11235
11237
11240
27629
11247
11248
11251
11253
27637
11254
11255
11256
11257
11258
27642
11259
11262
11263
27648
11265
11266
11267
11271
27655
11273
11275
27661
27664
11283
27667
11284
11285
27669
11287
27671
11288
11289
27674
27675
11292
11293
11295
27680
11297
11302
11304
11308
11309
27694
11311
27695
27696
27699
27700
27701
27702
11319
11321
11323
11325
11326
11327
11328
27712
11329
11330
27715
11332
11333
27717
11334
11335
11337
27721
11338
27722
11341
11342
27726
11343
11344
11345
11347
27731
27732
27733
11350
11351
11353
27737
11357
27741
11358
11360
27744
27748
11366
11367
11368
11371
11372
11373
11374
27760
11377
11378
11379
27763
11381
27766
11384
11385
11388
11390
11391
27776
11395
27779
11396
27780
27781
27782
11399
11400
27784
11401
11402
27786
11404
11405
27789
11407
11408
11409
11410
11411
11412
11413
27797
11414
27799
27800
11419
11421
27806
27807
11424
11425
11426
11427
27812
27817
11434
11435
27820
11437
11440
27826
11444
11445
11446
27830
11447
11448
11453
11454
11455
11456
11457
11458
11459
11460
27846
27847
11464
11465
27852
11469
11470
11471
11472
27856
27857
11475
11476
27860
11477
11479
11480
11483
27872
11489
27873
11490
27874
27875
11494
11496
11498
11499
11500
11501
27885
11502
11504
11505
27890
27892
27893
11513
11514
11515
11516
11519
11520
11521
11522
11523
27907
11525
11526
27910
11530
11532
11533
27917
11534
11536
11537
11538
27924
27925
11544
11547
27931
11549
11550
11551
11553
27938
11559
27944
11561
11562
27946
11563
11564
11567
11568
27952
11570
11571
27956
27957
11574
11575
11577
27962
11579
11580
11581
11582
27966
11586
27972
11589
11591
11594
11597
11598
27982
11599
27983
11601
11602
11603
27987
11604
27988
27990
27992
11609
11611
11612
11614
11615
11618
11619
11621
28005
11622
11623
11624
28008
11625
11626
28010
11627
28011
11628
28014
11631
11632
11633
11634
11635
28020
11637
11638
28022
11639
11640
28024
11641
11642
11646
11647
11648
11649
11650
11653
28037
11654
28039
11656
11657
11658
28042
11659
28043
11660
28046
28049
11666
11667
11668
11669
11671
11674
11675
11676
11677
11678
28063
11681
11684
11685
11686
11687
11688
28072
11691
28077
28079
28080
11697
28081
11699
28083
11700
11703
28088
11705
11707
11708
11712
11713
11714
11715
11716
11717
11718
11720
11722
11723
11725
28112
11729
28114
11734
28118
11735
11737
11740
11745
11746
11749
11750
11752
28136
11753
11756
28140
11758
11759
11760
11761
11762
11763
11764
28148
28150
11768
28152
11770
11771
28155
11772
11773
28157
11776
11777
11778
11781
11787
11788
11791
28175
11796
28180
11797
11799
11800
11801
11803
11804
11805
11807
28192
11809
11811
11812
11815
11816
28201
28203
11820
28204
28205
11822
11823
11824
28208
11825
11826
11828
11829
28213
11830
28214
11831
11833
11834
28218
11838
11839
28223
11840
11842
11843
11844
11846
28232
28233
11850
11851
28236
11853
28240
11857
11861
11863
11864
28248
11866
11867
28253
11870
11873
28259
11876
11877
11878
11879
11881
11884
11885
11886
11890
11894
11895
11897
11901
11904
11907
11909
11914
11915
11916
11917
11919
11922
11923
11926
11928
11931
11932
11934
11935
11936
11937
11940
11941
11943
11944
11945
11947
11948
11949
11950
11952
11953
11954
11958
11959
11960
11962
11964
11968
11970
11971
11972
11973
11978
11979
11980
11985
11987
11989
11990
11992
11993
11994
11995
11998
11999
12000
12001
12002
12005
12008
12009
12010
12011
12012
12013
12014
12015
12017
12018
12019
12021
12023
12024
12025
12027
12030
12035
12036
12040
12043
12044
12049
12050
12051
12053
12055
12059
12062
12063
12064
12066
12067
12068
12071
12074
12075
12078
12080
12081
12082
12084
12085
12086
12087
12090
12093
12094
12095
12096
12097
12098
12101
12102
12103
12106
12108
12109
12113
12115
12117
12120
12122
12123
12124
12126
12127
12128
12129
12130
12132
12133
12135
12136
12137
12138
12139
12140
12141
12142
12144
12147
12148
12149
12151
12152
12153
12154
12155
12157
12160
12163
12164
12166
12167
12169
12173
12175
12179
12180
12181
12182
12184
12185
12186
12188
12189
12193
12200
12203
12206
12209
12210
12214
12218
12219
12220
12221
12226
12227
12230
12231
12233
12234
12240
12241
12242
12244
12245
12246
12250
12251
12253
12256
12260
12264
12269
12274
12276
12278
12279
12281
12282
12283
12285
12287
12289
12290
12291
12293
12294
12296
12298
12299
12301
12302
12305
12306
12310
12313
12314
12315
12316
12318
12319
12320
12321
12325
12327
12329
12331
12334
12335
12338
12339
12342
12345
12346
12347
12348
12354
12355
12356
12357
12358
12359
12360
12361
12363
12365
12366
12367
12369
12370
12373
12374
12375
12378
12379
12380
12381
12382
12385
12388
12389
12390
12393
12396
12399
12402
12404
12406
12407
12408
12409
12410
12411
12412
12413
12415
12416
12419
12420
12422
12423
12428
12429
12432
12435
12437
12440
12441
12442
12443
12444
12445
12447
12448
12449
12450
12452
12455
12458
12462
12463
12464
12468
12469
12470
12472
12474
12477
12478
12479
12481
12482
12485
12486
12487
12488
12489
12491
12493
12494
12496
12497
12499
12502
12503
12505
12506
12508
12509
12510
12512
12514
12516
12518
12519
12521
12522
12523
12526
12528
12529
12530
12531
12532
12534
12535
12536
12537
12540
12541
12543
12544
12545
12549
12552
12553
12554
12556
12558
12559
12562
12563
12565
12566
12567
12575
12576
12577
12580
12581
12583
12585
12586
12588
12590
12591
12593
12595
12597
12599
12600
12601
12602
12604
12605
12606
12607
12608
12609
12610
12611
12612
12615
12616
12618
12621
12626
12627
12629
12631
12633
12634
12638
12639
12640
12641
12642
12644
12645
12646
12650
12655
12660
12662
12664
12665
12666
12671
12673
12675
12679
12680
12681
12682
12683
12684
12694
12696
12698
12699
12700
12701
12704
12705
12706
12707
12708
12711
12713
12714
12718
12719
12720
12723
12726
12727
12729
12732
12736
12739
12746
12747
12751
12753
12754
12755
12757
12759
12760
12761
12764
12765
12767
12770
12775
12781
12782
12783
12786
12791
12793
12794
12799
12801
12807
12809
12810
12811
12812
12815
12818
12819
12822
12823
12824
12825
12826
12828
12832
12835
12836
12838
12839
12842
12843
12845
12848
12851
12852
12853
12854
12858
12860
12861
12863
12865
12866
12870
12874
12876
12877
12881
12884
12888
12889
12891
12892
12893
12894
12895
12896
12897
12898
12899
12900
12901
12902
12904
12907
12911
12912
12913
12914
12921
12922
12924
12925
12927
12929
12931
12933
12934
12935
12936
12938
12939
12940
12941
12944
12946
12947
12948
12949
12950
12952
12953
12955
12956
12958
12959
12961
12965
12967
12968
12970
12971
12973
12977
12978
12979
12984
12985
12986
12987
12988
12989
12990
12991
12992
12994
12995
12996
12997
12999
13000
13003
13005
13006
13007
13009
13010
13011
13015
13016
13017
13018
13022
13023
13025
13026
13027
13028
13030
13031
13034
13035
13037
13038
13041
13045
13046
13047
13048
13049
13051
13054
13055
13058
13060
13061
13063
13065
13066
13067
13068
13069
13072
13073
13074
13076
13078
13080
13083
13084
13085
13087
13091
13093
13095
13101
13102
13103
13104
13107
13109
13110
13111
13112
13115
13118
13119
13120
13121
13122
13134
13136
13137
13138
13143
13145
13146
13151
13152
13154
13159
13161
13163
13165
13166
13168
13169
13171
13175
13177
13178
13179
13180
13185
13186
13188
13190
13191
13193
13195
13197
13199
13201
13202
13204
13206
13207
13208
13209
13210
13211
13212
13213
13218
13219
13220
13221
13223
13225
13226
13228
13231
13232
13233
13234
13235
13240
13241
13242
13243
13252
13254
13255
13257
13259
13260
13261
13262
13263
13270
13272
13274
13275
13277
13279
13281
13282
13284
13286
13289
13290
13291
13292
13293
13296
13299
13301
13302
13305
13306
13307
13309
13313
13314
13317
13319
13320
13321
13322
13323
13324
13326
13327
13328
13329
13332
13334
13335
13336
13337
13339
13340
13341
13342
13344
13345
13348
13349
13351
13353
13354
13355
13357
13360
13361
13363
13367
13369
13371
13374
13376
13378
13380
13382
13383
13384
13385
13388
13397
13400
13402
13403
13404
13405
13406
13407
13409
13410
13411
13414
13416
13418
13422
13423
13426
13427
13428
13429
13430
13431
13437
13438
13440
13444
13445
13446
13447
13448
13449
13451
13452
13456
13458
13459
13460
13462
13463
13466
13470
13472
13474
13475
13476
13477
13479
13481
13486
13487
13488
13490
13493
13497
13498
13499
13501
13505
13506
13509
13510
13511
13512
13514
13515
13516
13518
13522
13523
13525
13526
13527
13528
13529
13530
13535
13536
13537
13538
13539
13540
13541
13542
13543
13544
13547
13548
13549
13550
13551
13553
13554
13555
13556
13557
13559
13560
13561
13563
13564
13565
13569
13571
13572
13573
13574
13575
13576
13579
13580
13584
13586
13589
13590
13591
13593
13594
13595
13596
13597
13600
13601
13602
13605
13610
13611
13612
13613
13614
13615
13616
13618
13622
13628
13629
13630
13632
13633
13634
13636
13639
13640
13641
13644
13646
13653
13657
13659
13660
13663
13664
13665
13667
13668
13669
13672
13673
13674
13675
13676
13679
13680
13684
13685
13686
13690
13695
13696
13698
13699
13702
13703
13705
13706
13707
13714
13715
13716
13717
13719
13721
13722
13723
13724
13725
13726
13728
13733
13735
13738
13740
13742
13744
13745
13746
13748
13749
13752
13753
13754
13757
13759
13761
13763
13768
13770
13771
13774
13776
13782
13784
13786
13791
13795
13797
13798
13800
13801
13802
13805
13806
13808
13809
13812
13813
13814
13819
13821
13822
13823
13824
13826
13831
13832
13834
13835
13838
13840
13843
13844
13847
13852
13854
13856
13857
13858
13862
13863
13866
13867
13868
13869
13871
13874
13876
13879
13880
13882
13886
13890
13891
13895
13896
13897
13900
13901
13902
13904
13905
13906
13909
13910
13912
13913
13917
13918
13919
13920
13921
13922
13923
13924
13926
13927
13928
13929
13930
13932
13933
13934
13935
13936
13938
13940
13943
13944
13947
13948
13949
13950
13956
13957
13960
13962
13965
13967
13969
13970
13972
13973
13974
13975
13976
13977
13978
13981
13982
13984
13985
13986
13987
13988
13989
13996
13999
14002
14005
14006
14008
14009
14011
14012
14015
14016
14017
14018
14019
14020
14022
14023
14024
14025
14026
14030
14033
14036
14038
14039
14041
14043
14045
14048
14049
14050
14053
14057
14063
14064
14065
14066
14067
14068
14069
14071
14072
14074
14076
14079
14080
14082
14083
14086
14088
14090
14093
14097
14100
14102
14104
14105
14106
14110
14111
14112
14116
14119
14120
14125
14126
14127
14131
14132
14133
14135
14136
14139
14145
14150
14152
14155
14157
14158
14160
14162
14164
14165
14167
14170
14172
14173
14174
14175
14179
14181
14184
14185
14186
14187
14189
14190
14191
14192
14197
14203
14204
14205
14206
14207
14209
14213
14214
14215
14216
14218
14220
14223
14225
14229
14230
14231
14232
14233
14236
14238
14242
14244
14245
14246
14247
14251
14252
14256
14258
14259
14263
14265
14269
14270
14274
14275
14276
14277
14281
14282
14285
14287
14289
14291
14292
14293
14299
14301
14303
14305
14306
14307
14308
14309
14310
14312
14315
14316
14317
14318
14319
14320
14323
14325
14329
14331
14332
14333
14334
14337
14339
14340
14344
14346
14347
14348
14349
14350
14351
14353
14354
14357
14358
14359
14363
14364
14366
14369
14371
14372
14373
14377
14378
14379
14380
14381
14382
14384
14385
14386
14387
14388
14389
14390
14391
14392
14394
14397
14398
14399
14400
14405
14406
14407
14409
14410
14411
14413
14414
14416
14417
14419
14421
14422
14424
14431
14433
14436
14439
14442
14443
14444
14450
14451
14452
14454
14455
14456
14458
14459
14461
14462
14465
14466
14473
14474
14478
14482
14483
14484
14485
14486
14487
14489
14491
14493
14494
14496
14497
14498
14499
14503
14505
14506
14507
14510
14512
14513
14516
14519
14521
14524
14526
14528
14531
14533
14534
14535
14537
14538
14539
14540
14541
14542
14543
14546
14547
14549
14551
14552
14553
14558
14559
14560
14561
14563
14564
14565
14566
14567
14568
14574
14576
14577
14578
14579
14580
14581
14583
14584
14585
14587
14588
14590
14591
14596
14597
14599
14603
14604
14605
14606
14607
14608
14609
14610
14611
14613
14614
14615
14617
14622
14623
14625
14627
14628
14630
14631
14632
14633
14635
14636
14637
14639
14640
14642
14643
14644
14645
14646
14647
14650
14651
14652
14653
14655
14657
14658
14661
14662
14667
14668
14669
14672
14673
14674
14675
14676
14677
14678
14679
14680
14682
14683
14685
14687
14688
14689
14690
14693
14694
14696
14697
14701
14702
14706
14709
14712
14713
14717
14721
14722
14723
14725
14727
14729
14730
14731
14732
14733
14740
14741
14745
14746
14747
14750
14751
14752
14754
14755
14756
14757
14763
14765
14766
14768
14770
14772
14775
14776
14778
14779
14782
14784
14785
14787
14789
14793
14794
14795
14796
14798
14799
14803
14804
14806
14809
14810
14813
14814
14815
14820
14823
14825
14826
14829
14830
14832
14833
14835
14837
14838
14839
14841
14842
14844
14845
14846
14848
14849
14850
14851
14853
14854
14857
14858
14860
14861
14865
14866
14872
14874
14875
14876
14879
14886
14887
14888
14890
14892
14893
14894
14896
14897
14899
14900
14901
14902
14907
14908
14909
14911
14914
14916
14917
14918
14919
14920
14921
14922
14925
14927
14931
14932
14933
14936
14939
14942
14943
14944
14946
14947
14949
14951
14952
14953
14954
14956
14957
14958
14960
14963
14964
14965
14966
14968
14969
14971
14974
14976
14978
14981
14985
14986
14989
14990
14992
14993
14995
14996
14997
14999
15000
15001
15002
15003
15004
15005
15007
15010
15011
15013
15014
15015
15019
15020
15022
15026
15027
15029
15033
15034
15037
15040
15043
15046
15047
15048
15051
15056
15059
15060
15061
15062
15063
15066
15067
15068
15070
15072
15074
15075
15077
15079
15080
15089
15091
15092
15097
15102
15106
15107
15109
15110
15112
15113
15114
15115
15116
15117
15120
15121
15122
15129
15130
15131
15132
15133
15134
15137
15139
15140
15141
15142
15143
15144
15147
15148
15150
15151
15152
15153
15154
15155
15156
15157
15158
15160
15161
15162
15163
15164
15165
15169
15171
15173
15174
15177
15180
15181
15182
15183
15184
15186
15189
15190
15191
15192
15193
15194
15195
15196
15197
15198
15201
15204
15205
15208
15210
15211
15214
15215
15216
15217
15219
15220
15221
15224
15225
15228
15229
15231
15234
15235
15236
15237
15239
15240
15242
15243
15248
15249
15250
15253
15259
15269
15270
15272
15275
15276
15277
15279
15281
15282
15284
15286
15287
15288
15290
15292
15296
15297
15301
15304
15305
15306
15307
15309
15311
15314
15322
15325
15329
15331
15336
15337
15342
15346
15347
15351
15352
15354
15355
15356
15357
15358
15360
15362
15366
15369
15372
15375
15380
15382
15383
15385
15387
15389
15391
15392
15397
15398
15399
15400
15402
15403
15404
15407
15412
15413
15414
15415
15416
15419
15425
15426
15427
15428
15429
15432
15435
15437
15438
15439
15442
15443
15446
15448
15450
15451
15453
15456
15457
15459
15462
15464
15466
15467
15469
15470
15471
15472
15475
15476
15477
15479
15480
15481
15482
15485
15487
15491
15493
15496
15498
15500
15501
15503
15506
15507
15509
15511
15515
15517
15520
15521
15522
15523
15524
15529
15530
15531
15532
15535
15536
15537
15538
15541
15544
15545
15546
15548
15549
15550
15551
15552
15553
15554
15555
15556
15558
15559
15564
15565
15567
15570
15572
15573
15574
15576
15577
15578
15579
15581
15582
15584
15586
15587
15588
15594
15596
15597
15599
15601
15604
15607
15611
15613
15614
15617
15618
15619
15621
15622
15623
15624
15625
15626
15627
15631
15634
15636
15638
15639
15640
15642
15644
15645
15646
15648
15649
15652
15653
15655
15660
15661
15662
15665
15666
15668
15670
15671
15673
15676
15678
15679
15680
15681
15684
15685
15688
15690
15691
15692
15693
15694
15695
15696
15697
15698
15700
15702
15703
15704
15705
15707
15710
15711
15713
15714
15716
15717
15720
15721
15722
15726
15730
15731
15732
15733
15735
15738
15740
15744
15746
15747
15748
15750
15753
15755
15757
15758
15759
15763
15764
15766
15767
15768
15769
15770
15771
15772
15774
15779
15782
15783
15786
15787
15789
15790
15792
15794
15797
15799
15800
15802
15804
15805
15808
15809
15812
15818
15819
15821
15823
15824
15825
15826
15827
15828
15829
15830
15832
15834
15835
15836
15838
15839
15842
15843
15845
15846
15848
15849
15851
15854
15855
15856
15857
15858
15862
15863
15864
15867
15872
15873
15874
15875
15878
15879
15880
15884
15886
15889
15890
15891
15893
15894
15895
15898
15899
15902
15903
15904
15905
15906
15907
15909
15912
15913
15914
15916
15917
15919
15920
15921
15922
15924
15925
15932
15933
15934
15936
15937
15938
15939
15940
15942
15943
15945
15946
15949
15952
15953
15957
15958
15960
15961
15963
15964
15965
15966
15970
15974
15975
15976
15977
15978
15979
15980
15983
15985
15986
15993
15997
15998
15999
16000
16001
16003
16005
16008
16010
16011
16013
16014
16018
16021
16022
16025
16026
16028
16031
16037
16038
16040
16041
16042
16043
16044
16046
16048
16049
16050
16051
16054
16055
16058
16059
16060
16061
16063
16067
16068
16069
16070
16071
16074
16077
16078
16079
16080
16082
16084
16085
16086
16087
16088
16089
16090
16091
16092
16093
16096
16097
16099
16100
16101
16102
16104
16105
16106
16108
16109
16110
16111
16112
16116
16117
16118
16121
16122
16123
16124
16125
16126
16130
16133
16134
16135
16137
16138
16139
16143
16144
16148
16152
16154
16155
16158
16160
16161
16163
16164
16165
16166
16167
16169
16170
16171
16174
16176
16179
16180
16181
16183
16186
16187
16188
16190
16196
16199
16200
16202
16204
16206
16207
16211
16212
16213
16214
16217
16218
16219
16223
16225
16227
16228
16229
16230
16231
16233
16234
16237
16238
16239
16241
16242
16243
16245
16247
16248
16249
16251
16253
16254
16257
16258
16259
16262
16263
16266
16267
16268
16269
16270
16271
16273
16275
16276
16279
16280
16283
16285
16287
16288
16292
16294
16299
16300
16301
16302
16304
16305
16306
16307
16311
16315
16316
16319
16322
16325
16330
16331
16335
16336
16337
16338
16342
16343
16345
16347
16348
16351
16354
16355
16356
16358
16363
16364
16366
16368
16369
16373
16374
16375
16377
16378
16379
16380
16381
16383
71
0
128
130
258
387
390
264
393
394
395
140
401
274
402
403
406
29
285
158
415
292
421
166
294
167
423
170
426
172
429
176
305
184
313
443
318
448
193
449
195
451
197
457
458
80
210
338
469
470
346
478
223
225
99
229
230
359
360
362
237
365
114
242
372
373
119
120
248
376
253
383
8.33