429
1026
2050
3
1027
2051
5
8
2056
9
1035
2060
13
15
1040
2065
2066
21
2069
26
1050
28
1054
1055
2079
1056
33
1058
1060
1064
1065
2091
1070
47
49
2097
2098
1075
54
56
1086
2112
69
2118
71
2119
1097
2122
75
1103
1105
82
1106
2130
2134
88
1112
2142
2144
97
2145
2146
100
2149
1126
2150
104
2156
1135
112
1137
118
2168
2169
1147
2171
1150
1151
1152
1153
2180
2182
1160
140
1165
2189
142
144
1169
2193
148
1175
1176
154
1180
157
159
162
1186
1188
165
1190
2217
1195
2220
2226
1203
2231
184
2234
189
1213
194
2243
1225
204
1228
205
2255
208
1233
2259
215
216
2264
1241
2267
2269
1248
225
1250
228
2276
1253
230
1256
1257
2282
1260
2286
241
2292
2293
1272
2297
1276
253
1280
2304
257
263
267
1292
2316
2317
270
1294
2319
272
1296
274
1301
2334
289
293
2341
1319
297
1321
1322
2346
2347
304
308
1333
2362
316
319
2368
1346
2371
1349
1353
2377
335
1359
2384
1366
1370
2394
1371
2396
353
355
1379
356
358
1382
2407
2413
369
2417
1395
372
2422
375
2423
2424
1402
381
2429
1410
2434
389
390
2438
1416
393
2443
1421
2446
1426
404
409
412
1436
419
423
429
1453
433
1458
1464
1465
1466
1467
1472
1473
450
456
1482
459
1483
460
1488
468
1493
471
472
1496
1498
480
481
1507
1518
497
503
505
1529
506
1531
1532
1534
1537
518
523
1552
529
1554
1555
543
1568
1571
548
1573
1574
558
559
1583
561
1588
1595
1599
1600
1606
1614
597
614
1643
624
625
628
1653
1654
1657
634
1664
1665
642
1669
1673
1674
1676
1685
663
664
666
1690
667
1691
1692
672
674
679
681
1706
1710
1716
1720
697
703
704
1731
1741
1742
1744
721
727
728
1754
733
735
1759
741
742
743
1771
749
1773
751
1776
1781
1784
766
770
775
1799
776
777
1805
782
1807
784
785
1814
1818
795
796
801
1827
804
1829
806
808
814
1843
1845
1847
825
1850
1851
1855
1856
836
1864
842
1877
858
864
1891
869
871
1899
876
1902
1906
883
1910
1911
1913
890
1915
896
1928
911
912
1937
916
1941
918
1944
1950
1955
932
1960
1965
943
1970
1974
1977
1984
961
1986
1989
966
1993
1996
973
975
976
980
2014
993
2018
1003
1004
1005
2033
1021
2047
18
96
97
34
66
101
6
134
8
138
107
143
48
112
18
19
86
122
125
8.32