15610
32768
2
32770
3
4
32772
5
6
7
9
11
17
18
20
32788
22
32790
23
26
32794
32795
29
30
32798
32799
32
33
37
38
40
41
42
32810
43
44
46
47
48
49
52
32824
32827
60
32828
63
64
32832
65
68
32836
69
32837
70
32839
73
76
78
32846
79
32847
32848
32850
85
88
89
91
92
32860
93
94
32862
97
32865
98
99
101
32869
32871
104
32872
32873
106
107
108
109
32877
110
32879
112
32880
113
32881
115
116
32885
118
32887
121
122
123
125
32893
126
32894
32896
129
130
32898
131
32900
133
134
135
136
137
138
32906
139
32907
32908
142
143
32911
144
32912
145
32913
147
32915
148
150
32919
152
32920
153
154
156
157
158
159
32927
160
161
162
163
32935
32937
171
172
32942
175
176
177
178
179
183
184
186
188
32957
190
192
32960
32962
195
196
198
32968
202
204
205
206
207
32975
208
32976
209
210
211
212
214
215
32983
216
217
218
219
220
32989
222
223
224
32992
32993
227
32995
230
232
234
33003
236
237
238
240
242
245
246
249
251
252
33020
253
255
256
258
259
33027
262
264
265
266
33034
267
268
270
273
275
276
279
281
286
33055
288
33056
289
290
292
293
33061
33063
296
297
299
33068
33069
302
33070
304
33074
307
308
309
311
312
316
318
33086
319
33087
322
33090
325
326
327
330
331
332
33100
333
335
33103
336
33104
337
340
33109
33110
343
345
346
33114
347
348
33118
352
353
355
356
358
33129
33131
364
33132
33134
367
33135
368
370
33139
372
373
374
33142
376
33144
377
379
381
382
33150
383
384
385
33153
386
387
388
33156
389
391
392
33160
393
33161
395
396
398
400
401
404
406
33174
33176
410
411
412
413
33181
414
33183
416
417
418
419
420
421
422
423
33191
424
33193
427
428
429
432
33200
433
435
33204
437
438
439
440
442
443
446
33214
447
33216
33220
453
455
456
457
33225
458
462
467
33237
471
472
33242
476
33244
33245
478
481
482
483
484
486
33255
488
33256
489
490
491
33259
33260
493
494
495
33265
498
33266
33269
503
508
33276
510
511
33279
513
33282
33283
516
517
520
523
33294
527
33295
528
33296
33297
530
531
33300
534
535
536
537
539
540
541
542
543
33313
33315
33316
550
551
33321
554
33322
555
557
558
33326
562
33334
569
571
573
33341
574
576
33344
577
578
579
33347
33351
585
33356
590
592
593
594
33362
595
33363
596
598
599
600
603
604
606
608
609
611
33379
612
33381
615
33383
33384
617
618
33386
620
622
623
625
626
33395
628
33396
629
634
33402
637
638
639
641
33409
642
646
648
649
33418
651
652
653
655
656
657
658
659
33427
660
33430
33431
665
667
669
673
33441
33442
675
33445
680
681
682
683
33451
684
685
686
33454
688
691
33460
33461
695
696
697
698
33466
699
33467
33468
701
33471
704
705
706
709
33477
712
713
714
715
716
718
720
33488
721
722
33490
723
725
33493
726
728
729
731
734
735
736
33505
739
33512
33513
749
751
33519
33520
753
754
755
756
33524
33525
33526
761
763
766
33535
768
770
33538
771
772
773
776
777
779
780
783
784
33552
785
33553
787
790
794
795
33564
798
799
800
802
804
805
806
33575
808
809
33578
813
815
816
817
33585
818
33586
33588
821
822
824
33592
825
33593
33596
831
33602
33603
836
837
33605
838
839
840
841
842
845
33614
847
848
849
850
851
852
854
33623
856
857
33625
860
862
33630
863
864
866
867
870
33639
872
874
875
33643
876
879
881
33650
883
886
33654
888
889
33658
33659
892
893
33661
896
897
33665
898
33666
906
907
909
33677
910
911
913
33681
915
916
33684
917
918
919
920
921
923
926
33696
929
930
33698
931
933
934
935
33706
33707
941
33709
942
943
944
33712
33713
946
947
33716
950
33718
951
952
953
33721
954
956
957
959
33727
961
33729
33730
963
33732
965
33733
966
970
971
972
33740
973
974
33745
33746
33747
982
984
985
986
33754
987
988
33756
33757
990
991
33761
995
33763
997
33765
998
33766
999
1000
33768
33769
1002
1004
1005
1007
33775
1008
1013
1014
1016
1020
33788
33789
1022
1024
1027
1028
1031
1032
33800
1033
1035
1037
1039
1041
33812
1046
1047
33815
1049
1050
1051
33819
1052
33821
1055
33824
1058
1059
1063
1066
1067
1068
33836
1070
33838
1076
33844
1077
33845
1078
33846
1080
33848
1081
33849
1082
33850
1083
1084
33853
1086
1087
1088
1089
1090
1092
33860
1094
33862
1095
1096
1097
1098
1103
33873
1106
33877
1111
1113
1114
1116
1117
1118
1119
1120
1121
33889
1122
1123
33891
1126
1127
1129
1130
1131
33901
1135
1136
1137
1138
1139
1140
1142
1143
1145
1146
33914
1150
1151
1153
33922
33923
1156
33924
1157
1158
33926
1159
1162
33930
1163
33931
1165
33934
1167
1169
33937
1170
1171
1174
1175
1178
1180
1182
33950
33952
1185
1186
33954
1187
1188
1191
1192
33960
33961
1194
33963
1198
1200
1202
33973
1206
1207
33976
33977
1213
33981
1214
1215
1216
33984
1218
33986
1219
1221
1222
33990
1223
1225
1227
33998
1231
1232
1233
1234
1235
34003
1238
1240
34008
34009
1243
34013
1246
1248
34016
1251
1252
1253
1254
1255
1256
34024
34026
1259
1260
1261
1263
34032
1265
1268
34036
1269
34037
1270
34038
1271
1272
34040
34042
1276
34044
1278
34046
1279
1280
1281
1282
34050
1283
34051
1284
1285
1286
1287
34056
1289
1291
1292
1293
34061
1295
1296
1298
1299
1301
1303
34071
1304
34073
1308
1309
34077
34080
1314
1319
34087
1320
34088
1321
1322
1326
34094
1328
1329
1330
1332
1333
34102
34103
1337
1340
1341
34109
1342
1343
34111
1346
1347
1349
1350
1352
1353
1357
1358
1359
1360
34128
1362
34132
1365
1367
34137
1371
1374
1375
1376
1377
34146
1380
34148
1383
1385
34154
1387
1388
1389
1391
1394
34162
34164
1398
1399
34167
1401
34169
1402
1403
34171
1404
1405
34173
1406
1407
1408
34176
1409
34178
1411
1412
1413
1414
1415
34183
1417
1419
34187
1420
1421
34190
34191
1424
1425
34193
34195
34197
1431
34199
1434
1435
1437
1441
1442
1444
1445
1446
34215
34216
1450
1453
1455
1456
34224
1457
1458
1459
34227
1460
1461
1462
1464
1465
34233
1467
34235
1468
1470
1471
1472
1475
1476
1477
1478
1479
1480
34248
1481
1483
1484
1487
1488
34258
1491
1494
34264
1499
1501
1502
1504
1505
34274
1508
1510
34280
1513
1514
34282
1515
1517
34285
1518
1519
1521
34289
1524
1525
34293
1526
1527
1528
34296
1529
1530
34298
34299
1533
34301
34302
1535
34303
1536
1537
1538
1540
34310
1543
34311
34312
1546
1547
1548
34316
1549
1550
34318
1552
34320
1553
34321
1554
1556
34325
1560
1561
34329
34330
1565
1567
1568
1569
34337
34338
1573
1574
1575
34343
1578
1579
1581
1583
34351
1584
1587
1589
1590
34358
34359
1592
1593
34361
1594
1596
34364
1599
1600
1604
1605
1610
34378
34379
1612
1615
34383
1616
1617
34385
1618
1619
1620
1622
34390
1625
34393
1629
34399
1633
34401
1634
34402
1637
1638
34406
1639
34407
1640
1641
1643
1644
1645
1648
34417
1650
1651
34421
1654
1657
1658
34427
1660
34428
1661
1662
1666
1668
1669
1674
1675
34443
1676
1678
1679
1680
34448
1682
1685
1686
1687
1689
1691
1692
1693
1694
1696
1697
1698
34467
1702
34470
1703
1704
1705
1707
1708
1710
1711
1712
1718
34486
1719
34487
1721
34489
1722
1725
1726
1729
1730
1733
34502
1736
1737
1739
1740
34508
1741
1743
1745
1746
1747
1748
1749
34518
1752
34520
1753
1754
34522
1755
34526
1759
1760
34528
1761
34529
34530
1763
1764
1765
1766
1769
1770
1771
34541
1774
34542
1776
1778
34546
1779
1781
34549
1783
34551
1784
34552
1786
34555
34556
1792
1794
34562
1795
34563
1796
1799
34568
34569
1802
1803
1805
1807
34575
1808
1811
1812
1814
1815
34583
1818
1819
34587
1821
1823
34591
1824
34592
1825
34594
1828
1831
1832
1834
34602
34603
1838
1839
1840
34608
34610
1843
34611
1844
1847
1848
34617
1850
34618
1851
1852
34620
1854
1855
1859
1862
1863
1864
34633
1866
1867
34635
1869
1870
1871
34639
1872
1873
1875
1876
1877
1879
34648
1881
1882
34650
1885
34654
1890
34659
1893
1894
1895
1898
34666
1899
1904
1906
1909
1910
1911
1913
1914
1915
1917
34685
1918
1919
1921
1923
1924
34692
34693
34694
1929
34697
1930
1931
1932
34700
1933
1934
1935
1936
34704
1938
1939
1940
34709
1942
34710
34711
1944
1945
1946
1948
1949
34717
1951
1952
1955
1956
1957
1958
1959
1960
1961
1962
1964
1965
34734
1967
1968
34736
1971
1973
1974
34742
1978
1980
1981
34751
1985
1986
1987
1989
1990
1991
34759
1994
1995
34764
1997
1998
2000
2001
2004
2006
34774
34775
2008
2009
2010
2011
2013
34781
34782
2015
2017
2019
2020
2022
2024
2025
34794
2028
34797
2031
2032
2033
34802
2035
34803
2037
2038
2040
2041
34809
2043
2045
2047
2051
34820
2055
2056
2057
2058
2059
34828
2061
34829
2062
34830
2064
2065
2066
2067
2068
2069
34837
34838
2071
2073
2075
2076
2078
2079
2085
34855
2089
2090
2092
2095
2096
34864
2097
2098
2099
2100
2101
2103
34871
34872
2107
2111
2112
2113
2114
2116
2118
2119
2121
34889
2123
2125
2126
2128
2129
2130
34900
2134
2135
34903
2136
2138
2139
2140
2141
34910
2143
34911
2144
34912
2146
2147
34916
2154
2155
2156
2157
2158
2160
34930
2163
2165
2166
34934
2168
2169
34937
2170
2171
2172
2173
34941
34943
2176
34944
2177
2178
34946
2180
2182
2183
34952
2185
34954
2188
2189
2191
2192
2194
34965
2198
34966
2199
34967
2200
2204
2205
2207
34976
2209
34977
2211
2212
2214
34982
2215
34983
2216
2217
2218
2219
34987
2221
2223
34992
2227
2229
34999
35000
2233
2239
35007
2240
35009
2243
35012
2245
2246
2249
35017
35018
2251
2252
35022
2255
35024
2257
35025
2258
35027
35029
2262
35030
35031
2267
2271
35040
35042
2277
35045
2278
2279
2280
2281
2283
2285
2286
2287
35055
2288
2289
2291
2292
35060
2293
2294
35063
2296
2298
2299
2300
2302
35070
2304
2305
2306
2307
35076
2309
2310
2311
2312
2313
2315
2316
2317
2318
2320
2321
35089
35091
2324
2325
35093
2326
2327
2328
2329
35098
35099
2333
2334
2335
2336
2339
35107
35110
2343
2346
2348
2351
2353
2354
35123
2356
2357
2362
35130
2363
2368
2369
35137
35138
2373
2375
2376
2378
2379
2380
2381
35149
2385
2386
35154
2387
35155
2388
35159
2394
2396
2397
35166
2399
2400
2401
2403
2405
2407
35176
2409
35177
2410
2411
2415
2416
35185
2418
35186
2420
2423
35191
2424
2425
2427
2430
2431
35199
2432
2433
2435
2436
2438
35206
2439
35208
2441
2442
2443
2444
35213
2446
2447
2449
2451
2452
2454
2456
35225
2458
35226
2460
2461
35230
2463
35232
35233
2467
35235
2470
2471
35239
2472
2476
2478
2479
2480
35248
2482
35250
2483
35252
2485
35253
35255
2489
35257
2490
35258
2491
2492
2493
2496
35264
2497
2498
2499
35268
2501
35269
2503
2504
2507
2508
2511
35279
2512
2513
2514
2516
2518
2519
2520
2521
35289
35290
2523
2524
2525
35294
2527
35295
2528
35296
2530
2531
2532
2536
2537
35305
35307
2543
2544
2545
35313
2546
2547
2549
2550
35318
35319
2552
2553
35321
2554
35322
2556
2559
2560
2561
35329
35330
35331
2565
35335
2569
2571
35339
35341
2574
2575
35345
35346
2580
2581
35350
2583
35351
35352
2585
2586
35354
2587
35356
2589
2591
2592
35360
2593
2594
35362
2596
2597
35365
2598
2599
35368
2603
2604
2605
35373
2606
2607
2609
35377
2610
2612
2613
2614
35383
2616
2618
35386
2619
2621
2623
35391
2625
2626
35394
2628
35396
2631
2632
35400
2633
2634
35402
2635
2637
2640
2642
2644
35412
2645
2646
2647
35420
2654
2655
2657
2658
2659
2661
2662
35430
2663
2664
2665
2666
2668
2669
2670
2671
2672
35441
2674
2676
2677
2678
2681
2683
35451
2684
35452
2685
2687
2688
2689
35457
35458
2692
2694
35462
2695
2696
35465
2698
2699
35467
2700
2702
2703
2704
35473
2706
2707
2708
2709
35478
2711
2712
2713
2714
35483
2716
2717
2718
2719
35487
2720
2725
35493
35495
2730
2731
35501
2734
35502
2737
2738
2739
2740
2741
2743
35511
2745
2746
2747
2749
2750
2752
35520
2753
2754
35523
2757
2758
2761
2762
2764
35534
35535
2768
2769
2770
35539
2773
35544
2777
2778
2779
2781
2782
2783
2784
35552
2786
2788
2789
2790
2792
2794
2795
2796
2797
2798
2800
35568
2802
2805
35573
2806
35574
2807
2809
35577
2810
2811
2812
35582
2817
2822
35590
2824
2825
2830
2832
35600
2834
2835
2836
2840
2842
2843
35612
2847
2848
2849
35617
2850
2851
2852
2853
2854
2855
2856
35624
2857
2860
2861
35631
2865
2867
2868
2869
35637
2870
2872
2873
2874
2875
35643
2876
35644
2878
2881
2882
35650
2883
2884
2889
35658
2891
2892
2893
2894
35662
2895
2897
2899
35667
2901
2904
2905
2906
35675
2908
2909
35678
2911
35681
2914
35682
2915
35684
2920
2921
2922
2923
2925
2926
2928
2929
2931
2932
2933
2934
2936
2938
35707
2942
35710
2943
35711
2944
2946
2947
35715
2948
35716
2949
2951
2952
2955
2956
35725
2958
2962
2964
35732
2965
35734
2969
35739
2972
2974
2975
35746
2979
2980
2981
2982
2983
35751
35752
2987
35755
35757
2990
35759
2992
35760
35761
2994
2995
2997
35766
3001
35769
3004
3007
3009
3013
35781
35782
35783
3017
35785
3018
3019
35788
35791
35792
35793
3026
35798
3032
3033
3034
35802
3036
3037
3041
35809
3044
35814
3047
3048
35816
35817
35818
3051
35819
35820
3054
3055
3056
3057
3058
35828
3061
35830
3063
3064
3065
3067
3068
3069
35837
3071
3073
3075
3076
3077
35845
3080
35848
3081
3083
3084
35852
3086
3087
3089
35857
3090
3091
35859
3092
3094
3095
35863
3096
3098
35867
3100
3101
35872
3105
3106
3107
3109
3110
3111
35879
3112
3114
3115
35883
3117
35885
3118
3119
3120
35888
3121
3124
35892
3126
3127
3128
35897
35899
3133
3134
35903
35904
3142
3143
3145
3146
3148
3150
3151
35920
3153
3154
3155
3156
3157
35928
35931
3164
35933
3166
3167
35937
3171
3173
3175
35943
3177
3178
3180
3181
3183
3185
3186
3187
3188
35958
35960
35961
35962
3195
3198
35966
3200
3202
35970
3203
3205
35973
3207
3208
3209
3211
3215
3216
3217
35985
3220
35988
3221
35989
35991
3224
3227
3231
35999
3232
3234
3235
3236
36004
3237
3238
3243
36013
3250
36019
3252
36020
3254
3256
3257
36026
3259
3260
36028
3262
3264
36032
3265
3268
3269
3270
3272
3273
36041
3274
3275
3278
36046
3280
3283
3284
3285
3286
3287
3288
3290
36059
3294
36062
3296
3297
36065
3299
3300
36068
3302
3303
3307
36075
3308
3310
36078
3311
36079
36083
3316
3319
3322
3324
3325
36094
36095
3328
3329
3331
36100
3333
3335
36103
3336
3337
3341
3342
3344
3345
3346
36115
3348
3349
3350
3351
36121
36122
3355
36124
3358
3359
3362
36130
36131
36132
3371
3372
3373
3374
36143
3376
3377
3380
3384
36154
3388
3389
36158
3391
36159
3393
36162
3396
3397
36165
3398
36171
3404
36173
3407
36175
3410
3412
36180
3413
3414
36183
3416
3417
3418
3420
3421
3423
3425
3427
3428
3429
3431
3432
36201
3435
36205
3438
3439
36207
3441
3443
36211
36212
36214
3447
3448
36217
3450
36219
3452
36220
3453
3454
3455
3456
3457
3459
3460
36228
3461
3462
36230
3463
3464
3465
3467
3468
3469
3470
36238
3471
36240
3473
3475
36245
3480
3482
36250
3483
3484
36253
36254
3487
3488
3490
36259
36261
3494
3497
3499
3501
3502
36270
3503
3507
3508
36276
3509
36279
36280
3514
36283
3516
3517
3518
36286
3519
3520
3522
3523
3525
3527
3528
36296
3531
3532
3534
36302
3537
3538
3539
3540
36308
3541
36309
3542
3544
3550
3551
3552
3553
36321
36322
3559
3561
3565
36335
3568
3571
3574
3575
3576
36344
3579
3581
36351
36352
3585
36353
3586
3587
36356
3589
36357
3590
36358
3591
3592
3593
3594
3596
3598
36367
3600
3601
3602
3604
3605
3607
3608
36377
36379
3612
3613
36383
3616
36385
3618
3619
36387
3620
3621
3623
3624
36392
36393
36396
3629
36398
3631
3632
3633
36401
3638
3639
3640
36408
3641
3642
36410
3643
3645
3646
36414
3647
3648
3649
3650
3651
3653
36421
3655
3657
3658
3659
36428
3661
3664
36434
3668
3669
3670
3671
36439
3672
3673
3674
3675
36443
3676
36444
3677
36445
3678
3679
3680
3681
36449
3682
3683
36451
3687
36455
3688
36457
36459
3692
3697
3699
3701
3703
36472
3707
3709
3710
3711
3712
3713
36481
3714
36485
3719
36487
3721
36489
3723
36492
36493
3727
36495
3728
3729
3730
36498
36499
3733
36503
36506
3741
3742
36510
36511
3744
36512
36514
3747
3748
3749
3751
36519
36520
36521
36522
3755
3756
36524
3757
3758
3759
3760
3761
36534
3767
3769
36537
3770
36538
3771
3772
36540
3773
3775
3776
3779
36548
3781
3783
36551
3784
3785
3787
3789
3790
36558
3791
36561
3795
3796
3798
3799
3800
3802
36570
3805
3810
36578
3812
3813
3814
36582
36583
3816
36586
3819
3820
3821
3822
36592
3825
3826
36594
3828
36597
3830
36601
3834
36602
3840
3841
36609
3842
3844
3845
3847
3848
3852
3856
3857
3859
36627
3860
3862
36630
36631
36632
3865
36633
3866
36634
3867
36635
3869
3870
3871
3872
36640
3874
3875
36643
3876
36644
3877
3880
3881
3882
3883
3886
36654
36655
3888
3889
3890
3891
3894
36667
3900
3901
36669
3903
3905
36676
36677
36679
3912
3914
36682
3915
3916
3917
3918
3919
3920
36688
3921
36689
3922
36690
3923
3925
36693
3926
3927
3929
3931
3932
3933
3934
36705
3939
36707
36708
36709
3942
3943
3944
36712
36714
3947
3948
3949
36717
3950
3952
36720
3953
36721
36723
3956
3958
36727
3961
3963
36733
3966
3967
3969
36740
3973
3975
3976
3977
3978
3979
3983
36751
3984
36752
3987
3988
36756
36758
3991
36759
3993
3994
3996
36764
3998
36767
4001
36771
4004
4006
4007
36776
4009
4011
4012
36780
4013
4014
4015
4016
4017
36785
4021
36789
4022
4023
4024
4025
4026
4030
4033
36801
4034
4035
4037
36805
4038
4039
4040
4041
36811
4044
4046
4047
4048
4049
36817
4053
4056
4057
4061
36829
4062
4063
4065
4067
4068
4069
36837
4070
4071
4072
4073
36842
4075
4077
4078
36846
4080
4082
4084
4086
4087
36855
4089
36857
4090
4091
36859
36860
4094
36864
4098
4099
36867
36870
4103
4104
4105
4107
4108
36877
4110
4111
4112
36880
4114
4115
36884
36885
4118
36886
4119
36889
4122
4125
4126
36895
4129
4134
4136
4138
4139
4140
36908
4141
4143
4144
4145
36913
4146
4147
4148
4149
4153
4155
4157
4161
4162
36930
4163
36931
4165
4166
36934
4167
4170
36938
4172
36947
4181
4183
36951
4184
36952
4185
4186
36954
36955
4188
36957
4190
4192
4193
36961
4195
4196
4197
36965
4198
4199
4200
4202
4204
4205
4207
4208
4209
4210
4211
36980
4214
4215
4216
4218
4220
4221
36989
4223
4224
4226
36995
4228
36996
4229
4232
37000
37001
4235
4236
4237
37005
4240
37008
4242
4244
4245
4246
4248
4249
4250
37019
4252
4253
37021
4258
4259
37027
4260
4261
4262
4264
4267
4268
4269
4270
37038
37040
4274
4276
4277
37045
4278
4280
4281
37049
4282
37051
4286
4287
4288
4289
4291
37059
4292
37061
4295
37063
4296
4297
4298
37066
4299
4300
4301
4303
4304
37073
4307
4308
4310
4311
4312
4315
37083
4316
37085
4318
37086
4319
37088
4321
37089
4323
37091
4324
4325
4327
4328
4329
4332
37100
4333
4334
37102
4339
37108
4341
4342
4344
37114
4347
4348
37116
4352
37120
4353
37121
4354
4355
4356
37124
4357
4362
37131
4364
4365
4366
4370
37138
4371
37139
4374
4377
4378
4379
37147
4381
4382
4383
4384
37152
4385
4386
4387
4389
37157
4390
4391
37160
4393
4395
37163
4396
4397
4398
37167
4400
4401
4403
37171
4404
37172
37174
4407
4408
37176
4411
4412
37180
37181
37182
4415
4416
4417
4418
4419
4420
4424
4425
4426
37194
4427
4428
4429
37197
4430
4431
4433
4434
4435
4437
4439
4440
4441
4442
4444
4445
37214
4448
37218
4452
4453
4454
4455
4456
4458
4459
4460
4463
4464
37232
4465
37233
4466
4468
37237
4470
37238
4471
4472
4473
4474
4475
4476
4477
4478
4479
37247
4482
4483
4484
4485
4486
4489
4490
4491
4492
37261
4494
4495
37266
37267
4501
4502
37270
4503
37272
4506
37275
4510
37278
4511
37279
4512
4513
4514
37282
4517
4518
4519
37287
37288
4521
37290
4525
4526
4528
4530
4531
4533
4534
4536
4537
4539
37307
4540
4542
4543
4544
4546
4548
37316
4549
4550
4551
4552
4555
4556
4558
4560
37328
4562
4564
4568
4572
37341
4574
4580
4581
4582
4583
4584
4585
4586
4588
4589
4590
37358
37364
4599
37367
4600
4601
37369
4602
37370
4603
4604
4605
4606
4608
4609
4612
4615
37383
4616
4617
37385
4618
4619
37387
4620
4621
4623
4624
4625
4626
4627
4628
4629
4630
4631
37399
37400
4633
4634
4635
4636
4637
4638
4639
4640
4642
4646
4648
4650
4651
37419
37420
4654
4655
4657
37426
4659
4660
4662
4665
37433
37434
4667
37435
4668
37436
4671
4673
37441
37442
4677
37445
4679
4681
4682
4685
4687
37458
4691
4694
4695
4698
4700
37468
4703
4704
4705
37473
4710
4711
4712
4713
37481
4714
4715
4716
4717
4718
37486
4720
37488
4722
4724
4726
37494
4727
4731
4733
37503
37505
37506
4739
4740
4741
37511
4746
4747
37516
4749
4753
4754
4757
4758
4760
37528
4761
4762
4763
4764
37532
37534
4767
37535
4768
37536
37537
4771
4772
4773
37541
4774
37543
4776
4777
4778
4779
4780
37549
37552
4788
37558
4791
4793
4794
4795
4797
4798
4799
4802
4803
4805
4807
37576
4809
4810
4811
4812
37580
4814
4815
37583
4816
4818
4819
4820
37588
4821
37589
4822
4824
4825
4827
4828
4829
4830
37598
4831
37599
4833
4834
4835
37603
4837
4839
4840
4841
4842
37610
4844
37612
4845
4846
4847
4848
37616
4849
4851
37619
4852
4853
37621
4854
4855
4858
37626
4859
37627
37628
37629
4868
4871
4872
4873
4875
4876
37644
4877
4879
4880
4882
4884
4885
4886
37654
4888
4889
4890
4891
37660
4894
4895
4896
4897
37665
4898
4900
4901
4902
4903
4904
37672
4905
4906
37674
4907
37675
4909
37677
4911
37679
4912
4913
37681
4915
4917
37685
4918
4921
4922
4923
4925
4927
4928
4929
37698
4931
4932
37701
4936
4937
4939
4941
37709
4943
37711
4946
4947
37717
4951
37719
37721
4956
37724
4957
37725
37727
4960
4961
4962
4966
4969
4971
37741
4974
4975
37743
4976
37745
4979
4980
37748
37749
4983
4986
4988
4989
4990
4994
4996
4998
37766
4999
5000
5002
37772
5006
37777
5010
5011
37779
5015
5016
37784
5017
37785
37786
37790
5025
37793
5028
5029
5030
37801
37802
5035
37803
5036
37804
5037
37806
5039
5042
5043
5044
5046
37814
37815
5048
5053
37822
5055
37824
5058
5061
37829
37830
37831
37832
5065
5066
5067
37835
5068
37836
5069
37837
37841
5074
37842
37845
5078
37846
5080
5081
37851
5086
5087
5089
5090
37858
5091
37859
5092
5093
5094
5095
5096
5097
37865
37866
5100
37868
37869
5103
5105
37873
5106
37874
5108
37879
37880
5113
37882
5117
37885
5118
5119
5120
5121
37889
5122
5123
5124
5127
37896
5129
5130
5131
5133
5134
5135
5136
37904
5138
5143
37911
5144
5149
37917
37919
5152
5153
5156
5157
37925
5158
5159
37927
5160
5161
37930
5165
37933
37934
5167
37935
5168
5169
37937
5171
37939
5172
37941
5175
5176
5177
5179
37947
5181
5184
5185
5186
5188
5189
5191
5195
5198
5199
37967
37968
37971
5208
5209
37978
5211
5212
5213
5214
5215
37983
5217
5219
5220
5221
37989
37990
5223
5226
37995
5231
38000
5233
5235
5238
5240
38009
38010
5244
38012
38013
5246
5247
38016
38017
5250
5252
5253
5256
5257
5258
5260
5262
5263
5265
38033
5266
38034
5267
38037
5273
38041
38042
5275
38043
5276
5277
38045
5279
5280
38048
5286
5287
5288
5289
38057
5290
38058
5291
38059
5293
5294
5301
5305
5306
5309
38077
5310
5312
38080
5313
5314
5316
5317
5318
5321
5322
5324
38092
5328
5330
38099
5333
38101
5334
38102
5337
5340
5341
38109
38110
5343
5344
38113
5346
5347
38116
5352
5353
5354
5355
38124
5357
5358
5359
5362
38131
38132
5366
5367
5368
5372
38140
5373
5374
5376
5378
5380
5383
5386
5387
5388
5391
38159
5393
38161
5399
5401
38169
5403
38172
5405
38174
5407
5408
5409
5410
38178
5412
5413
5414
5415
5416
5417
5418
38187
5420
5421
38189
5422
38191
5424
38192
5425
5427
5429
5431
38199
5432
5436
5437
5438
38206
5439
38207
5443
5444
5445
5446
5447
5448
5449
5450
5451
5456
5457
5458
5459
5462
5463
5464
5468
5469
5471
5472
5474
5476
5478
5479
5481
5482
5486
5487
5489
5490
5495
5496
5498
5501
5504
5505
5507
5511
5512
5513
5514
5515
5516
5518
5519
5520
5524
5525
5526
5527
5528
5534
5538
5539
5540
5541
5542
5543
5545
5546
5548
5549
5550
5551
5553
5555
5558
5560
5564
5565
5569
5572
5573
5574
5577
5579
5581
5583
5584
5585
5586
5587
5588
5590
5591
5592
5595
5597
5604
5607
5610
5611
5612
5613
5614
5617
5618
5620
5621
5623
5626
5627
5629
5630
5631
5632
5633
5634
5635
5636
5637
5639
5641
5642
5643
5644
5645
5646
5647
5648
5649
5650
5651
5652
5653
5655
5656
5657
5658
5659
5660
5661
5662
5667
5669
5670
5672
5674
5675
5676
5678
5682
5685
5686
5687
5688
5690
5691
5692
5693
5695
5698
5702
5703
5708
5709
5710
5715
5717
5719
5720
5726
5727
5728
5730
5732
5733
5734
5735
5737
5738
5739
5740
5741
5742
5746
5750
5753
5754
5755
5756
5757
5758
5762
5763
5764
5765
5766
5767
5768
5770
5772
5775
5776
5779
5780
5781
5782
5783
5784
5785
5786
5787
5788
5791
5795
5796
5797
5798
5799
5802
5803
5804
5805
5807
5808
5809
5810
5814
5816
5818
5820
5821
5822
5824
5826
5828
5829
5830
5832
5834
5836
5839
5840
5842
5846
5849
5850
5851
5852
5853
5854
5857
5858
5859
5860
5861
5863
5864
5865
5868
5870
5871
5874
5875
5877
5879
5881
5883
5885
5887
5888
5889
5892
5893
5894
5895
5896
5898
5899
5901
5902
5905
5906
5907
5909
5910
5913
5920
5921
5927
5928
5929
5935
5936
5938
5939
5941
5942
5944
5945
5946
5947
5948
5952
5955
5957
5958
5959
5960
5961
5963
5964
5965
5968
5969
5970
5971
5972
5974
5977
5978
5981
5984
5985
5986
5989
5993
5995
5997
5998
6000
6001
6004
6006
6009
6011
6012
6013
6016
6017
6019
6020
6027
6028
6030
6031
6032
6033
6034
6037
6040
6041
6043
6045
6049
6051
6052
6053
6055
6057
6059
6060
6062
6063
6064
6065
6066
6067
6069
6070
6073
6074
6075
6077
6081
6082
6084
6085
6086
6087
6088
6092
6094
6095
6096
6098
6101
6104
6105
6108
6111
6113
6114
6115
6118
6119
6120
6123
6125
6129
6130
6133
6134
6136
6137
6138
6142
6146
6147
6150
6153
6156
6159
6160
6161
6166
6170
6171
6172
6174
6175
6176
6177
6179
6181
6182
6183
6184
6185
6186
6191
6193
6194
6196
6201
6204
6205
6208
6210
6211
6212
6213
6216
6217
6218
6219
6220
6221
6223
6225
6226
6227
6229
6230
6235
6237
6239
6245
6246
6247
6250
6252
6253
6254
6257
6258
6259
6260
6261
6262
6267
6269
6270
6271
6273
6274
6275
6280
6281
6282
6283
6284
6285
6288
6289
6291
6292
6294
6296
6298
6300
6302
6303
6304
6305
6306
6307
6311
6313
6314
6315
6316
6317
6319
6322
6323
6324
6327
6328
6329
6330
6331
6335
6336
6337
6340
6341
6342
6343
6344
6347
6349
6350
6353
6354
6355
6358
6361
6362
6364
6365
6366
6367
6368
6369
6372
6373
6376
6379
6380
6381
6383
6386
6388
6389
6390
6392
6393
6394
6396
6398
6402
6403
6404
6405
6406
6407
6408
6409
6410
6415
6418
6419
6420
6421
6426
6427
6428
6429
6431
6432
6434
6435
6436
6437
6439
6441
6443
6444
6445
6450
6451
6452
6453
6454
6455
6456
6458
6460
6462
6463
6465
6466
6468
6469
6470
6471
6472
6473
6475
6478
6479
6480
6481
6483
6484
6485
6486
6491
6492
6493
6494
6497
6501
6503
6504
6505
6506
6507
6510
6511
6513
6515
6517
6518
6522
6523
6526
6527
6528
6529
6533
6537
6539
6546
6547
6548
6549
6552
6553
6554
6558
6559
6560
6562
6563
6567
6568
6572
6574
6580
6581
6585
6587
6588
6589
6591
6593
6596
6597
6601
6603
6606
6607
6610
6611
6612
6614
6615
6616
6617
6618
6620
6623
6624
6627
6628
6629
6630
6631
6632
6634
6635
6636
6638
6640
6642
6643
6645
6649
6650
6651
6652
6657
6658
6661
6663
6665
6668
6669
6670
6671
6676
6678
6680
6683
6688
6689
6692
6693
6694
6695
6696
6697
6698
6703
6704
6705
6706
6710
6711
6712
6714
6715
6716
6717
6720
6721
6723
6725
6726
6727
6729
6731
6733
6737
6740
6743
6744
6745
6747
6749
6750
6753
6760
6761
6762
6763
6765
6768
6770
6771
6772
6773
6774
6775
6776
6779
6780
6781
6782
6784
6785
6787
6789
6793
6794
6797
6800
6801
6803
6804
6806
6807
6811
6812
6815
6816
6817
6820
6821
6822
6824
6826
6827
6829
6831
6832
6834
6836
6840
6842
6844
6846
6849
6850
6851
6853
6860
6862
6863
6865
6868
6869
6871
6872
6873
6877
6879
6880
6881
6884
6885
6889
6890
6891
6892
6895
6899
6901
6903
6904
6907
6908
6909
6910
6911
6912
6913
6916
6919
6920
6921
6922
6925
6926
6927
6931
6932
6934
6935
6937
6938
6945
6946
6951
6952
6957
6958
6961
6965
6966
6967
6969
6970
6971
6972
6973
6974
6975
6977
6978
6979
6980
6981
6983
6984
6985
6986
6987
6989
6990
6991
6992
6993
6994
6995
6998
6999
7002
7003
7005
7009
7010
7011
7013
7014
7017
7019
7022
7023
7024
7025
7026
7028
7029
7030
7031
7032
7033
7034
7035
7036
7039
7041
7042
7045
7046
7048
7050
7051
7052
7053
7058
7059
7063
7064
7066
7067
7069
7072
7073
7074
7075
7077
7078
7080
7081
7082
7084
7085
7086
7087
7088
7090
7091
7093
7094
7095
7098
7100
7101
7102
7103
7106
7108
7109
7110
7114
7116
7117
7118
7119
7123
7124
7126
7128
7131
7132
7133
7134
7136
7138
7139
7140
7141
7142
7143
7144
7145
7147
7150
7151
7152
7153
7154
7156
7157
7158
7161
7164
7167
7169
7172
7174
7175
7176
7178
7182
7185
7191
7192
7195
7196
7198
7199
7202
7203
7204
7205
7206
7207
7208
7209
7211
7212
7213
7214
7217
7219
7220
7221
7223
7224
7226
7227
7228
7229
7230
7231
7233
7234
7236
7237
7238
7239
7240
7241
7242
7243
7244
7245
7255
7257
7259
7260
7261
7263
7264
7267
7270
7272
7273
7274
7275
7277
7280
7281
7282
7283
7284
7286
7291
7293
7294
7298
7300
7301
7303
7305
7306
7307
7310
7312
7313
7314
7317
7318
7320
7321
7322
7324
7325
7326
7332
7333
7334
7338
7340
7341
7343
7348
7349
7351
7352
7354
7355
7361
7362
7363
7364
7366
7367
7368
7370
7372
7375
7378
7379
7380
7382
7383
7389
7392
7393
7394
7396
7397
7399
7405
7406
7408
7409
7410
7411
7412
7414
7415
7416
7417
7420
7421
7426
7428
7429
7430
7431
7432
7433
7434
7435
7436
7443
7447
7449
7450
7452
7454
7458
7459
7460
7461
7465
7470
7471
7473
7474
7476
7478
7479
7480
7481
7482
7483
7485
7488
7489
7490
7491
7494
7496
7497
7499
7500
7502
7503
7505
7506
7509
7511
7512
7513
7514
7517
7520
7522
7524
7528
7529
7530
7531
7534
7537
7538
7539
7540
7541
7543
7544
7547
7551
7555
7561
7564
7565
7567
7569
7571
7574
7576
7578
7579
7580
7583
7584
7586
7590
7591
7593
7594
7595
7597
7598
7600
7601
7604
7605
7606
7607
7610
7611
7612
7613
7614
7615
7616
7618
7620
7621
7623
7625
7629
7632
7634
7636
7637
7641
7643
7644
7645
7647
7648
7649
7650
7651
7653
7654
7655
7658
7664
7667
7671
7672
7673
7674
7675
7677
7678
7679
7682
7684
7685
7686
7687
7688
7690
7691
7692
7694
7695
7699
7703
7706
7707
7711
7713
7718
7719
7720
7721
7722
7723
7724
7726
7727
7730
7732
7735
7740
7741
7743
7745
7746
7747
7749
7750
7752
7753
7754
7755
7756
7760
7763
7765
7766
7767
7769
7770
7771
7772
7773
7774
7776
7778
7779
7782
7784
7787
7791
7792
7793
7794
7796
7797
7798
7802
7804
7805
7806
7807
7808
7814
7815
7817
7819
7820
7821
7822
7825
7827
7828
7831
7832
7833
7834
7841
7845
7846
7847
7849
7851
7854
7855
7856
7857
7858
7860
7864
7865
7866
7868
7870
7871
7872
7874
7876
7879
7880
7887
7888
7889
7890
7892
7894
7899
7903
7904
7905
7906
7908
7915
7916
7917
7920
7921
7923
7924
7927
7928
7929
7931
7934
7935
7938
7939
7940
7943
7944
7949
7950
7953
7954
7955
7956
7957
7962
7963
7964
7967
7972
7974
7977
7981
7982
7984
7986
7988
7989
7992
7993
7999
8000
8001
8002
8003
8004
8006
8007
8009
8012
8014
8017
8018
8019
8023
8024
8025
8027
8028
8030
8032
8033
8035
8038
8040
8043
8047
8048
8049
8050
8052
8053
8055
8056
8060
8062
8064
8066
8067
8068
8070
8074
8075
8079
8081
8082
8083
8085
8087
8088
8089
8094
8096
8097
8098
8104
8105
8106
8107
8111
8112
8113
8114
8116
8117
8119
8122
8125
8126
8129
8132
8133
8134
8135
8136
8138
8143
8146
8147
8148
8149
8150
8151
8153
8154
8155
8157
8159
8163
8164
8166
8167
8169
8170
8171
8172
8173
8176
8178
8180
8181
8182
8190
8192
8194
8195
8196
8197
8206
8209
8212
8215
8217
8220
8221
8224
8225
8226
8227
8228
8229
8230
8231
8232
8233
8235
8237
8238
8239
8240
8241
8245
8248
8249
8252
8253
8257
8258
8260
8262
8263
8264
8267
8269
8273
8274
8276
8277
8278
8279
8280
8282
8284
8285
8287
8289
8290
8291
8292
8297
8298
8299
8300
8301
8303
8306
8308
8309
8310
8311
8313
8315
8317
8319
8320
8322
8323
8324
8325
8327
8328
8333
8336
8339
8342
8343
8347
8351
8356
8357
8358
8359
8363
8364
8365
8368
8369
8372
8373
8374
8375
8377
8384
8385
8386
8387
8390
8391
8392
8394
8396
8397
8398
8400
8404
8407
8408
8409
8410
8412
8413
8414
8415
8420
8422
8424
8425
8427
8428
8432
8433
8436
8438
8439
8441
8443
8447
8448
8450
8451
8454
8455
8457
8458
8463
8464
8465
8467
8468
8469
8472
8475
8478
8479
8481
8484
8487
8488
8490
8491
8492
8493
8494
8495
8496
8497
8500
8501
8504
8506
8508
8511
8512
8513
8516
8519
8520
8521
8522
8524
8525
8527
8530
8532
8533
8537
8538
8539
8540
8542
8543
8546
8547
8549
8550
8555
8556
8560
8561
8562
8564
8565
8569
8570
8571
8575
8577
8580
8581
8582
8583
8586
8590
8591
8595
8596
8599
8601
8603
8604
8605
8606
8607
8608
8609
8610
8611
8612
8614
8617
8620
8621
8625
8627
8628
8629
8630
8631
8632
8635
8636
8640
8641
8644
8645
8646
8647
8649
8651
8653
8654
8659
8661
8662
8667
8669
8670
8672
8675
8682
8684
8688
8689
8694
8695
8696
8697
8698
8699
8701
8703
8706
8708
8711
8712
8713
8714
8717
8718
8719
8720
8721
8724
8726
8728
8729
8731
8740
8742
8743
8744
8745
8746
8747
8749
8750
8752
8753
8754
8755
8757
8760
8764
8767
8768
8770
8771
8775
8776
8778
8779
8780
8781
8782
8785
8786
8789
8793
8795
8799
8800
8802
8803
8804
8805
8807
8808
8812
8814
8817
8821
8822
8823
8824
8827
8832
8833
8834
8838
8844
8846
8847
8849
8850
8853
8854
8856
8858
8859
8863
8865
8866
8869
8872
8873
8874
8877
8878
8881
8888
8889
8890
8891
8897
8901
8902
8903
8904
8905
8906
8909
8911
8912
8914
8915
8918
8921
8923
8927
8929
8931
8933
8935
8938
8939
8940
8941
8945
8948
8949
8951
8955
8957
8959
8963
8964
8965
8970
8972
8973
8977
8978
8979
8981
8984
8985
8986
8987
8990
8992
8994
8997
9000
9001
9002
9003
9004
9006
9009
9010
9011
9012
9014
9015
9016
9018
9020
9022
9023
9024
9025
9026
9027
9032
9033
9036
9038
9040
9043
9044
9046
9048
9049
9051
9053
9054
9055
9056
9058
9060
9062
9063
9065
9066
9067
9068
9071
9074
9075
9077
9079
9080
9081
9086
9088
9092
9093
9096
9098
9099
9105
9106
9107
9108
9109
9111
9112
9114
9115
9116
9120
9121
9122
9123
9124
9126
9127
9129
9130
9131
9135
9137
9138
9139
9140
9142
9143
9145
9147
9150
9151
9152
9153
9154
9157
9158
9159
9160
9161
9163
9164
9166
9168
9169
9170
9171
9172
9176
9178
9180
9182
9183
9184
9186
9187
9192
9193
9194
9196
9198
9199
9201
9202
9204
9205
9207
9211
9214
9216
9220
9221
9223
9224
9225
9228
9229
9232
9234
9235
9236
9237
9240
9241
9244
9245
9249
9251
9252
9253
9254
9255
9257
9259
9261
9262
9265
9268
9270
9271
9273
9274
9277
9278
9280
9281
9282
9283
9284
9285
9287
9288
9291
9292
9293
9294
9296
9297
9301
9302
9305
9309
9310
9311
9312
9314
9315
9316
9317
9318
9322
9324
9325
9327
9331
9332
9333
9335
9336
9338
9339
9340
9342
9343
9344
9345
9346
9347
9348
9351
9353
9355
9356
9360
9361
9362
9363
9364
9368
9369
9371
9373
9375
9376
9377
9378
9379
9380
9384
9387
9388
9389
9390
9391
9393
9394
9398
9399
9401
9402
9404
9405
9409
9411
9412
9413
9414
9415
9416
9419
9425
9427
9428
9429
9432
9433
9434
9435
9437
9440
9442
9444
9446
9447
9450
9451
9453
9455
9456
9459
9460
9465
9468
9471
9472
9473
9474
9477
9479
9480
9481
9482
9483
9485
9486
9489
9491
9492
9494
9495
9496
9497
9498
9499
9500
9502
9503
9505
9506
9507
9509
9511
9512
9513
9514
9515
9516
9518
9519
9520
9522
9523
9524
9525
9526
9529
9530
9531
9532
9533
9534
9535
9536
9538
9546
9547
9550
9551
9553
9555
9556
9559
9562
9563
9565
9567
9568
9569
9572
9573
9575
9577
9581
9582
9583
9586
9587
9589
9592
9595
9596
9599
9600
9601
9602
9603
9607
9613
9616
9617
9618
9619
9620
9621
9622
9626
9627
9629
9630
9635
9636
9640
9643
9644
9646
9651
9652
9653
9654
9656
9660
9661
9662
9663
9664
9667
9668
9671
9672
9674
9676
9677
9678
9682
9683
9685
9686
9687
9688
9689
9690
9691
9693
9696
9698
9700
9701
9702
9706
9707
9708
9709
9712
9713
9714
9715
9716
9717
9718
9720
9723
9724
9725
9726
9727
9728
9729
9730
9731
9732
9733
9734
9738
9745
9746
9747
9749
9752
9754
9755
9756
9758
9760
9761
9762
9763
9771
9773
9777
9778
9779
9782
9783
9786
9790
9791
9793
9794
9796
9799
9800
9802
9807
9808
9811
9812
9813
9814
9815
9818
9821
9823
9826
9827
9828
9830
9831
9833
9834
9835
9837
9839
9840
9841
9842
9844
9845
9846
9847
9848
9849
9850
9851
9854
9855
9857
9858
9860
9862
9864
9865
9868
9869
9870
9871
9873
9874
9875
9876
9877
9878
9879
9881
9883
9885
9888
9889
9894
9897
9898
9899
9900
9901
9902
9906
9908
9910
9913
9914
9915
9918
9919
9923
9926
9929
9931
9934
9935
9936
9938
9939
9940
9941
9942
9944
9946
9951
9952
9955
9956
9958
9960
9961
9964
9965
9966
9967
9969
9971
9973
9975
9977
9979
9983
9985
9987
9988
9991
9992
9993
9996
9998
9999
10000
10002
10003
10007
10008
10011
10012
10015
10017
10018
10020
10021
10024
10025
10026
10027
10028
10029
10030
10031
10035
10036
10037
10039
10041
10042
10044
10045
10047
10048
10049
10051
10054
10055
10057
10059
10060
10061
10063
10066
10071
10072
10074
10078
10079
10080
10081
10083
10086
10087
10088
10092
10096
10098
10099
10100
10101
10103
10104
10105
10106
10107
10109
10110
10113
10114
10116
10119
10120
10123
10125
10126
10129
10131
10132
10133
10134
10136
10137
10138
10140
10142
10143
10144
10145
10148
10149
10151
10152
10153
10154
10156
10157
10158
10163
10165
10168
10171
10172
10173
10174
10175
10177
10178
10180
10181
10183
10185
10188
10191
10194
10199
10200
10201
10203
10207
10209
10210
10214
10216
10219
10220
10222
10223
10224
10225
10227
10230
10231
10235
10236
10237
10238
10239
10240
10242
10244
10245
10247
10249
10251
10252
10254
10256
10259
10263
10264
10267
10269
10270
10272
10273
10275
10277
10278
10281
10282
10285
10286
10289
10290
10291
10292
10293
10294
10297
10300
10303
10307
10308
10312
10313
10315
10316
10317
10320
10323
10324
10326
10329
10331
10335
10337
10338
10339
10340
10341
10346
10349
10350
10352
10355
10356
10358
10360
10362
10363
10365
10368
10371
10372
10373
10375
10376
10378
10379
10381
10383
10384
10386
10387
10388
10391
10392
10393
10395
10397
10399
10400
10401
10404
10405
10406
10409
10414
10415
10416
10417
10418
10420
10421
10422
10423
10424
10425
10427
10429
10432
10435
10437
10441
10442
10443
10444
10447
10449
10450
10453
10454
10455
10456
10457
10459
10462
10463
10464
10465
10466
10470
10471
10474
10475
10478
10479
10481
10484
10486
10487
10488
10489
10490
10491
10494
10495
10496
10497
10499
10502
10505
10509
10513
10514
10517
10520
10521
10522
10523
10526
10527
10530
10531
10532
10534
10536
10537
10540
10541
10544
10545
10547
10548
10551
10552
10556
10557
10560
10562
10565
10566
10568
10570
10571
10574
10577
10578
10580
10583
10584
10585
10587
10588
10591
10592
10600
10603
10604
10609
10610
10612
10613
10614
10617
10618
10619
10622
10623
10625
10628
10631
10632
10634
10638
10639
10641
10642
10644
10645
10646
10647
10649
10652
10653
10654
10655
10659
10660
10663
10664
10666
10668
10670
10671
10674
10675
10678
10680
10681
10682
10684
10685
10686
10687
10688
10689
10690
10692
10693
10695
10696
10699
10703
10706
10709
10710
10712
10715
10717
10718
10719
10721
10723
10724
10727
10728
10729
10735
10736
10737
10738
10739
10742
10743
10745
10746
10747
10748
10750
10753
10754
10757
10761
10763
10765
10769
10773
10774
10775
10776
10777
10778
10779
10781
10782
10784
10785
10786
10787
10789
10793
10794
10796
10797
10799
10800
10801
10802
10804
10805
10807
10808
10809
10810
10811
10812
10813
10816
10822
10828
10829
10830
10831
10838
10840
10841
10842
10850
10851
10852
10854
10856
10857
10858
10859
10862
10865
10868
10870
10871
10874
10875
10877
10878
10879
10880
10881
10883
10884
10885
10886
10887
10889
10890
10891
10892
10897
10899
10900
10901
10907
10909
10911
10912
10913
10915
10916
10917
10918
10920
10921
10923
10924
10927
10930
10932
10934
10935
10937
10939
10942
10943
10945
10946
10949
10950
10951
10952
10956
10957
10958
10959
10962
10963
10967
10968
10969
10972
10974
10976
10978
10980
10982
10985
10986
10987
10991
10992
10995
11000
11002
11003
11004
11006
11007
11008
11009
11011
11014
11015
11019
11021
11022
11026
11028
11029
11030
11032
11034
11038
11039
11040
11041
11045
11047
11048
11053
11054
11055
11057
11063
11064
11065
11066
11071
11072
11075
11076
11080
11083
11085
11086
11087
11088
11089
11090
11092
11094
11095
11096
11097
11100
11101
11102
11103
11104
11107
11108
11111
11112
11116
11118
11119
11120
11121
11122
11125
11127
11128
11130
11132
11133
11134
11137
11138
11139
11141
11142
11143
11146
11149
11150
11151
11152
11156
11158
11160
11163
11164
11166
11170
11171
11172
11173
11174
11176
11180
11181
11185
11186
11188
11189
11200
11203
11205
11208
11211
11214
11216
11218
11220
11221
11222
11223
11228
11229
11234
11237
11238
11241
11243
11245
11247
11250
11251
11254
11258
11261
11263
11264
11265
11267
11269
11270
11271
11272
11275
11277
11280
11281
11283
11284
11285
11290
11291
11293
11294
11295
11297
11298
11299
11300
11304
11307
11308
11311
11313
11316
11318
11321
11322
11323
11327
11329
11331
11332
11333
11334
11336
11338
11340
11341
11342
11343
11348
11349
11350
11351
11352
11357
11358
11359
11360
11361
11363
11364
11365
11366
11367
11369
11371
11374
11377
11380
11381
11382
11386
11389
11390
11391
11393
11394
11398
11399
11400
11401
11402
11404
11406
11407
11411
11412
11413
11416
11417
11421
11425
11426
11427
11428
11429
11431
11433
11435
11438
11439
11440
11441
11444
11446
11447
11451
11452
11453
11454
11455
11457
11459
11460
11463
11464
11467
11470
11472
11473
11475
11478
11479
11481
11483
11485
11489
11491
11492
11497
11499
11501
11503
11504
11506
11507
11508
11509
11512
11515
11517
11519
11520
11522
11524
11525
11526
11528
11530
11533
11536
11540
11541
11543
11544
11545
11549
11550
11551
11554
11556
11557
11558
11561
11562
11564
11567
11569
11570
11573
11575
11577
11579
11580
11582
11583
11587
11588
11590
11592
11596
11597
11599
11600
11601
11603
11607
11608
11609
11610
11612
11613
11614
11615
11617
11618
11619
11622
11623
11627
11628
11629
11633
11634
11636
11638
11641
11642
11645
11648
11649
11650
11653
11658
11659
11661
11664
11666
11671
11674
11675
11678
11679
11682
11684
11686
11687
11689
11691
11692
11694
11695
11700
11702
11703
11706
11707
11708
11710
11712
11716
11718
11719
11720
11721
11723
11725
11728
11729
11731
11733
11734
11736
11737
11739
11742
11744
11746
11750
11752
11753
11757
11758
11759
11760
11765
11767
11768
11769
11770
11771
11772
11773
11775
11776
11780
11783
11785
11786
11788
11789
11791
11792
11793
11794
11796
11798
11799
11800
11801
11802
11804
11805
11806
11809
11810
11812
11821
11824
11826
11827
11829
11832
11833
11834
11835
11836
11840
11842
11846
11848
11851
11855
11856
11860
11866
11867
11872
11873
11876
11877
11878
11879
11880
11881
11882
11885
11888
11889
11891
11892
11895
11898
11901
11902
11903
11904
11905
11907
11911
11913
11915
11917
11918
11919
11921
11925
11927
11929
11931
11932
11933
11934
11935
11938
11939
11940
11941
11943
11947
11948
11949
11950
11951
11952
11953
11954
11959
11960
11962
11966
11968
11971
11972
11973
11975
11981
11982
11983
11987
11990
11994
11995
11997
11998
11999
12000
12001
12002
12004
12005
12009
12010
12014
12017
12018
12019
12021
12023
12024
12027
12028
12029
12030
12031
12033
12034
12036
12037
12039
12043
12044
12048
12050
12052
12053
12056
12057
12058
12065
12066
12068
12070
12073
12075
12076
12077
12078
12080
12081
12083
12086
12089
12092
12093
12095
12096
12099
12102
12103
12104
12106
12107
12108
12109
12110
12111
12112
12114
12115
12116
12118
12120
12121
12128
12133
12136
12139
12140
12141
12142
12144
12146
12148
12150
12151
12154
12155
12156
12157
12160
12162
12164
12165
12166
12169
12170
12172
12180
12183
12184
12188
12189
12190
12192
12193
12194
12196
12197
12198
12200
12201
12202
12203
12204
12205
12206
12209
12211
12212
12213
12214
12215
12216
12217
12218
12220
12221
12222
12223
12224
12225
12229
12233
12234
12235
12236
12238
12240
12241
12243
12245
12246
12247
12249
12250
12251
12252
12254
12257
12258
12259
12260
12261
12262
12264
12267
12270
12271
12272
12273
12275
12276
12277
12278
12280
12282
12284
12287
12289
12290
12296
12297
12298
12299
12300
12304
12305
12306
12307
12309
12311
12313
12316
12318
12319
12320
12322
12323
12327
12332
12334
12335
12336
12340
12341
12342
12343
12346
12350
12351
12352
12356
12359
12361
12362
12363
12364
12367
12370
12371
12372
12373
12374
12375
12377
12378
12379
12380
12381
12382
12383
12387
12392
12395
12396
12398
12399
12400
12401
12403
12404
12409
12410
12414
12418
12420
12421
12424
12429
12430
12432
12433
12436
12437
12442
12443
12447
12449
12450
12451
12452
12454
12458
12460
12461
12462
12463
12464
12465
12466
12470
12472
12473
12474
12475
12479
12480
12482
12484
12485
12486
12488
12489
12491
12492
12495
12497
12499
12500
12506
12509
12511
12512
12513
12516
12518
12519
12520
12521
12523
12525
12526
12527
12529
12531
12535
12537
12538
12539
12540
12541
12542
12543
12544
12545
12546
12547
12551
12555
12556
12558
12559
12561
12562
12563
12564
12565
12566
12572
12573
12574
12575
12576
12577
12579
12580
12582
12584
12588
12592
12593
12597
12599
12602
12608
12611
12612
12614
12617
12619
12620
12622
12623
12624
12625
12627
12629
12632
12633
12635
12636
12639
12642
12643
12646
12647
12650
12651
12655
12657
12658
12660
12662
12664
12669
12670
12671
12672
12673
12676
12677
12680
12682
12684
12686
12688
12690
12691
12692
12695
12697
12698
12699
12700
12702
12703
12704
12709
12710
12715
12717
12718
12719
12720
12724
12726
12727
12728
12729
12730
12731
12732
12733
12735
12738
12740
12742
12743
12745
12747
12748
12750
12752
12760
12761
12762
12765
12766
12767
12768
12769
12771
12773
12774
12775
12776
12779
12780
12781
12785
12787
12791
12792
12793
12795
12796
12798
12801
12802
12803
12804
12806
12809
12811
12812
12813
12814
12816
12819
12822
12827
12828
12830
12831
12832
12838
12839
12840
12841
12843
12844
12845
12848
12850
12852
12853
12854
12855
12856
12858
12859
12861
12865
12866
12868
12869
12871
12872
12874
12879
12881
12882
12886
12887
12888
12889
12891
12892
12893
12898
12899
12900
12902
12905
12907
12908
12911
12915
12916
12918
12919
12921
12922
12924
12927
12928
12929
12931
12932
12934
12935
12936
12939
12941
12942
12943
12945
12947
12951
12952
12953
12956
12960
12962
12964
12965
12966
12967
12969
12970
12971
12972
12973
12975
12976
12980
12981
12982
12984
12985
12986
12987
12990
12993
12994
12997
13000
13001
13002
13006
13010
13020
13023
13025
13026
13029
13030
13033
13034
13036
13039
13041
13043
13044
13045
13048
13049
13051
13054
13055
13058
13061
13062
13063
13064
13065
13066
13069
13070
13073
13079
13082
13084
13086
13089
13091
13095
13097
13098
13099
13101
13102
13103
13104
13105
13108
13109
13110
13112
13113
13115
13120
13121
13122
13124
13127
13128
13130
13136
13138
13139
13141
13143
13145
13146
13149
13151
13152
13153
13154
13159
13162
13163
13164
13165
13166
13170
13177
13180
13182
13184
13185
13187
13190
13196
13199
13200
13204
13205
13206
13208
13209
13210
13213
13214
13215
13218
13219
13220
13221
13223
13224
13226
13227
13228
13229
13231
13232
13235
13236
13238
13239
13240
13241
13243
13244
13245
13246
13247
13248
13249
13252
13254
13255
13257
13258
13260
13261
13264
13266
13268
13269
13270
13271
13272
13273
13275
13276
13277
13278
13279
13281
13284
13286
13288
13289
13290
13291
13293
13294
13295
13296
13298
13302
13309
13311
13312
13315
13316
13317
13319
13320
13321
13327
13328
13332
13335
13336
13337
13338
13342
13343
13345
13349
13351
13352
13353
13357
13359
13360
13361
13362
13364
13365
13368
13370
13373
13379
13380
13381
13382
13383
13384
13385
13387
13390
13391
13394
13395
13396
13397
13400
13401
13402
13403
13404
13405
13407
13408
13410
13413
13417
13418
13420
13421
13422
13425
13426
13428
13429
13431
13432
13433
13434
13438
13439
13441
13443
13445
13446
13449
13451
13453
13454
13455
13459
13460
13461
13463
13465
13467
13468
13471
13474
13477
13478
13479
13481
13482
13483
13487
13489
13490
13494
13495
13497
13500
13503
13504
13505
13508
13509
13510
13512
13513
13514
13516
13519
13521
13522
13523
13524
13525
13527
13528
13529
13530
13532
13533
13534
13536
13543
13544
13545
13548
13549
13551
13555
13558
13559
13563
13564
13566
13568
13569
13570
13571
13572
13573
13574
13575
13576
13581
13584
13586
13587
13588
13591
13592
13594
13595
13596
13599
13600
13601
13603
13605
13606
13608
13610
13611
13613
13615
13617
13618
13620
13621
13625
13627
13628
13629
13630
13637
13639
13641
13642
13644
13647
13649
13654
13655
13657
13658
13661
13662
13663
13664
13666
13667
13668
13670
13674
13675
13676
13679
13680
13681
13685
13688
13690
13691
13694
13698
13700
13702
13706
13710
13713
13714
13717
13719
13720
13721
13724
13725
13726
13728
13729
13731
13733
13734
13735
13738
13739
13740
13746
13747
13748
13750
13751
13753
13755
13756
13757
13758
13759
13761
13762
13766
13768
13769
13771
13777
13778
13779
13780
13781
13782
13783
13785
13786
13787
13790
13792
13793
13794
13795
13798
13800
13803
13804
13807
13808
13810
13811
13812
13813
13814
13815
13818
13819
13820
13821
13822
13823
13824
13826
13827
13829
13831
13833
13834
13836
13837
13838
13842
13845
13846
13847
13848
13849
13850
13851
13852
13853
13856
13858
13860
13861
13863
13865
13866
13867
13868
13869
13871
13872
13873
13874
13875
13877
13878
13880
13885
13889
13891
13892
13897
13899
13900
13902
13903
13904
13906
13907
13908
13910
13911
13914
13915
13916
13917
13919
13920
13922
13925
13926
13929
13930
13935
13936
13937
13940
13941
13942
13944
13945
13946
13947
13950
13951
13954
13958
13960
13962
13968
13971
13972
13973
13974
13975
13978
13980
13981
13982
13983
13985
13992
13993
13995
13996
13998
13999
14001
14003
14006
14007
14012
14013
14017
14021
14022
14023
14026
14027
14028
14029
14030
14031
14036
14038
14039
14042
14043
14046
14050
14051
14053
14055
14057
14058
14060
14064
14066
14070
14073
14074
14078
14079
14081
14082
14083
14085
14087
14089
14090
14091
14093
14094
14095
14104
14105
14107
14108
14114
14115
14117
14118
14119
14120
14122
14123
14124
14125
14126
14128
14129
14130
14131
14134
14135
14136
14141
14144
14145
14146
14147
14148
14149
14151
14152
14157
14158
14159
14161
14166
14169
14173
14174
14175
14176
14177
14184
14185
14189
14192
14193
14195
14197
14198
14200
14203
14204
14205
14206
14207
14209
14210
14211
14215
14216
14217
14220
14221
14224
14226
14227
14228
14229
14230
14231
14237
14239
14240
14242
14243
14244
14246
14248
14249
14251
14253
14256
14258
14259
14261
14262
14263
14264
14266
14268
14270
14271
14272
14275
14276
14279
14280
14282
14284
14289
14291
14293
14294
14295
14300
14302
14304
14306
14307
14308
14309
14314
14315
14317
14319
14320
14322
14323
14324
14326
14327
14328
14330
14332
14336
14338
14339
14341
14342
14345
14346
14348
14349
14351
14353
14354
14356
14358
14359
14360
14361
14363
14364
14366
14367
14371
14373
14374
14376
14381
14382
14383
14385
14386
14387
14388
14389
14393
14394
14399
14402
14403
14404
14406
14407
14413
14415
14418
14421
14422
14423
14425
14428
14429
14430
14431
14437
14438
14439
14444
14446
14447
14448
14450
14451
14455
14456
14460
14463
14468
14469
14472
14474
14475
14476
14477
14478
14479
14480
14483
14484
14485
14486
14487
14490
14492
14493
14495
14496
14497
14498
14501
14502
14503
14504
14505
14506
14508
14512
14513
14514
14516
14517
14521
14522
14523
14525
14527
14529
14530
14531
14534
14536
14537
14538
14539
14541
14542
14544
14547
14548
14549
14550
14552
14554
14556
14560
14563
14564
14567
14569
14570
14574
14578
14579
14581
14582
14583
14586
14587
14588
14590
14591
14602
14603
14605
14607
14608
14609
14611
14612
14614
14617
14618
14619
14622
14624
14625
14628
14629
14634
14635
14637
14640
14641
14642
14646
14649
14650
14651
14653
14655
14656
14659
14660
14665
14666
14667
14668
14672
14673
14674
14675
14676
14677
14678
14680
14681
14684
14685
14687
14689
14691
14692
14693
14695
14696
14701
14702
14703
14704
14705
14707
14709
14710
14712
14714
14716
14717
14718
14719
14720
14722
14723
14726
14729
14730
14731
14734
14735
14738
14740
14742
14744
14745
14747
14748
14749
14750
14753
14754
14757
14758
14760
14761
14762
14764
14766
14768
14769
14770
14771
14772
14773
14775
14780
14781
14787
14788
14790
14793
14794
14797
14799
14800
14802
14803
14804
14806
14813
14814
14815
14818
14820
14821
14822
14823
14824
14825
14826
14827
14828
14830
14831
14833
14834
14836
14838
14840
14842
14843
14844
14845
14846
14847
14852
14853
14854
14856
14859
14862
14865
14866
14867
14869
14870
14872
14874
14875
14876
14878
14879
14881
14882
14887
14892
14893
14894
14895
14896
14898
14899
14902
14903
14907
14908
14909
14911
14913
14914
14915
14919
14920
14921
14924
14927
14929
14931
14932
14935
14942
14944
14946
14950
14951
14952
14953
14955
14956
14957
14959
14961
14963
14965
14966
14968
14970
14971
14973
14977
14978
14979
14980
14981
14982
14983
14989
14991
14992
14994
14995
14999
15003
15007
15011
15012
15013
15015
15016
15017
15018
15020
15025
15031
15032
15034
15035
15036
15039
15041
15042
15046
15047
15049
15051
15052
15053
15054
15055
15056
15058
15059
15060
15062
15063
15064
15065
15068
15069
15073
15074
15075
15078
15079
15080
15083
15085
15088
15089
15091
15093
15094
15096
15098
15100
15101
15104
15105
15107
15108
15109
15111
15112
15114
15115
15117
15118
15120
15122
15123
15124
15125
15126
15128
15129
15130
15131
15132
15134
15136
15137
15138
15139
15140
15141
15142
15146
15148
15149
15151
15154
15155
15156
15157
15159
15160
15161
15166
15168
15169
15172
15176
15179
15180
15181
15182
15185
15189
15192
15194
15196
15198
15199
15200
15201
15202
15207
15209
15210
15211
15212
15214
15215
15216
15220
15222
15223
15224
15226
15227
15229
15230
15231
15238
15240
15243
15244
15245
15246
15249
15250
15251
15253
15254
15256
15257
15260
15261
15262
15263
15264
15266
15268
15270
15272
15273
15274
15275
15276
15277
15279
15281
15284
15285
15286
15291
15292
15293
15294
15299
15300
15301
15302
15307
15308
15309
15310
15314
15316
15317
15319
15320
15321
15322
15323
15324
15326
15329
15331
15332
15333
15334
15337
15338
15340
15350
15353
15355
15357
15360
15361
15362
15363
15364
15365
15368
15369
15370
15371
15373
15374
15376
15378
15379
15381
15384
15385
15388
15392
15393
15394
15395
15397
15403
15406
15407
15408
15409
15412
15414
15415
15418
15419
15424
15425
15430
15431
15432
15437
15438
15439
15440
15442
15445
15448
15453
15454
15457
15458
15460
15461
15463
15466
15467
15469
15470
15471
15476
15479
15480
15481
15483
15484
15485
15486
15487
15488
15490
15491
15492
15501
15502
15503
15507
15509
15510
15511
15512
15513
15514
15516
15519
15520
15522
15523
15524
15526
15527
15529
15531
15532
15536
15538
15540
15541
15542
15545
15546
15547
15548
15549
15551
15553
15554
15556
15557
15559
15560
15561
15564
15567
15568
15570
15573
15575
15580
15581
15582
15584
15585
15586
15587
15588
15589
15590
15593
15594
15595
15597
15598
15599
15602
15604
15608
15611
15613
15614
15615
15616
15617
15621
15625
15626
15628
15634
15637
15638
15640
15641
15642
15643
15644
15646
15647
15648
15651
15655
15656
15657
15659
15660
15663
15664
15665
15667
15668
15669
15671
15672
15673
15676
15679
15680
15682
15684
15686
15688
15689
15691
15692
15697
15699
15702
15704
15708
15709
15710
15712
15713
15714
15715
15723
15724
15726
15727
15728
15729
15732
15733
15736
15740
15741
15744
15745
15746
15750
15752
15753
15764
15765
15766
15768
15770
15774
15775
15777
15780
15781
15784
15785
15789
15792
15793
15794
15795
15796
15797
15799
15801
15803
15804
15805
15810
15813
15816
15818
15821
15823
15824
15826
15828
15829
15830
15831
15832
15834
15838
15839
15841
15842
15843
15844
15851
15852
15853
15855
15856
15857
15859
15862
15863
15864
15865
15867
15868
15869
15870
15871
15872
15873
15875
15876
15877
15880
15882
15883
15887
15889
15890
15893
15896
15898
15900
15901
15903
15904
15905
15906
15907
15910
15911
15912
15915
15919
15921
15922
15924
15925
15926
15928
15930
15932
15933
15934
15938
15939
15940
15941
15942
15943
15944
15946
15948
15954
15955
15957
15959
15961
15962
15963
15964
15965
15966
15967
15968
15970
15972
15973
15974
15976
15977
15978
15979
15980
15984
15985
15986
15987
15988
15989
15990
15992
15994
15996
15999
16000
16001
16002
16004
16007
16008
16010
16013
16014
16016
16018
16021
16022
16023
16024
16026
16028
16029
16030
16032
16038
16039
16040
16044
16046
16047
16048
16052
16053
16054
16055
16056
16057
16059
16061
16064
16065
16066
16069
16070
16071
16072
16073
16075
16076
16077
16078
16079
16081
16082
16083
16087
16088
16089
16091
16097
16098
16103
16104
16105
16107
16108
16110
16111
16112
16113
16116
16117
16121
16125
16126
16127
16128
16129
16130
16131
16132
16133
16134
16139
16140
16141
16142
16143
16144
16146
16147
16152
16153
16157
16159
16161
16162
16165
16167
16170
16171
16173
16174
16177
16178
16179
16180
16181
16186
16187
16189
16191
16192
16194
16195
16200
16201
16204
16206
16208
16211
16214
16215
16217
16218
16219
16220
16221
16222
16224
16225
16226
16227
16228
16229
16230
16231
16232
16233
16236
16237
16240
16243
16245
16250
16255
16256
16257
16259
16263
16264
16266
16268
16270
16273
16275
16277
16281
16283
16284
16287
16288
16289
16290
16291
16293
16294
16295
16296
16297
16299
16304
16306
16307
16308
16310
16311
16312
16313
16315
16316
16318
16320
16321
16322
16324
16325
16328
16329
16330
16332
16334
16336
16338
16339
16341
16343
16346
16347
16349
16350
16352
16353
16357
16359
16362
16364
16365
16368
16369
16370
16371
16374
16379
16380
16381
16383
16384
16385
16389
16390
16392
16394
16396
16397
16398
16399
16403
16404
16405
16406
16409
16412
16418
16421
16422
16424
16426
16428
16429
16430
16435
16439
16443
16445
16448
16451
16452
16454
16455
16457
16462
16465
16466
16468
16469
16471
16472
16473
16478
16480
16483
16485
16486
16487
16488
16489
16490
16491
16492
16493
16496
16497
16498
16499
16505
16508
16509
16510
16512
16513
16514
16515
16516
16517
16518
16519
16521
16523
16527
16528
16529
16530
16533
16535
16537
16538
16539
16540
16541
16542
16544
16545
16548
16549
16553
16554
16556
16559
16560
16563
16565
16566
16568
16570
16571
16572
16573
16574
16575
16576
16578
16580
16581
16582
16583
16584
16586
16588
16590
16591
16592
16593
16594
16595
16596
16597
16605
16606
16608
16609
16612
16615
16622
16623
16624
16631
16635
16636
16641
16643
16644
16647
16650
16651
16652
16656
16657
16659
16660
16662
16666
16669
16671
16673
16674
16675
16677
16678
16679
16680
16683
16686
16690
16693
16695
16697
16698
16699
16700
16701
16707
16708
16709
16710
16711
16712
16714
16715
16716
16717
16720
16721
16722
16723
16726
16727
16729
16730
16735
16736
16737
16738
16739
16741
16742
16744
16746
16747
16749
16751
16753
16756
16763
16764
16765
16766
16767
16771
16775
16778
16779
16781
16783
16784
16786
16787
16788
16789
16791
16792
16793
16803
16804
16805
16806
16807
16808
16810
16811
16812
16820
16821
16823
16824
16827
16829
16831
16833
16834
16836
16844
16847
16848
16849
16855
16856
16857
16858
16859
16860
16862
16864
16866
16868
16871
16874
16875
16876
16880
16882
16883
16885
16886
16887
16888
16890
16892
16895
16896
16899
16900
16901
16902
16903
16904
16905
16907
16911
16913
16915
16918
16919
16920
16921
16922
16923
16927
16929
16930
16931
16933
16935
16936
16938
16939
16940
16945
16947
16948
16949
16951
16954
16955
16956
16957
16961
16962
16964
16966
16967
16969
16972
16974
16976
16978
16979
16980
16981
16982
16983
16984
16985
16987
16988
16991
16992
16993
16995
16996
16998
17000
17002
17003
17004
17005
17006
17007
17009
17011
17012
17013
17014
17016
17017
17019
17020
17021
17023
17025
17026
17027
17031
17034
17035
17036
17039
17042
17043
17045
17046
17048
17049
17050
17051
17052
17053
17056
17057
17059
17060
17067
17069
17070
17071
17072
17075
17076
17078
17079
17081
17082
17083
17084
17086
17088
17090
17091
17092
17094
17099
17100
17102
17104
17106
17108
17109
17110
17113
17114
17116
17117
17120
17121
17122
17124
17126
17128
17132
17144
17146
17148
17149
17151
17152
17154
17156
17157
17159
17160
17161
17163
17165
17166
17167
17168
17169
17171
17172
17173
17175
17181
17184
17186
17187
17188
17189
17191
17193
17194
17195
17198
17199
17201
17202
17203
17204
17206
17207
17209
17211
17212
17213
17221
17223
17224
17225
17226
17228
17230
17232
17235
17237
17239
17240
17242
17243
17244
17245
17249
17251
17252
17253
17254
17255
17256
17257
17260
17261
17262
17263
17265
17267
17272
17273
17279
17280
17281
17283
17284
17286
17287
17288
17289
17292
17293
17295
17296
17297
17298
17300
17301
17302
17306
17307
17308
17309
17311
17312
17314
17316
17319
17320
17321
17324
17329
17330
17332
17333
17334
17335
17336
17337
17338
17339
17345
17347
17348
17349
17351
17352
17357
17360
17363
17365
17366
17367
17369
17371
17373
17375
17376
17377
17378
17379
17380
17388
17389
17390
17391
17393
17398
17400
17401
17408
17410
17411
17413
17416
17418
17419
17421
17422
17423
17424
17425
17426
17427
17428
17429
17430
17431
17436
17438
17439
17440
17441
17442
17444
17446
17450
17454
17461
17462
17466
17470
17472
17473
17477
17478
17481
17488
17489
17493
17496
17497
17498
17499
17501
17503
17504
17506
17507
17508
17509
17510
17512
17515
17517
17518
17520
17521
17522
17523
17526
17527
17528
17529
17530
17535
17540
17542
17543
17547
17548
17549
17553
17554
17555
17560
17561
17562
17564
17566
17567
17568
17571
17572
17573
17574
17575
17576
17577
17578
17579
17580
17582
17587
17588
17589
17590
17591
17594
17595
17596
17599
17600
17603
17604
17608
17615
17620
17621
17622
17623
17624
17626
17627
17628
17629
17631
17633
17634
17636
17637
17640
17644
17645
17647
17648
17657
17658
17659
17660
17662
17663
17664
17667
17668
17669
17671
17672
17676
17677
17678
17679
17682
17683
17684
17685
17686
17687
17688
17695
17698
17699
17701
17703
17704
17706
17707
17711
17713
17714
17717
17719
17722
17723
17724
17725
17727
17728
17730
17732
17734
17737
17738
17739
17742
17744
17745
17749
17750
17760
17762
17763
17765
17767
17771
17774
17777
17778
17780
17781
17787
17789
17790
17791
17792
17793
17796
17797
17798
17799
17801
17802
17804
17805
17806
17807
17811
17813
17814
17816
17820
17823
17824
17825
17826
17827
17831
17832
17833
17834
17838
17839
17841
17842
17843
17846
17847
17848
17850
17854
17855
17857
17858
17861
17863
17864
17866
17867
17869
17870
17871
17879
17881
17882
17883
17884
17887
17889
17890
17899
17900
17901
17902
17903
17904
17905
17906
17907
17909
17910
17912
17914
17916
17917
17918
17921
17924
17928
17929
17930
17931
17932
17934
17935
17936
17937
17939
17941
17942
17943
17944
17947
17948
17951
17952
17954
17955
17957
17958
17959
17960
17964
17965
17966
17967
17968
17970
17971
17973
17974
17976
17977
17978
17979
17980
17981
17983
17989
17990
17991
17992
17993
17996
17997
18001
18005
18006
18007
18009
18011
18012
18014
18016
18017
18019
18022
18025
18028
18031
18033
18034
18036
18038
18039
18040
18043
18044
18046
18047
18049
18050
18051
18053
18055
18057
18058
18059
18062
18064
18065
18066
18069
18071
18072
18073
18075
18076
18078
18079
18080
18081
18082
18083
18085
18087
18088
18089
18090
18094
18100
18101
18103
18104
18106
18107
18110
18112
18113
18114
18120
18121
18122
18124
18127
18128
18129
18131
18133
18134
18135
18136
18137
18138
18139
18140
18142
18143
18144
18145
18147
18149
18150
18151
18152
18153
18155
18157
18158
18159
18160
18162
18164
18165
18166
18169
18170
18171
18172
18173
18174
18177
18178
18179
18181
18185
18186
18187
18189
18190
18191
18192
18195
18196
18198
18200
18201
18202
18203
18204
18205
18206
18207
18210
18211
18212
18215
18216
18225
18227
18228
18230
18234
18235
18238
18240
18241
18242
18243
18246
18247
18248
18249
18258
18259
18261
18263
18264
18265
18267
18270
18272
18273
18274
18275
18277
18280
18281
18282
18283
18286
18292
18294
18296
18298
18308
18313
18314
18315
18317
18318
18319
18322
18325
18326
18328
18329
18330
18331
18332
18334
18335
18337
18338
18339
18341
18342
18343
18345
18348
18352
18353
18354
18355
18357
18358
18360
18362
18364
18365
18369
18370
18371
18372
18373
18374
18375
18377
18378
18381
18383
18390
18392
18393
18394
18396
18397
18398
18399
18400
18401
18402
18405
18407
18410
18411
18413
18414
18415
18416
18418
18421
18422
18423
18424
18425
18427
18428
18433
18434
18435
18438
18439
18440
18444
18445
18446
18449
18455
18463
18470
18471
18472
18473
18474
18475
18476
18477
18478
18480
18481
18483
18484
18485
18487
18488
18489
18490
18491
18492
18498
18499
18500
18502
18505
18506
18510
18512
18513
18516
18518
18520
18521
18522
18523
18525
18527
18530
18531
18532
18533
18534
18535
18536
18537
18538
18539
18541
18543
18544
18549
18550
18551
18553
18554
18555
18558
18559
18560
18563
18564
18565
18567
18573
18574
18577
18578
18579
18580
18581
18584
18586
18587
18589
18590
18591
18594
18595
18596
18597
18598
18599
18600
18606
18609
18610
18612
18613
18614
18616
18617
18618
18619
18621
18623
18624
18625
18626
18629
18631
18633
18634
18635
18636
18637
18638
18639
18641
18642
18644
18645
18647
18648
18651
18653
18656
18657
18663
18666
18669
18670
18671
18673
18678
18679
18681
18682
18683
18687
18691
18693
18694
18695
18696
18697
18698
18701
18703
18706
18707
18708
18716
18717
18718
18719
18722
18725
18726
18727
18728
18730
18733
18734
18735
18738
18739
18740
18743
18744
18745
18746
18747
18748
18750
18751
18752
18754
18756
18757
18758
18760
18763
18767
18768
18770
18771
18772
18773
18774
18775
18777
18780
18781
18782
18785
18786
18787
18788
18789
18792
18793
18794
18796
18797
18798
18801
18802
18803
18804
18805
18806
18807
18809
18810
18812
18816
18817
18818
18819
18821
18823
18826
18828
18829
18830
18832
18833
18835
18836
18837
18839
18840
18841
18844
18851
18853
18855
18858
18860
18861
18863
18866
18867
18869
18870
18871
18872
18875
18879
18880
18881
18882
18884
18885
18886
18890
18892
18893
18898
18902
18903
18905
18907
18908
18910
18911
18912
18913
18914
18916
18917
18919
18920
18921
18922
18926
18933
18934
18936
18937
18940
18941
18942
18943
18947
18948
18949
18950
18951
18953
18954
18955
18956
18957
18960
18962
18963
18965
18968
18970
18971
18974
18975
18979
18981
18985
18986
18987
18992
18993
18996
18997
18998
18999
19000
19001
19003
19005
19009
19013
19014
19015
19018
19019
19020
19024
19025
19028
19029
19030
19031
19032
19036
19038
19040
19042
19043
19046
19048
19051
19053
19054
19056
19057
19058
19061
19062
19063
19064
19065
19066
19067
19071
19072
19073
19074
19076
19083
19084
19085
19087
19088
19089
19090
19097
19099
19100
19101
19111
19113
19114
19115
19116
19117
19119
19120
19121
19123
19124
19125
19126
19127
19128
19129
19130
19132
19133
19134
19135
19137
19139
19140
19145
19146
19151
19152
19154
19155
19156
19158
19161
19162
19163
19166
19170
19171
19172
19173
19174
19175
19177
19179
19181
19184
19185
19187
19188
19189
19190
19191
19193
19196
19197
19198
19199
19201
19203
19205
19206
19207
19209
19211
19213
19214
19215
19218
19221
19222
19223
19225
19228
19229
19230
19232
19233
19234
19235
19236
19239
19241
19242
19243
19245
19248
19253
19256
19259
19261
19263
19270
19271
19274
19279
19280
19281
19284
19285
19286
19287
19288
19289
19290
19292
19293
19294
19295
19299
19300
19304
19305
19307
19308
19309
19312
19315
19316
19317
19319
19321
19323
19324
19328
19332
19335
19336
19339
19340
19342
19344
19348
19350
19351
19355
19357
19360
19362
19363
19365
19366
19368
19372
19374
19375
19376
19377
19378
19382
19383
19385
19386
19387
19388
19390
19391
19392
19396
19398
19401
19402
19403
19405
19406
19411
19413
19414
19416
19417
19419
19421
19423
19427
19434
19436
19438
19440
19442
19443
19444
19446
19447
19448
19449
19450
19452
19453
19454
19457
19460
19462
19463
19464
19465
19467
19469
19471
19472
19473
19474
19477
19478
19479
19480
19481
19483
19484
19485
19486
19487
19490
19491
19495
19500
19501
19502
19503
19505
19506
19507
19508
19510
19511
19512
19513
19514
19515
19516
19520
19521
19522
19524
19526
19529
19532
19533
19534
19537
19540
19542
19543
19548
19549
19551
19552
19555
19557
19559
19560
19562
19563
19564
19565
19567
19570
19572
19574
19575
19576
19577
19584
19585
19587
19588
19593
19594
19595
19596
19597
19599
19604
19605
19609
19612
19614
19615
19616
19617
19618
19619
19621
19622
19624
19625
19629
19630
19632
19633
19634
19635
19640
19641
19644
19645
19647
19651
19652
19653
19656
19658
19659
19660
19662
19664
19665
19666
19671
19673
19675
19679
19680
19682
19683
19685
19688
19689
19691
19694
19695
19696
19698
19701
19702
19704
19706
19707
19708
19710
19711
19712
19716
19717
19718
19719
19720
19723
19726
19727
19728
19729
19732
19733
19734
19735
19737
19738
19740
19742
19745
19747
19748
19749
19750
19752
19753
19755
19756
19757
19760
19761
19762
19767
19769
19770
19772
19775
19777
19780
19781
19783
19785
19788
19790
19793
19796
19798
19799
19802
19803
19805
19806
19808
19811
19813
19819
19822
19824
19827
19829
19831
19838
19839
19840
19841
19844
19845
19846
19847
19850
19852
19854
19855
19858
19859
19861
19864
19865
19866
19867
19868
19871
19875
19879
19881
19884
19885
19889
19890
19893
19894
19895
19898
19903
19905
19907
19909
19910
19911
19913
19915
19916
19919
19923
19924
19925
19926
19928
19931
19933
19937
19940
19942
19943
19944
19946
19949
19950
19951
19952
19956
19957
19960
19962
19964
19965
19966
19967
19969
19970
19972
19975
19978
19982
19983
19984
19985
19986
19988
19989
19994
19995
19997
19998
19999
20003
20005
20006
20007
20008
20011
20012
20013
20016
20019
20020
20023
20024
20025
20026
20028
20030
20031
20032
20034
20036
20038
20041
20042
20043
20044
20046
20049
20050
20053
20055
20056
20058
20059
20062
20064
20067
20068
20069
20071
20072
20075
20076
20078
20079
20082
20083
20084
20086
20089
20090
20091
20094
20095
20100
20101
20102
20106
20107
20108
20109
20110
20117
20118
20119
20120
20121
20122
20124
20126
20127
20128
20129
20131
20132
20135
20136
20137
20141
20142
20144
20145
20150
20152
20153
20156
20157
20159
20161
20162
20163
20164
20167
20168
20171
20172
20173
20175
20179
20181
20182
20184
20186
20188
20190
20193
20194
20195
20197
20198
20199
20201
20202
20204
20205
20206
20207
20208
20209
20213
20218
20220
20221
20222
20226
20227
20231
20233
20234
20236
20239
20240
20241
20243
20244
20245
20246
20247
20249
20250
20251
20253
20255
20256
20257
20258
20259
20260
20263
20264
20265
20267
20268
20269
20271
20272
20274
20275
20277
20278
20279
20281
20282
20283
20285
20287
20289
20290
20292
20294
20298
20299
20300
20303
20304
20308
20309
20313
20315
20317
20319
20325
20327
20328
20329
20332
20335
20337
20338
20340
20342
20345
20346
20347
20354
20355
20358
20360
20362
20363
20364
20366
20367
20368
20369
20371
20372
20373
20375
20377
20380
20385
20387
20388
20389
20392
20396
20400
20402
20403
20404
20408
20412
20413
20415
20416
20417
20418
20419
20423
20427
20428
20429
20432
20434
20435
20437
20438
20439
20440
20442
20446
20447
20448
20449
20451
20455
20459
20460
20464
20465
20468
20469
20470
20472
20475
20476
20477
20478
20480
20481
20482
20485
20490
20495
20496
20497
20499
20501
20502
20503
20504
20507
20508
20509
20511
20514
20516
20517
20518
20522
20523
20525
20527
20528
20529
20530
20531
20533
20534
20535
20539
20542
20543
20544
20546
20549
20550
20551
20553
20557
20558
20559
20564
20565
20566
20568
20570
20571
20572
20573
20574
20575
20577
20578
20579
20582
20585
20586
20588
20589
20593
20594
20596
20598
20600
20602
20604
20607
20608
20609
20610
20611
20615
20617
20620
20621
20624
20625
20626
20628
20633
20634
20635
20637
20646
20647
20649
20653
20656
20658
20659
20660
20661
20663
20664
20665
20667
20668
20670
20672
20674
20675
20684
20685
20686
20687
20692
20693
20694
20695
20699
20702
20703
20705
20706
20708
20709
20710
20711
20712
20713
20714
20715
20716
20718
20719
20722
20724
20725
20729
20733
20734
20735
20736
20740
20741
20743
20747
20748
20750
20751
20753
20758
20759
20760
20764
20769
20772
20774
20778
20781
20782
20783
20786
20787
20789
20793
20794
20797
20800
20802
20803
20805
20806
20807
20808
20809
20813
20814
20815
20816
20817
20818
20820
20821
20822
20823
20824
20826
20827
20830
20831
20832
20835
20836
20837
20838
20839
20841
20843
20844
20845
20846
20847
20848
20849
20856
20857
20860
20861
20865
20866
20867
20868
20869
20870
20872
20873
20874
20876
20877
20878
20879
20880
20883
20891
20894
20898
20899
20900
20901
20902
20903
20907
20908
20909
20911
20913
20914
20915
20921
20922
20926
20930
20931
20938
20942
20946
20947
20950
20951
20952
20953
20954
20955
20958
20960
20963
20964
20965
20966
20967
20968
20971
20974
20975
20976
20977
20980
20982
20983
20984
20985
20986
20990
20992
20993
20994
20995
20997
20999
21000
21004
21006
21007
21010
21012
21013
21014
21015
21016
21018
21019
21020
21021
21022
21024
21025
21026
21027
21029
21030
21031
21035
21040
21042
21043
21053
21054
21056
21060
21061
21063
21064
21065
21066
21067
21068
21071
21072
21079
21081
21082
21083
21084
21086
21089
21092
21093
21097
21098
21104
21105
21107
21111
21112
21114
21116
21117
21118
21121
21122
21123
21124
21125
21126
21132
21133
21134
21137
21138
21139
21141
21143
21144
21147
21148
21149
21150
21154
21157
21158
21159
21160
21162
21164
21165
21166
21168
21169
21171
21172
21173
21175
21176
21178
21180
21182
21185
21186
21187
21188
21189
21191
21192
21194
21195
21196
21197
21198
21205
21207
21210
21212
21213
21218
21219
21222
21223
21225
21226
21227
21228
21229
21230
21234
21236
21237
21239
21242
21243
21245
21247
21248
21249
21253
21258
21259
21260
21261
21262
21263
21265
21266
21269
21270
21271
21273
21274
21276
21277
21279
21281
21282
21283
21285
21289
21290
21291
21292
21294
21298
21300
21302
21304
21305
21307
21310
21312
21313
21315
21316
21319
21320
21321
21325
21326
21328
21329
21330
21333
21335
21337
21338
21339
21340
21341
21345
21346
21350
21351
21352
21354
21356
21357
21360
21362
21363
21364
21367
21371
21372
21373
21376
21377
21381
21382
21383
21384
21387
21389
21391
21392
21393
21394
21395
21397
21398
21400
21402
21406
21407
21408
21409
21413
21414
21415
21416
21417
21418
21423
21424
21425
21426
21429
21431
21435
21436
21440
21441
21442
21443
21446
21449
21451
21452
21453
21455
21458
21461
21463
21465
21466
21467
21470
21471
21472
21475
21477
21480
21482
21483
21486
21487
21489
21493
21494
21497
21498
21501
21502
21503
21505
21510
21512
21515
21516
21517
21518
21522
21523
21526
21527
21528
21529
21530
21533
21537
21539
21540
21543
21544
21545
21547
21550
21554
21555
21559
21560
21561
21563
21564
21566
21567
21569
21570
21571
21574
21576
21577
21579
21582
21583
21588
21589
21591
21593
21595
21596
21597
21599
21600
21601
21602
21606
21607
21609
21611
21616
21617
21619
21621
21622
21623
21625
21626
21627
21638
21643
21645
21648
21649
21650
21651
21654
21657
21660
21661
21662
21664
21665
21666
21667
21668
21669
21670
21671
21680
21681
21683
21684
21685
21687
21688
21689
21690
21691
21693
21695
21696
21697
21699
21700
21701
21702
21703
21704
21705
21706
21707
21708
21710
21711
21712
21716
21718
21719
21721
21722
21723
21725
21728
21730
21731
21732
21734
21738
21740
21741
21742
21743
21745
21746
21747
21749
21752
21753
21754
21755
21757
21759
21761
21763
21764
21765
21766
21767
21769
21772
21774
21780
21782
21783
21787
21793
21794
21797
21802
21803
21805
21812
21814
21816
21822
21823
21827
21836
21838
21841
21847
21848
21851
21864
21866
21873
21882
21892
21903
21906
21916
21924
21929
21932
21937
21939
21940
21941
21946
21947
21955
21956
21958
21964
21966
21969
21970
21972
21978
21985
21991
21996
22000
22002
22005
22012
22014
22022
22028
22029
22032
22033
22037
22041
22045
22049
22050
22051
22052
22053
22055
22062
22068
22075
22096
22099
22104
22112
22115
22117
22144
22145
22148
22149
22150
22155
22156
22159
22160
22167
22174
22175
22177
22180
22181
22184
22185
22193
22194
22197
22205
22223
22224
22225
22226
22229
22235
22239
22244
22248
22253
22254
22267
22268
22270
22273
22282
22285
22288
22301
22304
22315
22327
22333
22337
22338
22342
22343
22344
22363
22368
22379
22380
22381
22382
22387
22388
22400
22401
22406
22408
22411
22413
22428
22431
22436
22441
22442
22443
22444
22462
22463
22466
22475
22476
22481
22482
22486
22497
22506
22507
22510
22511
22514
22515
22522
22524
22526
22528
22533
22539
22540
22544
22545
22553
22556
22558
22560
22565
22567
22574
22575
22596
22608
22614
22634
22635
22636
22642
22652
22655
22657
22661
22662
22665
22667
22670
22673
22674
22689
22698
22699
22704
22710
22712
22713
22717
22719
22722
22723
22725
22727
22732
22739
22750
22758
22762
22766
22767
22770
22774
22784
22806
22808
22814
22816
22826
22828
22834
22836
22840
22844
22845
22854
22861
22862
22869
22872
22888
22891
22895
22898
22902
22904
22916
22917
22918
22928
22931
22934
22935
22937
22938
22944
22952
22956
22957
22964
22968
22970
22976
22977
22979
22981
22986
22994
22999
23001
23003
23010
23016
23024
23031
23033
23035
23039
23041
23049
23052
23053
23056
23062
23070
23072
23074
23075
23081
23088
23093
23107
23112
23113
23114
23116
23117
23118
23123
23127
23133
23143
23144
23154
23155
23160
23163
23167
23172
23173
23183
23189
23191
23197
23199
23202
23205
23206
23207
23210
23212
23221
23229
23230
23242
23244
23245
23248
23251
23255
23258
23264
23268
23271
23275
23277
23278
23288
23291
23292
23299
23300
23306
23318
23325
23328
23331
23333
23335
23336
23339
23346
23348
23351
23352
23364
23375
23378
23379
23381
23387
23390
23391
23392
23403
23404
23405
23407
23408
23413
23416
23420
23428
23432
23433
23443
23447
23453
23455
23459
23467
23473
23479
23481
23485
23487
23490
23491
23496
23499
23504
23512
23515
23517
23537
23540
23544
23551
23554
23562
23578
23584
23587
23603
23610
23611
23614
23623
23625
23630
23634
23637
23638
23656
23660
23667
23668
23669
23675
23678
23682
23687
23688
23693
23697
23698
23700
23704
23706
23715
23717
23721
23728
23730
23738
23740
23746
23747
23748
23749
23752
23759
23761
23779
23781
23786
23793
23797
23798
23799
23800
23808
23814
23816
23821
23828
23831
23834
23836
23838
23842
23843
23845
23846
23847
23849
23858
23859
23861
23864
23865
23875
23878
23881
23884
23886
23887
23889
23892
23895
23896
23900
23902
23903
23905
23910
23912
23913
23917
23931
23939
23940
23941
23944
23948
23949
23950
23970
23973
23977
23981
23988
23993
24003
24006
24007
24017
24021
24026
24029
24032
24042
24044
24047
24053
24060
24061
24066
24067
24069
24077
24080
24083
24084
24091
24096
24099
24105
24108
24114
24121
24127
24133
24137
24142
24145
24149
24152
24155
24156
24160
24161
24166
24167
24168
24170
24171
24173
24175
24179
24180
24185
24189
24191
24193
24200
24208
24221
24226
24228
24231
24234
24235
24242
24245
24247
24251
24259
24263
24266
24273
24287
24292
24294
24296
24302
24306
24315
24317
24318
24321
24322
24331
24333
24343
24351
24354
24361
24362
24366
24367
24370
24373
24374
24376
24378
24398
24400
24401
24405
24412
24415
24426
24427
24431
24438
24439
24440
24445
24452
24464
24466
24467
24474
24478
24492
24494
24495
24499
24500
24505
24507
24509
24515
24516
24520
24521
24523
24525
24528
24539
24542
24553
24564
24570
24573
24574
24592
24596
24598
24600
24605
24608
24609
24610
24611
24614
24621
24622
24627
24630
24631
24632
24634
24638
24646
24650
24652
24653
24654
24659
24663
24668
24672
24675
24677
24682
24686
24687
24688
24691
24710
24711
24721
24736
24741
24745
24749
24751
24752
24754
24756
24757
24759
24767
24772
24775
24776
24781
24783
24788
24790
24791
24792
24793
24800
24801
24803
24806
24815
24817
24821
24823
24824
24826
24828
24829
24843
24844
24859
24864
24865
24866
24868
24869
24873
24880
24884
24886
24887
24892
24898
24902
24904
24910
24916
24920
24923
24924
24926
24927
24930
24936
24939
24942
24946
24955
24957
24959
24963
24964
24966
24970
24971
24972
24973
24983
24987
24997
24999
25005
25006
25007
25011
25012
25021
25023
25024
25025
25029
25036
25039
25045
25049
25050
25058
25061
25067
25069
25070
25073
25078
25079
25080
25085
25090
25097
25100
25108
25117
25118
25130
25139
25148
25157
25158
25160
25163
25176
25177
25191
25196
25198
25199
25200
25204
25206
25210
25214
25217
25226
25228
25230
25232
25237
25244
25251
25255
25272
25281
25298
25313
25319
25320
25331
25337
25341
25345
25346
25351
25354
25363
25370
25375
25376
25377
25380
25381
25382
25385
25386
25387
25392
25396
25402
25404
25405
25412
25415
25417
25420
25421
25425
25427
25428
25434
25448
25450
25463
25470
25479
25484
25485
25486
25495
25497
25499
25505
25506
25508
25509
25510
25518
25519
25526
25528
25529
25537
25540
25550
25554
25557
25558
25561
25566
25570
25573
25579
25582
25588
25590
25593
25601
25607
25610
25614
25615
25619
25638
25640
25642
25645
25646
25657
25661
25675
25678
25681
25686
25696
25698
25700
25704
25712
25714
25716
25720
25733
25738
25743
25744
25746
25751
25761
25764
25775
25777
25782
25784
25785
25790
25792
25794
25797
25801
25802
25807
25809
25814
25816
25821
25825
25831
25833
25843
25854
25862
25864
25866
25869
25878
25883
25886
25890
25894
25899
25904
25910
25925
25933
25938
25940
25945
25950
25956
25958
25960
25961
25964
25968
25973
25979
25983
25985
25989
25991
25996
25998
26000
26018
26021
26023
26024
26025
26026
26027
26029
26030
26038
26048
26050
26054
26059
26062
26063
26068
26070
26071
26078
26082
26083
26084
26087
26088
26090
26095
26096
26098
26100
26102
26105
26109
26111
26113
26118
26120
26124
26131
26133
26135
26136
26138
26139
26145
26160
26165
26175
26177
26183
26185
26187
26196
26210
26221
26222
26223
26224
26227
26230
26238
26240
26242
26254
26259
26261
26263
26269
26271
26274
26280
26281
26285
26287
26290
26291
26292
26294
26298
26299
26300
26301
26306
26310
26312
26313
26317
26318
26320
26322
26325
26327
26330
26332
26333
26335
26339
26359
26361
26364
26366
26367
26371
26372
26379
26381
26384
26387
26390
26391
26392
26393
26394
26401
26402
26403
26404
26405
26409
26412
26418
26419
26421
26430
26434
26439
26440
26444
26445
26450
26457
26464
26478
26479
26483
26490
26494
26496
26506
26508
26513
26516
26526
26529
26531
26536
26539
26544
26557
26565
26569
26570
26572
26581
26586
26587
26592
26593
26594
26605
26607
26608
26617
26618
26622
26626
26627
26629
26634
26642
26646
26649
26650
26652
26656
26657
26661
26672
26676
26678
26683
26684
26689
26691
26696
26699
26700
26701
26702
26710
26712
26715
26717
26725
26730
26736
26737
26739
26748
26749
26750
26751
26762
26765
26767
26770
26778
26781
26786
26797
26804
26806
26826
26828
26833
26837
26840
26844
26847
26854
26859
26863
26868
26874
26875
26876
26877
26879
26880
26883
26890
26891
26894
26895
26898
26899
26906
26908
26910
26912
26917
26919
26920
26931
26934
26936
26937
26947
26955
26964
26971
26973
26974
26985
26986
26990
26996
27000
27007
27009
27016
27034
27036
27039
27040
27042
27044
27045
27047
27062
27071
27073
27080
27081
27085
27088
27089
27090
27093
27097
27098
27100
27101
27104
27111
27115
27119
27120
27127
27130
27135
27137
27148
27149
27151
27152
27159
27161
27164
27165
27167
27169
27174
27175
27180
27181
27183
27184
27191
27193
27196
27199
27204
27212
27219
27227
27228
27244
27250
27251
27256
27259
27263
27266
27270
27273
27281
27288
27291
27299
27305
27306
27310
27311
27312
27317
27322
27323
27335
27337
27338
27341
27344
27349
27353
27354
27358
27361
27362
27371
27372
27382
27386
27387
27389
27397
27404
27410
27415
27420
27422
27423
27424
27428
27437
27440
27442
27443
27445
27448
27460
27465
27471
27481
27491
27495
27505
27506
27507
27512
27515
27517
27519
27529
27545
27547
27556
27557
27561
27562
27564
27569
27579
27581
27586
27590
27598
27603
27614
27615
27620
27624
27625
27629
27635
27638
27643
27647
27648
27655
27660
27661
27664
27669
27671
27674
27678
27679
27685
27686
27688
27697
27700
27701
27704
27711
27712
27714
27715
27718
27719
27723
27725
27732
27735
27738
27739
27742
27745
27750
27757
27762
27773
27776
27777
27780
27782
27786
27790
27799
27802
27803
27811
27814
27819
27820
27821
27823
27825
27837
27842
27847
27852
27855
27865
27866
27868
27869
27870
27874
27892
27898
27903
27904
27907
27914
27915
27916
27919
27922
27924
27929
27931
27937
27939
27945
27950
27962
27966
27970
27972
27973
27974
27977
27994
27996
28001
28003
28005
28006
28009
28012
28025
28031
28032
28033
28036
28037
28039
28041
28045
28052
28063
28068
28072
28074
28081
28083
28093
28094
28100
28103
28118
28140
28147
28148
28149
28153
28155
28157
28158
28166
28169
28172
28180
28182
28183
28188
28190
28191
28192
28197
28201
28202
28207
28213
28214
28222
28228
28230
28234
28235
28240
28241
28243
28248
28252
28254
28256
28258
28262
28281
28284
28287
28296
28301
28302
28309
28313
28315
28332
28333
28334
28337
28342
28346
28347
28348
28351
28360
28369
28382
28386
28392
28393
28398
28400
28401
28403
28404
28414
28416
28419
28423
28426
28431
28432
28438
28441
28447
28448
28450
28452
28455
28460
28464
28473
28484
28489
28491
28492
28496
28500
28502
28507
28508
28510
28513
28518
28519
28521
28529
28535
28537
28538
28544
28546
28549
28554
28559
28568
28580
28583
28584
28591
28592
28595
28597
28599
28601
28603
28604
28609
28611
28613
28614
28623
28627
28629
28630
28634
28637
28640
28649
28658
28664
28668
28671
28682
28714
28715
28716
28717
28723
28726
28728
28732
28738
28743
28749
28753
28757
28762
28767
28776
28787
28794
28796
28799
28807
28815
28823
28833
28838
28839
28852
28859
28862
28863
28865
28869
28876
28882
28887
28892
28894
28897
28900
28901
28902
28904
28914
28922
28923
28927
28932
28941
28943
28944
28948
28949
28956
28959
28972
28976
28978
28982
28987
28989
28994
28996
29008
29022
29023
29025
29027
29041
29044
29045
29046
29058
29064
29079
29082
29088
29103
29108
29113
29117
29120
29125
29127
29131
29133
29149
29150
29151
29152
29164
29167
29168
29170
29174
29175
29179
29180
29182
29186
29193
29194
29196
29199
29201
29203
29205
29206
29217
29221
29229
29230
29231
29236
29237
29242
29252
29254
29258
29266
29268
29269
29282
29286
29288
29290
29291
29293
29297
29298
29299
29300
29308
29310
29312
29323
29324
29339
29340
29347
29351
29355
29363
29371
29376
29377
29379
29380
29382
29385
29394
29396
29401
29402
29405
29419
29423
29424
29425
29431
29433
29440
29443
29446
29447
29449
29456
29457
29459
29463
29467
29469
29475
29485
29486
29493
29496
29497
29498
29507
29512
29518
29519
29520
29522
29523
29527
29529
29530
29535
29539
29544
29546
29551
29554
29557
29561
29567
29568
29574
29579
29580
29581
29587
29588
29594
29602
29606
29608
29610
29611
29612
29613
29616
29617
29627
29632
29637
29640
29641
29645
29646
29647
29651
29656
29658
29670
29671
29672
29675
29678
29686
29688
29689
29695
29702
29704
29709
29713
29716
29721
29727
29735
29736
29738
29742
29755
29756
29765
29769
29770
29771
29772
29773
29774
29775
29779
29780
29785
29789
29792
29793
29807
29811
29816
29823
29838
29840
29841
29843
29846
29847
29850
29851
29861
29862
29864
29867
29868
29879
29881
29883
29885
29892
29895
29898
29900
29903
29914
29920
29922
29924
29932
29951
29965
29984
29986
29987
29990
29998
30000
30004
30015
30019
30023
30029
30032
30037
30038
30040
30057
30061
30066
30068
30070
30074
30076
30080
30083
30085
30101
30109
30110
30113
30116
30119
30123
30128
30145
30148
30155
30158
30160
30166
30171
30173
30187
30191
30193
30194
30195
30198
30199
30201
30203
30209
30210
30213
30226
30233
30246
30252
30253
30264
30269
30277
30281
30285
30287
30288
30290
30297
30299
30304
30305
30306
30307
30318
30323
30324
30333
30339
30341
30343
30352
30355
30360
30362
30366
30367
30371
30373
30383
30387
30389
30399
30410
30413
30414
30420
30425
30432
30435
30438
30442
30443
30444
30446
30452
30453
30473
30477
30478
30486
30489
30490
30491
30507
30509
30512
30519
30520
30523
30526
30528
30529
30532
30535
30544
30547
30557
30558
30559
30560
30561
30568
30571
30572
30577
30581
30583
30591
30593
30599
30600
30613
30615
30622
30635
30640
30643
30645
30646
30648
30655
30663
30664
30670
30678
30680
30681
30685
30686
30687
30692
30698
30704
30707
30709
30721
30723
30726
30728
30730
30733
30735
30736
30737
30743
30754
30760
30769
30772
30773
30775
30777
30781
30782
30789
30790
30793
30796
30802
30804
30805
30806
30809
30812
30814
30818
30821
30824
30827
30838
30839
30843
30864
30865
30866
30869
30871
30873
30876
30882
30883
30885
30886
30887
30888
30892
30900
30918
30925
30926
30930
30932
30939
30940
30952
30965
30966
30971
30973
30982
30987
30990
30995
31005
31016
31017
31019
31024
31031
31034
31037
31041
31042
31044
31046
31047
31051
31055
31063
31064
31086
31092
31095
31097
31103
31109
31114
31118
31122
31130
31138
31140
31146
31155
31158
31159
31161
31162
31166
31167
31171
31192
31194
31198
31199
31204
31205
31207
31208
31210
31217
31220
31222
31224
31233
31240
31242
31245
31248
31266
31270
31275
31280
31284
31285
31289
31294
31299
31300
31304
31306
31312
31320
31327
31328
31330
31332
31335
31339
31342
31353
31355
31358
31363
31367
31370
31375
31384
31392
31399
31403
31408
31410
31415
31426
31427
31430
31436
31437
31445
31460
31462
31465
31470
31475
31479
31480
31481
31497
31498
31499
31500
31503
31504
31513
31518
31525
31532
31543
31548
31561
31565
31566
31573
31579
31584
31590
31594
31595
31599
31603
31604
31608
31611
31616
31619
31626
31628
31630
31635
31640
31642
31644
31645
31652
31653
31660
31663
31664
31669
31684
31685
31691
31694
31706
31707
31717
31720
31722
31726
31730
31733
31738
31741
31744
31745
31746
31747
31748
31749
31751
31752
31753
31762
31772
31773
31776
31786
31787
31792
31800
31806
31812
31819
31820
31821
31823
31834
31835
31836
31837
31838
31854
31855
31861
31864
31879
31886
31889
31898
31902
31903
31909
31911
31921
31924
31929
31936
31940
31954
31959
31964
31979
31996
31998
32009
32010
32016
32020
32021
32024
32026
32027
32033
32036
32038
32045
32060
32063
32070
32076
32081
32083
32089
32092
32094
32095
32099
32100
32103
32111
32118
32119
32122
32124
32130
32135
32140
32145
32147
32148
32159
32165
32166
32174
32179
32182
32183
32186
32188
32192
32199
32204
32213
32216
32228
32229
32230
32243
32245
32248
32250
32252
32253
32257
32258
32259
32264
32268
32269
32274
32276
32278
32280
32285
32287
32295
32298
32299
32316
32322
32324
32326
32328
32330
32338
32344
32366
32369
32371
32372
32373
32374
32375
32380
32381
32393
32395
32398
32399
32403
32404
32406
32416
32417
32426
32432
32437
32438
32439
32440
32442
32444
32456
32458
32459
32461
32467
32469
32473
32475
32481
32482
32485
32492
32496
32497
32505
32508
32511
32518
32521
32522
32525
32526
32533
32535
32536
32538
32544
32550
32554
32565
32570
32573
32576
32581
32582
32587
32592
32593
32597
32598
32599
32600
32602
32603
32612
32614
32620
32633
32636
32638
32642
32654
32657
32661
32663
32666
32676
32678
32682
32697
32712
32713
32714
32715
32718
32722
32727
32729
32731
32736
32739
32741
32743
32748
32751
32754
32756
32762
32764
32767
97
0
256
257
264
267
13
14
276
21
279
284
285
291
292
303
49
305
312
59
61
318
321
322
333
81
337
338
339
85
88
345
99
356
359
360
361
365
110
366
116
374
119
124
380
384
387
388
136
138
394
139
142
143
401
402
147
404
150
159
418
423
168
425
173
429
430
175
432
178
435
436
438
184
442
194
450
195
197
198
456
205
461
208
211
470
471
221
477
223
224
480
229
231
235
239
248
252
8.33