1921
4099
8196
5
8
4104
10
12299
4108
8204
12300
16
4113
12307
22
4121
26
8218
4123
8220
8223
12319
8224
12320
33
12324
8234
44
51
8244
53
4149
4152
57
60
4156
8252
4157
66
71
4179
8278
4183
8279
4185
8283
8289
101
106
114
4213
4214
119
120
8315
8320
8321
130
4229
4231
8327
4232
138
8330
139
141
8338
147
4243
4248
8344
4251
4252
4253
8349
4260
8357
168
169
171
8364
4269
8367
176
177
4273
180
8374
4279
188
8380
189
192
4288
4290
8386
4292
8389
4295
8392
202
8397
207
4305
212
4310
8407
4318
223
8418
228
8420
4326
8422
232
4328
8424
233
4334
4335
8434
8436
4341
247
4347
8446
4352
8449
260
8454
4360
271
4369
278
279
8472
282
8474
4379
289
8484
293
8485
294
8488
8489
4397
4398
8499
310
4406
4408
314
315
316
4412
4415
4417
8514
4421
4427
8524
8527
4432
4433
8530
8535
344
4444
4446
351
354
355
357
8549
359
360
4459
4462
4464
4465
370
4467
8564
8565
8567
4474
4479
8576
385
4481
4483
4485
4491
8588
8589
400
402
404
8596
4501
8600
409
4507
4508
414
4510
4514
420
4516
425
8617
4525
8624
4531
8630
8631
441
447
4543
4545
454
8647
457
4553
4556
4558
467
4563
469
473
4576
482
483
8676
4584
489
4585
4586
4587
8685
8691
502
8694
4599
8695
504
4600
505
512
516
4612
519
520
4617
8713
524
8718
528
530
4628
8725
4632
4636
8735
4641
8740
4650
4651
8747
8751
563
566
8759
569
570
4670
577
8771
4681
8777
587
8779
589
4686
8782
591
8784
595
4693
8790
600
4696
602
4703
8801
8804
4712
4714
8811
8815
624
4720
625
4721
8818
627
4724
629
4727
633
4732
4733
8829
639
8833
644
4741
8841
4746
656
8848
658
663
664
8860
671
672
673
674
675
4771
4772
4773
8869
681
682
4782
4783
8879
4786
693
4789
8892
4798
704
4802
709
8902
713
714
8906
8908
4819
8915
4821
729
4827
735
4832
739
741
8933
745
4841
747
4846
4848
4849
4851
8947
4853
4854
8950
4857
8956
768
769
771
8963
773
8966
4872
4875
4876
4877
8975
784
8976
8979
4885
4886
4888
4890
8987
4892
800
8992
8995
8998
808
809
4905
4906
817
818
821
9013
4920
9018
828
830
831
4927
9023
4928
9024
4929
4934
4936
849
850
4946
9042
854
855
4951
857
9049
9053
9057
866
4963
868
9061
4967
872
4969
9065
4978
9074
9082
9083
893
4990
895
897
9091
9100
5005
5007
9103
5011
5012
9108
9113
923
9115
5020
9117
5024
930
9124
933
935
5031
9127
5035
9136
5042
5050
9146
5051
956
958
5054
5055
9152
5061
974
975
5074
5076
5078
991
992
9184
9185
995
997
9190
1000
9193
1002
5098
1003
5099
9195
9196
9198
5105
1015
1016
5112
1020
5119
1025
5122
9222
5128
5130
9226
1035
1037
5133
9230
9233
9241
9246
1055
5152
5154
9251
1060
5157
9253
1066
1067
9260
5165
5170
9266
9268
5174
1080
5178
1083
5179
9275
9277
5182
5183
1089
1095
5195
1102
5200
5202
1112
9305
9307
9311
5216
5219
5220
9331
1143
5240
9337
5242
5243
5248
1157
5255
9353
9354
1166
9358
5263
9359
9361
1170
9362
5267
9364
5269
5270
1180
5278
9375
9378
1188
5284
9382
5288
1193
1199
1201
5298
1204
5300
9399
5305
5307
1212
5309
1217
9413
1222
1223
5320
9417
5323
9419
5327
9424
1236
1239
5337
9434
5340
9436
9437
5344
1250
9444
5350
5351
9447
5354
5355
5361
9457
5362
9458
9459
1268
9460
9462
9463
5369
1279
5376
9479
5386
1291
1292
5388
9484
9486
9487
5396
1304
1305
5402
1309
5406
5408
9506
1316
5414
5417
5418
1323
5420
9518
5425
9523
5428
9524
5433
5434
9532
1341
5443
1350
1351
5447
5452
1361
5457
9557
1366
9560
9565
1375
9568
9569
1382
5478
9575
5486
1391
5487
9586
1399
9595
9596
5503
9600
9601
9602
5509
5510
1416
9608
5513
1426
5525
5530
1437
9632
5537
5538
1444
9636
9640
1449
9645
9646
1455
5552
5553
1459
9655
9657
5562
5564
5565
9664
1474
5571
1477
5573
1479
5575
5582
9681
9682
9684
5592
1500
1503
9697
5606
9702
9703
5609
1516
9710
5620
9717
1527
5624
9723
5629
1536
5638
5639
9735
1546
5643
1549
5648
9746
5674
9772
5677
1584
1586
5682
9779
5684
1591
5689
9785
5690
9788
5695
1602
1603
5699
9798
5703
1608
5705
5707
9803
5708
1618
5717
5720
9820
1635
9828
5733
1638
1640
9834
9835
1645
5741
9838
9840
1655
9850
9851
9854
9855
1664
9856
9857
5763
5764
1672
5768
9864
5769
9865
9869
5777
1690
5787
9883
5790
1699
1701
1709
1714
9906
5816
9914
9915
1724
5823
5826
1735
9927
9928
1737
9929
5834
9930
9932
9933
9934
9936
1746
5842
1747
1748
5844
9945
1754
1756
1760
5856
5859
9955
5860
5869
9965
5871
9970
1780
5877
5878
9979
5884
1790
5886
9983
1793
5890
9987
1796
5896
5906
5907
10009
10011
5916
10012
5919
5922
1831
5929
1834
1837
5934
10031
5936
10032
1847
1851
5950
1855
1858
5954
1859
10051
5958
10054
5959
1868
5969
5970
10066
1875
5973
10069
5974
1879
5975
5982
5989
5991
10095
1904
1907
10100
10103
6011
1916
10110
1922
6018
1923
6021
10117
6024
6025
10121
1937
6033
6038
10135
10137
1947
10140
6047
6050
6055
10152
10153
10156
6061
10162
10164
6071
6078
6079
10176
1987
6085
6087
6089
10189
10193
2004
10206
6111
6112
10215
2024
6123
10219
2028
10222
6129
2034
6130
2039
10234
2044
6144
2053
6150
6152
2060
10252
10256
6176
10274
2083
6180
2086
6182
6185
6190
2095
10289
6196
6197
6199
6201
6203
2110
10314
10316
10319
2128
6224
6225
6226
6227
2132
10333
2142
2147
10339
10344
2156
2159
2160
6257
2162
10356
6261
10357
6266
10365
6272
6275
10375
10376
10378
6284
2189
10382
6293
2199
2204
10400
2209
2210
10402
6307
6310
2224
6328
10425
10426
2235
6331
2237
6336
2242
6338
10434
6339
2245
2248
6346
2251
10444
2253
2255
2259
10451
2261
6359
2265
10458
6366
2271
10463
2276
10468
10470
6376
6379
2287
2289
6387
2292
2293
10485
6391
10489
6394
2305
6402
10498
6403
2310
10502
6408
6411
10509
2321
6417
6418
6423
10522
2331
10526
10530
6437
10535
2344
6440
2347
10540
2349
2352
2356
2359
2363
6459
6461
10557
10560
6466
10562
2371
6470
6471
6473
2378
6476
2382
6479
2387
10580
6485
6487
2395
2396
2397
10590
6495
2403
6501
10598
10599
2409
6506
10603
6508
10605
2417
2418
10614
6519
10617
2429
10622
2431
2434
2438
6539
10636
6547
2454
6550
2455
6553
10649
6557
6558
2464
6561
10660
10662
6567
6568
10666
10669
2479
6577
10677
10678
2487
10680
2492
2494
10686
10692
10695
6602
6608
10704
6609
6610
10706
10709
10712
6620
6624
2530
2537
2539
10735
2544
6640
6641
2549
10741
2555
10748
6655
10751
10757
6662
6666
6669
10767
2576
2579
2583
10775
10777
2591
10784
10787
10789
2600
6696
2601
2602
2604
6702
10806
6716
10812
6718
2630
2631
2634
6733
6734
10833
2646
10841
6746
10845
10847
6753
2658
6756
2665
6762
6764
10861
6766
2671
10866
2677
6773
10871
6776
10872
2683
6779
2685
10878
10883
6793
10890
10892
2702
2707
10904
6811
2719
10912
10915
2726
2728
6825
2730
6829
10926
2736
6832
10929
6834
6838
10936
2746
6844
2753
2760
2762
6858
2763
2765
6861
2766
6863
10961
2770
6866
2776
10970
6875
10976
2785
6886
10982
10983
2796
10991
2800
6896
2804
2806
11000
2810
2816
2820
6918
11014
11018
6924
6925
11023
6930
11027
6934
11032
11033
11034
6939
11036
2846
11038
11042
11046
6954
11050
11051
11054
2864
11057
2870
11062
11063
6971
2876
6972
2879
2881
2884
6982
6987
2894
6990
11086
11087
11090
6995
11093
2904
11098
2908
2909
7005
7008
7009
7015
7016
11114
7020
11116
2927
2928
2929
2938
7035
2940
11134
7040
2945
11137
2948
7048
11148
2958
2963
2968
2970
11163
2972
2973
11165
7071
11169
7074
7079
11176
2985
7082
2989
11181
7087
7088
2996
11190
3000
7097
7099
7101
3007
7109
3016
11210
3019
3020
7116
7118
3023
3025
3026
7124
7126
3038
7142
3047
3049
11243
11249
3058
7155
7157
3073
7170
3077
7173
7176
3086
7182
11279
7184
3089
3091
7188
11285
7190
7191
11288
7193
11291
3100
7196
7198
11297
3110
11307
3116
11309
7214
11313
7223
3128
7224
3129
11321
7227
7230
7231
11328
3139
3140
3149
11341
11346
3155
11347
3158
7255
3160
11352
7262
11358
11361
3171
3172
7268
3179
3181
3183
7280
7284
3189
7285
7287
7291
11394
3203
3213
3215
7311
7318
11415
3225
7321
11418
3229
11421
3230
3231
7327
11424
11425
7331
7334
11433
3242
11437
3247
3248
7346
3251
7347
11443
3252
3253
11445
3254
7350
7352
7355
11451
11453
7358
11454
11456
3266
11458
3267
7363
7365
7367
11465
11468
7373
11470
3291
11483
3294
11488
3297
3298
7394
3299
11493
7398
3303
7405
7407
3313
7410
3315
3317
11511
7416
7417
11514
11516
11522
3332
3336
11530
7435
3340
7436
7437
7438
11534
11535
11536
3345
11537
3346
11540
11546
11548
3362
3363
11555
11560
7468
11564
3378
7475
3385
3387
7483
11580
3389
11581
7486
7490
7494
7495
7501
3410
11603
7510
3419
7519
11617
7523
3428
7525
11621
3431
3432
11626
3436
3439
7535
3440
7538
11635
3444
11637
7542
11638
7543
11639
3448
11641
3450
11646
3456
11648
3460
7557
7562
7565
11664
7569
11665
7571
11667
7575
11671
7576
7578
11676
11679
11682
3496
11692
7598
11698
3507
11699
7604
11707
7613
11709
7614
11710
3519
11715
7620
3526
11718
11722
7627
7629
11729
3540
7636
7640
7644
7645
11742
3551
3553
3554
3555
3561
7659
3566
7662
3572
7670
11767
11768
3581
11774
3584
11776
3585
11782
3592
7688
3594
3601
11795
3605
3607
11799
11804
3613
7709
7711
7713
11813
11816
7722
7727
11825
7731
11828
3637
3638
3646
11840
3654
3656
7755
11855
3667
7767
11868
7775
11871
7776
7780
11882
3693
3695
7791
11888
3698
11896
3705
3707
3712
3717
7818
3725
11919
3730
7827
3734
11926
3736
7832
11932
7837
11933
11935
3746
7842
3747
11942
3752
11944
3755
3757
11949
3761
3762
7864
3770
7866
3771
7871
7873
7874
3781
3782
11975
7880
11976
3793
3794
7894
11990
3800
7900
11996
11997
7902
12003
3816
7913
7914
12011
3821
12013
7918
12016
7923
12024
7929
3836
3838
3841
7938
3843
3844
7945
3851
3852
7948
12045
3854
3855
3859
3862
7958
12058
7963
12059
3869
12062
12064
3874
7970
12070
12073
3882
3883
12078
7985
3890
3891
7988
3893
7992
3897
12092
7999
12097
12099
3908
3913
12105
8012
3918
8015
3923
12117
12122
3932
8029
8032
8033
8038
12134
8041
3947
8043
12140
3949
12141
3950
8046
8047
3952
12146
3960
3965
12157
12159
3968
12162
3974
8075
12174
8079
3985
8082
8086
3992
12190
12191
8096
12193
12194
8099
12196
12201
4010
12202
12203
8109
8112
8115
12213
4022
12214
12218
4029
4031
12223
8130
12226
8133
4038
12231
4040
8136
8137
8138
4043
8142
12241
8147
12244
8150
4059
8155
4060
12253
4062
8160
8163
8165
8166
8169
4074
8175
12271
12272
4081
12278
4087
8183
12279
4090
12283
4094
8191
10
0
83
164
276
53
22
330
349
334
143
1.97