16400
3
6
7
32777
10
11
13
32783
18
19
32787
20
32788
32789
22
24
25
26
32795
32796
30
32798
33
35
36
38
39
40
41
43
32811
44
32812
48
49
50
32821
54
32826
59
32829
62
64
32832
67
71
72
73
74
76
78
32846
32848
82
32850
83
32852
32855
89
90
91
93
94
32862
96
98
32866
99
32867
100
101
103
109
110
112
32880
114
32883
116
117
119
120
122
123
126
127
32895
128
129
132
32900
32902
135
140
141
32911
144
145
32913
146
32914
147
32917
150
151
32919
152
153
154
32923
159
160
161
162
163
32931
164
168
169
170
32938
171
172
32940
173
175
176
32944
177
178
32946
179
32947
181
32949
184
186
187
32955
32956
190
32958
32961
194
32962
32963
32964
198
32966
199
200
32968
201
202
32971
204
32972
205
207
210
211
212
32981
214
215
216
218
219
220
32988
221
222
223
224
32992
225
226
227
228
32996
230
32998
231
33001
235
33005
242
243
245
247
33015
248
250
33018
33019
252
253
254
255
256
257
33025
33026
33027
261
33029
263
265
266
33034
267
268
33036
269
33037
270
33038
33039
33041
274
275
278
33046
33047
280
281
282
283
33052
285
286
289
293
294
296
33064
297
298
300
33068
33070
303
33071
33072
33073
306
307
308
309
311
312
316
318
320
322
33090
323
324
325
327
33095
329
330
33098
331
332
334
33103
337
33106
339
33107
33108
341
342
33110
343
33111
33114
347
33116
349
350
33118
351
33120
353
354
355
356
358
33126
360
362
363
364
33132
366
33134
369
33137
370
371
373
375
376
379
380
33148
381
382
33151
384
385
386
33155
388
391
393
396
399
401
33169
402
403
405
33173
406
412
414
416
417
418
419
422
423
424
425
426
427
428
429
33198
431
432
33201
435
436
33204
438
439
440
441
442
33210
445
446
447
451
452
455
33224
457
458
33226
33227
460
461
462
465
466
33234
33235
468
469
470
471
33241
474
33242
475
478
480
482
33252
485
486
487
33255
33259
33260
493
33263
33264
497
499
500
33268
501
502
504
33274
508
33276
509
510
33278
511
33279
514
517
518
33286
519
523
525
526
33294
527
528
530
531
532
33300
533
33307
541
542
543
546
548
549
33317
550
33318
551
556
558
33326
560
563
564
565
33333
33334
568
571
572
574
577
33346
33347
580
581
582
583
584
586
587
588
592
33360
593
33361
33363
596
33365
598
33366
599
601
602
604
605
607
33375
609
610
613
614
615
616
617
620
33388
622
623
624
627
629
630
631
632
33400
634
635
33403
33404
33405
639
641
643
33411
646
648
649
650
33419
652
33420
33421
33422
33423
33427
661
33429
662
666
667
668
669
33438
672
673
33441
675
677
678
679
681
682
684
685
688
689
690
691
33459
692
33461
695
33463
696
697
698
699
700
701
702
703
705
33473
33474
708
709
33477
710
711
712
714
717
718
720
721
33489
724
725
726
727
33495
729
33497
731
732
733
734
735
33503
736
737
739
742
744
748
752
753
754
755
756
758
760
761
763
766
769
770
772
773
774
775
33546
779
33548
781
33549
782
33550
784
33552
785
33553
33554
787
792
33563
797
798
33567
800
801
804
806
808
809
810
33580
813
814
33582
817
818
819
821
33589
823
33592
825
828
33598
831
833
836
837
840
33611
849
850
33621
33622
855
33623
856
33624
857
858
33627
33628
861
864
33633
867
33635
868
869
871
876
33645
878
880
882
33650
883
33651
885
886
887
889
890
892
33660
33661
896
898
899
900
902
33670
904
33673
907
908
911
913
914
916
917
922
923
33691
924
926
929
33697
931
33699
932
934
935
936
938
33707
943
944
945
33713
946
947
948
949
953
33723
957
958
33726
33727
961
963
964
966
969
970
33738
974
976
977
33745
979
981
982
985
988
989
990
992
33761
994
996
33764
997
998
999
1000
1002
1003
1006
33774
1007
33775
1008
33776
1010
1011
1013
33782
1015
33787
1020
1021
1023
1024
1025
1028
1029
1030
33799
1032
1033
1034
1037
1038
1039
1040
1043
1044
33813
1046
1047
1048
33816
1049
1053
33821
1054
33822
1055
33823
1057
33826
1060
1061
1062
1064
1066
1067
1069
33840
1073
33845
1079
1080
1082
1083
1085
1088
33858
1091
33859
1094
1099
1100
1101
1102
1103
1104
1106
1108
1110
33879
1113
1114
1116
1119
1120
1122
1123
1124
33892
33895
1128
1129
1130
1132
1133
1134
33903
33904
1138
1139
33908
1141
33909
1142
1143
1145
33913
1148
1149
1150
1154
1155
1157
1158
1159
1164
1166
1167
1169
1173
33941
33943
1180
1182
1183
1186
1187
33955
1188
1190
1191
1194
33962
1195
1197
1198
33967
1200
1201
33969
33970
1203
1209
1213
1214
1215
1216
1218
1220
1222
1223
1224
1225
1226
1227
1230
33998
1233
34001
1235
34005
1239
34007
1240
1242
1243
34012
1247
1249
1250
1253
1255
1258
1259
34027
1260
1262
1265
1266
1267
1268
34036
1273
1276
1277
1278
1281
1283
34051
1286
34055
1288
1291
1292
1293
1295
1296
1297
1298
34066
1299
34068
1302
1305
34075
1308
1310
34078
1311
1313
34081
1314
1315
1316
34084
34086
1320
34089
1322
1323
1325
1326
34094
1328
34099
1332
1333
34104
1337
1338
1342
34110
1343
1347
1348
1350
34118
34119
34120
1355
1356
1360
1361
1364
1365
34133
1367
1368
1369
1370
1374
1375
1376
1379
1380
1381
1382
1383
34152
1386
34155
1389
1393
34161
1395
1396
1397
1398
1399
1401
34169
1402
34171
34172
1406
1407
1408
1409
1411
1412
1413
34182
1415
34183
34184
1417
1420
1421
1422
34192
34193
1426
1427
1432
1436
1438
1439
1440
34208
1441
1442
1444
1445
34216
1451
1452
1453
34221
1454
1455
34225
1459
1462
34230
1463
1466
34234
1467
34236
1469
1470
1473
1474
1476
1478
1479
1480
34248
1481
1482
1483
34251
1484
1485
34254
1492
1493
1497
1499
1500
1501
34269
1503
1504
1507
34275
1508
34277
1512
1514
1515
1516
1520
34289
1523
34291
34292
1526
34295
34301
34302
34304
1537
34305
1538
1539
34307
1540
1543
34312
1545
1546
34315
1549
34317
1550
1551
1552
1553
34321
1555
1556
1557
34326
1562
1564
1565
1567
34335
1568
1570
1572
34342
1575
1581
34349
34350
1586
1587
1590
1591
34359
1593
34361
34363
34364
1597
1598
1600
34368
34373
1606
1607
1608
1609
1610
34378
1612
1614
34382
34383
1616
1617
1618
34386
1619
34387
34388
1622
1623
1624
1625
34395
1628
34396
34398
1632
34400
1633
34402
1635
1636
1638
1639
34408
1642
34410
1643
34412
34416
34418
1651
1652
1653
1654
1655
34423
1657
1659
34427
1660
1662
1663
34433
34434
1667
34435
1670
34438
34440
1674
1678
1679
1680
1681
34449
1683
1685
1686
1689
1690
1691
1693
34462
1696
34465
1700
1703
34471
1705
34475
1710
1712
1713
1714
1715
34484
1717
34486
1719
34489
1724
34492
1725
1727
34495
1730
1731
34501
1734
1736
34504
1737
34506
1739
1741
1744
1745
34514
34515
1754
1757
1758
34526
1759
34529
1762
1763
1765
34533
1766
34534
1769
34539
1772
1775
1776
34544
1777
1778
34546
1780
34548
1781
1782
1787
1788
34556
1789
34557
1790
1791
1798
1799
1801
34572
1806
1807
34576
1809
1810
1811
1812
34580
1813
1815
1816
1819
1822
1827
1828
1829
1830
1831
1832
34600
1833
1834
1835
34603
1836
1838
1839
1840
34608
1842
34610
34611
1844
34612
1845
1847
1848
1849
1850
1851
1852
34621
1855
34623
1856
1859
34627
1863
34632
1868
34637
1870
34638
1873
34641
1879
1880
1881
34649
1882
34650
1883
1884
34652
1885
1886
1888
34657
1890
1891
34659
1893
34663
1896
1899
34667
34669
1903
1906
34674
1909
34677
1910
34678
34679
1912
1915
34683
1916
1917
34685
1919
1922
34690
1923
1924
34692
1927
34696
34697
1931
34699
1932
1933
34701
1934
34702
1935
34704
1937
34705
1938
1939
1941
1945
1946
1949
1950
34718
34720
1953
34721
34722
1955
34724
34726
1959
1962
1963
34732
1969
1971
1972
1973
1974
34742
34743
1976
34744
1978
1979
1983
1984
1985
34755
1990
1992
1993
1994
1995
34763
1996
34764
34766
2001
2002
2003
34771
34772
2005
34773
2006
34775
2009
2011
2012
2013
2015
2017
2018
2019
2021
34789
2023
2025
2027
34796
2029
2031
2032
2033
34801
2037
2038
2039
2040
2041
2042
2043
2044
2046
34815
2048
2049
34817
2050
2051
34820
34821
2054
2055
2056
34824
2057
2059
34827
2061
34829
2066
34835
2068
2069
34837
2071
2072
2073
34842
2075
2077
2078
34846
2079
2080
34848
2083
34851
2084
34852
2085
2088
2089
34858
2091
34859
2093
2094
2095
2096
2097
34865
2098
2100
34868
2105
34875
2109
34877
2110
34878
2113
34881
34882
2115
34883
34885
2118
2120
34888
34890
2124
34892
2126
34895
2128
2130
2132
2134
2136
34909
2143
2144
2147
34915
34919
2155
2156
2157
2158
34926
2159
2161
2163
34932
2166
34935
34936
2169
2170
2172
34941
2174
2175
34943
2176
2177
34945
2179
34948
2183
2184
2186
2189
34957
2190
2191
2192
2193
2194
2195
2196
2197
2198
2199
2201
2202
2203
2204
2205
34975
2209
34978
34979
34980
2216
34987
2220
2221
2222
2228
2229
2230
35000
2233
35001
2235
2236
2237
2238
2239
2241
2242
2245
2246
35015
2248
2249
2251
35020
2253
2255
2256
35026
2259
2265
2268
35037
2271
2272
35040
2273
2274
2276
35044
2278
2279
35049
2284
35052
2288
2289
2290
2291
2292
2293
35062
2295
2296
2301
35069
2302
35075
2308
2309
35077
2310
35078
2311
2312
2313
35083
35084
2319
35087
2320
2321
2325
2327
35095
35097
2330
2334
35103
2339
2340
2341
35109
35111
2344
2346
2347
2348
2350
2353
2354
2355
2356
35125
2359
2360
2362
2363
35131
2364
35132
2365
2367
2369
2372
2373
2374
2378
2380
2382
2383
35151
35158
2392
2393
2395
2396
35166
35168
2402
2403
2404
2407
2408
2412
35181
2414
2415
35183
2417
35188
2421
2422
35190
35195
2428
2429
35197
2432
35201
35202
2435
35205
2438
35207
35209
2442
2443
35211
2447
2449
2452
35220
2453
2456
2458
2459
2460
35228
2461
2463
35231
2465
2466
2467
2469
35237
2471
2473
2475
2476
35244
2477
35245
2478
35246
35249
2482
2483
35251
2488
2489
2490
2491
2493
2494
2495
2497
2499
2502
2503
2504
2511
2512
2514
2517
2518
2519
2521
2522
35290
2526
2528
2529
35297
35300
35302
2535
2538
2540
2542
2543
2544
35312
35313
2546
2547
35315
2548
2550
2551
35322
2555
2557
2558
2559
35327
2561
2562
2563
2564
2566
2567
35335
2568
2570
2573
35341
2574
35343
2576
35347
2583
2584
2587
2594
2598
35366
2599
35367
2600
2601
2604
35373
2606
2607
35375
2609
2610
2611
2612
35381
2614
2615
2617
35385
2618
2619
2620
35388
2623
2624
35392
2625
2626
35394
2629
2631
2634
35402
2636
35404
2637
2639
2641
35412
2645
2647
2649
35418
2651
2652
35420
2654
2656
35425
2658
2659
35427
2662
35430
35435
2669
2670
35439
2673
35441
2674
35444
2677
2678
2680
35449
35450
2683
2684
2685
2686
2689
35459
2692
2696
2698
35467
35468
2702
2703
2706
35475
2708
2709
2710
35478
2711
2713
2714
2715
2716
35487
2720
35488
2721
2723
35491
2725
35493
2727
35497
35500
2733
35501
2736
2737
35505
2738
2739
2740
2741
2742
2743
35513
2746
2750
2751
35521
2754
2757
35525
2758
35526
2762
2764
2765
35534
2767
2768
2770
2771
2772
35545
2778
2780
2783
35552
2787
35557
2791
2793
2794
2797
2798
2799
2802
2804
35572
2805
2806
35574
2807
2808
35579
2812
35580
2813
2814
2815
35583
2817
2818
2820
2821
35589
2822
2823
2824
2825
2826
2827
2828
35597
2831
35599
2833
2835
2836
35604
2837
2838
35606
2840
2841
35611
2845
2846
2848
2850
2852
35620
2853
2855
35623
2856
35624
2857
35625
2858
2861
2862
2863
35631
2864
2865
2866
35634
2869
35639
2872
2874
35644
2877
35645
2878
35647
2880
2883
35651
2886
2888
2890
2891
35661
2895
2896
2899
2900
2901
2903
35671
2904
2906
2907
35675
2909
35678
2911
2913
35681
2916
2917
2918
2919
35694
35695
35696
2929
2930
2932
35700
2933
2934
2935
35703
2938
35706
35708
2942
35710
35711
2945
35713
2951
2952
2953
2954
35723
2956
2957
35725
2958
35726
2961
2963
2964
2966
2967
2968
35736
2969
2971
2973
35742
2978
2979
2980
2981
2982
2983
35752
2986
2989
2990
35759
2992
2997
2998
35766
2999
3001
3002
3003
35771
35772
3005
3006
3007
3008
35776
3010
3011
3013
3014
35782
3015
3017
3018
3019
3020
3021
35791
3024
3026
3029
3030
3032
35800
3034
3035
3036
3042
3043
35811
3045
35814
3048
35817
35818
3054
3059
3061
3063
3064
3065
3066
3067
35835
35837
35839
3074
3076
3078
35847
3080
3081
35849
3082
3083
3084
3085
35853
35854
3088
3089
35857
3090
3094
3095
3097
3099
3102
3104
3107
3109
35877
3110
35881
3115
3116
3117
35886
3119
35887
3120
35889
3122
3123
35893
3127
35895
3128
3129
3130
35898
3132
3133
35901
3134
3135
35904
3138
35906
3140
3143
35912
35913
3146
3148
3149
3151
3152
35920
35921
3154
3158
3159
3161
35930
3163
3165
35933
35935
3170
35938
3172
35943
3176
35944
35945
3178
3179
3180
3181
3182
3184
3186
35954
3187
35955
3188
3189
3193
3194
3195
35963
35964
3197
3198
35967
3200
35968
3203
35972
3207
3209
35977
3211
3212
3213
35981
35983
3216
3217
3218
3219
3221
3222
3223
35992
3225
35993
3227
3228
35996
3229
3230
35999
3232
3236
3237
3239
36008
3242
3243
36011
3244
36012
3245
3246
3247
3248
36017
3250
3251
36019
3252
36020
3253
3258
36027
3261
3263
3265
36035
3269
3272
3273
3275
36043
3277
3281
36050
36051
3284
3286
36056
36057
3291
36059
3293
36062
3301
3302
3303
3304
3305
3306
3307
3308
3310
3311
36079
3312
36081
3314
3316
36084
3317
36085
36086
3319
36087
3320
3322
3323
36092
3325
3326
3327
3329
3330
36099
3333
3334
36103
36107
3340
3343
36111
3345
3349
3350
3351
3352
3353
3358
3359
3364
36132
36133
3368
36136
3372
36140
3373
3374
3376
36146
3379
3380
3381
3382
3387
36155
3388
36157
36158
3391
36159
36160
3394
36163
36164
3399
3400
3401
3403
3404
3405
36173
3406
3407
3408
36178
3411
36179
3412
36180
3413
36181
3415
36185
36186
3419
3421
3422
3426
36194
36196
3429
3431
36199
3432
3434
3437
3439
3440
3442
36210
3443
3444
36213
3446
3447
3448
3449
36217
3451
36219
3463
36231
3464
3466
3467
3468
3471
3472
36240
3473
36241
36242
3475
3476
3477
3478
36248
3481
3482
36251
3486
3487
3489
36257
3490
3493
3494
3495
36263
3496
3499
3500
3501
3502
3503
36272
3505
3508
3509
3510
3512
3513
3515
3516
3518
36290
3523
36291
3524
3525
3526
3528
36296
3529
3530
3531
36299
3532
36301
3534
3535
36303
3536
3537
3538
3540
3542
3545
3547
3549
3550
36319
3552
3553
36321
3554
3556
3557
3559
3561
36329
3562
36330
3563
36331
3564
3565
3566
36334
3567
3568
36336
3572
3574
36343
3577
3578
3579
36347
3580
3581
3582
36351
36352
3585
3586
3588
36358
36361
3595
36363
3596
3597
3598
3599
3601
36370
3604
36372
36375
3609
36377
3610
36381
3616
3618
3619
3620
3622
36390
3624
36392
3627
3628
3629
3630
3632
3633
3634
36403
3636
3637
3638
3640
3641
36410
36414
3647
3649
3655
3657
3658
3659
36427
3660
36428
36430
3663
3665
36433
3666
3669
3671
3673
3675
3677
36446
3679
36447
3680
3682
3686
3687
36456
3691
3695
3696
3697
3699
3701
3702
3703
3704
3705
36473
3706
3707
3708
36479
36481
3714
3715
3717
3719
3720
3721
3722
3723
36491
3727
3728
3729
3730
3731
36500
3736
3737
3739
3742
36511
3746
3748
36516
3749
36517
3753
3754
3755
36523
3756
3758
3760
3761
3763
36532
3768
3769
36537
3770
3771
36541
3778
36547
3781
3784
3789
3790
3792
36560
3794
3795
36563
3797
36565
3798
3800
3802
36570
3806
36574
3807
3810
36578
36579
3813
36584
3818
3819
3820
36589
3822
3823
36591
36593
3830
36598
3832
36600
3833
36601
3835
3837
3838
36606
3840
3842
36610
3843
3844
3847
3848
36616
36617
36619
3853
3854
3860
3861
3863
3864
36632
3865
3866
3868
3869
3870
36639
3872
36640
36641
3875
36643
3876
36644
3877
3880
3881
3882
3883
3885
3887
3890
36658
3891
36659
3896
3897
3898
36666
3900
36668
3902
3904
3907
36676
3909
3910
3911
3913
36681
36682
3915
36684
3918
3920
3921
3923
3924
36693
3926
36696
3930
3931
36702
3935
3936
36705
36706
3944
36712
3945
3948
36716
3949
36718
3951
36720
3953
3954
3956
3957
3961
36729
3963
3966
3967
3970
3971
3973
3974
36743
3976
36745
3978
3979
36747
3980
3982
3983
3984
3985
36754
36755
3988
36756
36759
3994
3996
3998
36766
3999
4001
36769
4002
36771
4004
36772
4005
36773
36775
4008
36779
4013
4014
4019
4020
36788
4021
4023
36793
36794
4027
4029
4030
4031
4032
36800
36804
4038
4041
4042
36812
4046
4047
4050
4051
4052
36820
4053
4054
36822
4055
4056
36824
4059
4060
36828
4061
36829
4062
36831
4064
4065
4066
36835
4073
4074
36842
4075
4076
4077
4078
4079
4080
4081
4083
36851
4084
4085
4087
4088
4092
4094
4095
36863
4096
4097
36866
36868
4103
36872
4105
4107
4108
36876
4109
4111
4112
36882
36884
4117
4120
4123
4124
4127
4128
36898
36899
36900
4136
4139
4141
36910
4143
4145
4146
4149
4154
36922
4156
4158
4159
36927
4162
4163
4164
36934
36935
4168
36936
4169
4171
4172
4173
4175
4176
4177
36945
4178
4179
4180
4181
36949
4185
4190
36958
4191
36959
4194
4195
4196
4197
36967
4200
4203
4204
36972
4205
36973
4206
36974
4207
36975
4208
4211
4212
4213
36982
4215
4216
4217
4220
36988
4221
4222
36990
4226
4227
36995
4228
4229
36997
36999
4232
4236
37004
4241
4242
4243
4244
37012
4245
4246
4247
4248
4250
37018
4251
4252
4253
37023
4257
37027
37028
4262
4263
4264
37033
4266
4267
4268
4269
37037
37038
4275
37043
4276
37044
4277
4279
4280
4282
37050
4283
4286
4287
37057
4291
4292
37060
4293
4295
4301
37069
37070
4303
4307
4308
4310
37078
37080
4314
37082
4315
4317
4318
4319
4320
37088
4321
37089
4323
37091
4324
4325
37093
37094
4328
37097
4331
4333
4334
4335
4336
4337
37106
4339
4340
4343
37111
4345
37113
4346
4349
4351
4354
4357
4358
37127
4361
37129
4362
4363
4364
37132
4367
37136
37137
37138
37139
4372
4373
37141
4374
4377
4378
4379
4381
4385
37154
37155
4388
4389
37158
4392
4393
4396
4397
37169
4402
4405
37173
4406
4407
4408
4409
37178
4411
37179
37180
4413
4415
37183
4418
37188
4421
4422
37190
4425
4428
4429
4430
4434
4436
4439
4440
4442
4443
4444
4446
37214
4447
37215
4448
4449
4450
4452
4453
4454
4455
4457
4459
4461
4463
4464
4465
4466
4471
37239
4472
4473
4474
4475
4476
4477
37247
4480
37248
4482
37251
37253
4486
4487
4489
4490
4493
4494
4495
4499
4502
37272
4505
37273
4507
4508
4511
4513
4514
37282
4515
4516
37284
4518
4519
37287
4520
4521
4522
4523
37292
37294
4527
4528
37296
4532
37301
4537
4539
4541
4542
4544
4547
4548
4549
37318
4551
4552
37320
4553
37321
4554
4555
37324
4558
4561
37329
4562
4563
4564
4565
4568
37341
4575
4578
37346
4579
4580
4581
37349
4583
4586
37354
4587
37355
4590
37358
4591
37359
4593
4594
4595
4596
37364
4597
4598
4600
4601
37373
4608
37376
4609
4612
37380
37381
4614
37382
4615
37383
4616
4617
4618
37387
4621
4623
4624
4627
4630
4631
4633
37402
4635
4636
4641
37409
4644
4647
4648
4649
4650
4652
4655
4656
37424
4657
4658
4659
4661
4662
37430
4663
37431
37432
4665
37433
4666
4670
4672
4673
4675
4677
4678
4679
4681
37450
4683
37451
4685
37455
4688
37456
4691
4692
37461
4696
4698
4699
4700
4702
4703
4704
37473
4706
4707
4708
4709
4710
4711
37479
37480
4714
37482
4717
4718
4720
4722
37491
4724
4725
4727
4729
37497
4730
4733
4735
37504
4737
4738
4745
4749
37517
4750
4752
4755
4756
4757
4759
37527
4760
4761
4762
4765
4770
4771
4772
4774
4775
4776
4777
37545
4779
4780
4782
4783
4785
4788
37556
4789
37559
4795
37565
4798
37566
37568
37571
4806
4808
4809
37578
4811
4813
4815
4816
4817
4818
4819
4820
4821
37589
4823
4825
4827
37597
4831
4833
4837
4838
37607
4840
4842
4843
4844
4847
4848
4849
37617
37619
4853
37621
37622
4856
4857
37625
4858
4864
37633
4866
37634
37635
4868
4871
37640
4873
4874
4875
4877
37647
4881
4882
4886
37656
4890
37658
4891
4893
37662
4896
4897
4899
4900
4901
4903
4904
37672
4905
4906
4907
4908
4910
4912
37682
4917
37688
4924
4926
37700
37701
4934
4938
37706
37707
4940
37708
4944
37712
4948
37716
4950
37718
4951
37719
4953
4954
37722
4957
4958
37728
4961
4963
4965
37735
4968
37737
4970
4971
37740
4973
4974
37742
4976
4979
37747
4982
37750
4983
37752
4985
4986
4987
4989
37757
37759
4992
37760
4995
4996
4997
5002
5003
5004
5006
37774
37776
5009
5010
5011
37779
5015
37783
37785
5018
37787
5021
5024
5025
37793
37795
5028
5030
5033
5036
37804
5037
37806
5039
37808
5042
5043
5044
5045
5049
5050
37819
5055
37823
5057
5058
37826
5060
37831
5067
5070
5072
37840
5075
5077
37845
5078
37849
5082
5084
37853
5086
5087
37855
5088
5089
37860
37861
5095
5096
5097
5098
5099
37867
37869
5103
37872
5105
5106
37877
5111
5112
5113
37881
5114
5116
37884
5117
37885
5123
37891
5124
5125
5126
5128
5129
37899
5132
5133
5134
37902
5136
5137
5138
5139
5140
37908
5142
37911
5144
5145
37914
5147
5148
37917
5151
5152
5154
5155
37923
5157
5158
5161
37929
5165
5169
37937
5171
37939
5173
37941
5174
37948
5181
5182
5183
37952
5187
5189
5190
37958
37959
5193
37961
37962
5196
5198
37966
5202
5205
5206
5207
5208
5211
37979
5213
37982
5215
5220
5221
5223
37991
37993
5226
37994
37995
5228
5230
5231
5232
38002
38003
38004
38007
38008
5241
38009
38010
5243
5246
38014
5250
5252
5253
38021
38022
5256
5260
5262
5264
5265
5266
38034
5267
5268
5269
38038
5271
5272
38042
5275
38043
5279
5280
5285
38053
5286
5288
5289
38057
5290
5291
5292
5294
38062
38063
5296
5297
38065
5298
5302
5303
5305
5307
38076
5309
5310
5311
5312
5314
5315
5317
5320
5321
38089
5323
5325
38094
5327
5328
38096
38097
38101
5334
5336
38104
5339
5340
5341
38110
5344
5346
5351
5355
5356
5358
38131
5364
38132
5367
5369
5371
5372
5373
38142
38143
38144
5377
38147
5380
38148
5382
5385
38154
5388
5389
5390
5391
5392
38161
5394
5395
5396
38165
5398
5400
38170
5403
5404
38173
5407
5408
38176
38177
5410
38178
5413
38181
5415
38184
5417
38185
5420
5421
38190
5423
38191
5424
5426
5427
5428
5429
5430
5431
38200
5433
5434
38202
5435
38203
38204
5438
5439
5440
5441
5442
5443
5444
5445
5447
38215
38216
5450
5451
38222
5456
38224
5459
5460
5462
5463
5464
5466
5467
5468
5469
5471
38239
5473
5475
5476
5477
38250
5483
5484
5485
5486
5487
38256
38257
5490
5491
38259
5493
5494
5495
5496
5497
38265
5498
5500
38268
5501
5505
5508
5509
5511
5515
5516
38284
5517
38285
5518
38286
5519
5521
5522
5524
38292
38294
5528
5529
5530
38298
5531
5533
5537
5538
5539
38307
5540
38308
38309
5543
5544
5545
5546
5548
5549
5550
38319
5552
5554
5556
5557
5560
38329
5563
38332
5568
38336
5569
38337
5572
5574
38343
5576
5578
5582
5584
5586
5591
5593
5594
5595
38363
38364
5601
38370
5603
38371
5604
5605
38373
5609
5611
5612
38380
5613
38381
5614
38382
5615
38385
5619
5620
38391
5624
5625
38395
5628
5629
38397
5633
38401
5634
5635
5636
38404
5637
38407
5640
5641
5644
5647
5649
5650
38418
5651
5652
38420
38422
5657
38425
38426
5660
38429
5663
5664
5665
38433
5666
38435
5670
38440
38442
38443
5676
5677
5680
38449
5682
5683
38454
5689
38458
5694
5695
5696
5697
5698
5699
38471
5705
5709
38477
5714
5715
5717
38485
38487
5720
5724
5727
5728
38499
38500
38501
5734
5737
5742
38511
38512
5747
5748
5749
5751
38520
5753
5754
5755
5756
5757
5760
5762
38530
5763
5764
5766
5769
38537
5770
5771
5772
5774
5775
5776
38547
5780
5782
5784
5785
38555
5788
5789
5790
38560
5793
5798
38566
5799
5800
5801
5803
5804
38572
5805
38575
5809
5810
5811
5812
5813
38582
5816
5817
5818
38586
5819
5820
5821
38590
5825
5826
5827
5828
5829
5831
5832
38600
5835
5837
38605
5840
5841
5842
5843
5845
38614
5851
38621
5854
5855
5856
5858
5859
38628
5861
38629
5863
5865
5867
38635
5869
38637
38640
5873
5874
5875
38644
5881
38649
5885
5889
5890
5891
38659
5892
38666
5899
38667
5900
5901
5904
5906
5907
38675
5908
5910
38678
5912
38682
5915
5917
38690
5923
38691
5924
38692
5925
5926
38694
5929
5930
38698
5935
5937
5938
38706
5939
38707
5940
5943
5945
5946
5948
38716
5949
38717
5950
5951
5952
5956
5957
38728
5961
38729
5964
5965
38733
5966
5967
5968
38737
38738
38739
5973
38742
5975
38745
5978
5980
5981
5985
5986
5988
5990
5991
5993
38763
5999
38770
38773
6006
38774
6007
6008
6010
38778
38779
6013
6015
38783
38786
6019
38789
6022
38790
6023
6024
6025
38794
6027
38795
6028
6030
6033
38803
6036
38804
38805
6038
38809
6042
6043
6044
38812
6045
6046
38815
38816
6050
6051
38819
6052
6053
6055
6057
6058
6059
6061
38829
6062
38830
38831
6065
6068
6070
6073
6074
6076
38844
6077
6078
6082
6084
6085
38853
6086
6087
38855
6089
38857
6090
38858
6092
38862
6095
6097
6098
6099
6100
6102
6103
6109
6110
6111
38881
6114
38885
6124
6125
38893
6127
38895
6130
6131
6135
6137
6139
6141
38909
6142
38910
6143
6144
6145
38914
6148
6149
6152
6153
6155
6156
6157
38926
6161
38929
6162
6163
6166
6167
38935
6169
38937
6170
6171
6172
6175
6177
6178
6179
38948
6182
6183
6185
6186
6187
6188
6190
38958
6191
38960
6194
6198
38967
6200
6203
38971
6204
6209
6213
6214
38982
38983
38984
6218
6219
6220
38988
6221
38990
38992
6225
6226
6227
38997
6231
39000
6234
39002
6235
6237
39005
6238
6239
6243
6244
6246
39014
6247
6248
6249
39017
39019
39021
6254
6255
6258
6259
39028
39031
6264
6266
6268
6269
6270
6271
6272
6273
39041
6274
39042
6275
6276
39044
6277
6278
6280
39048
6281
6282
39052
6285
39055
6288
6289
6290
6293
6294
39064
6299
6300
6301
6302
6304
39072
39074
6307
6308
6311
6314
6315
6316
6317
6318
6319
39087
6320
6321
6322
39090
6323
39091
6324
39093
6328
6330
6332
6335
6336
39105
6338
39106
6339
6340
39109
39111
6344
39112
6345
6346
6347
39115
6349
6350
39118
6351
39120
39125
6360
6361
6362
6365
6366
6367
39138
6372
6373
6376
6379
39147
6380
6381
6384
39153
6386
6387
6388
6390
6391
39159
6392
39160
6393
6394
6395
39165
39166
6399
6400
6402
39170
6403
6404
6406
39174
6407
6409
6412
6414
39183
6418
6419
6420
39190
6423
6424
39194
6427
6428
6431
6434
6435
6436
39204
6437
6439
39207
6440
6441
39214
6447
6448
6450
6451
39221
6454
39224
39225
6458
6459
6460
39228
6463
6464
6465
6466
39234
39236
6470
6471
39240
39241
39244
6480
6481
6482
6483
6484
39252
6485
6486
6487
39256
39257
6490
6492
6493
6496
6497
6498
6500
6502
39270
6507
39275
39276
6512
39280
39281
39282
6515
39283
6522
6524
39293
6526
6527
6528
6529
39298
6532
39301
6534
6535
6536
6540
39308
6543
6544
6546
6548
6549
39317
6550
6552
39322
6555
6556
6557
6558
39327
6560
6562
6563
6564
39332
6565
6566
6569
39337
6572
6575
6577
39346
6579
6580
6585
6586
39354
6587
6591
39364
6597
6601
39369
39371
6605
6606
39375
6610
39378
6611
6612
39380
6613
6614
6615
6616
39384
6617
6618
6621
6623
6624
39392
6625
6626
6629
39398
6631
6632
6633
6634
39402
6635
39404
39405
6641
6642
6644
6645
6646
39414
6648
6649
6653
6654
39423
6656
6659
39428
6661
39431
6664
6665
6666
6670
39438
6672
39440
6673
6675
6679
6680
6681
6682
6684
6685
39454
6688
6689
39457
6690
39458
6691
6693
39461
6694
6696
6697
39466
39468
6701
6704
6705
6706
6708
39476
6709
6710
39478
6711
39480
6719
39490
6723
6724
6725
6726
6728
6729
6730
39499
6732
6734
39503
6737
6738
39506
6739
6740
6741
6742
39510
39514
39515
39516
39517
6751
6752
6753
39521
6755
6756
39524
6758
6759
39529
39530
6763
6764
6765
39533
6766
6772
6775
39544
6777
6783
6784
39552
6785
6787
6788
39557
6790
6791
6793
6795
39563
6796
39565
6798
6799
6800
6801
39569
6803
6804
39572
6805
39573
6806
6808
39577
6810
39578
6812
6813
6814
6815
39583
6816
6818
6819
39587
6820
39588
39589
6823
6824
6825
6826
6827
6829
39597
6830
39598
6831
6832
39601
6834
39604
6837
6839
6842
39611
6845
6846
39614
6847
6848
6849
6851
39619
6852
6853
39621
6855
6856
6857
6858
39626
6859
6860
6861
6862
39633
6867
39635
6868
6869
6870
39639
6875
39644
6877
39645
39647
6881
39649
6884
39653
6887
6890
6892
39660
6894
6895
39663
6898
6899
6900
6902
6903
6904
6905
6907
6908
6910
6912
39680
6913
6914
39682
39685
6918
39686
6920
6922
39692
6925
6926
39694
6928
39697
6931
6935
39703
6936
6939
39709
39711
6944
6945
6946
6947
6948
6949
6950
6951
39721
39722
39724
6957
39727
6960
6963
39731
6964
6965
6968
39736
6969
39738
6971
6972
39740
6973
39741
6974
6975
39743
6976
6977
6978
6980
6981
6982
39750
6983
6984
6985
6987
6990
39759
39760
6993
6994
6997
39766
6999
7000
7001
7002
7004
39772
39775
7008
7010
39778
7011
39779
39781
7014
39782
7015
7019
7020
7021
7023
7024
39792
7025
39793
7026
7030
7035
39805
7039
7041
7042
7043
39811
39817
7050
7051
39820
39822
7057
39825
7060
39831
7064
7065
7066
7067
7068
7069
7070
39838
7071
39839
7073
39841
7075
39843
39844
7077
7079
7080
39850
7085
7087
39855
7088
7089
7094
7095
7096
39864
7097
39865
7098
39867
7100
39868
7101
39869
39874
7107
7110
7112
7115
7116
7118
7119
39889
7122
7124
7126
39895
7128
7131
7132
7133
7135
7136
7137
7139
39907
7144
7145
7147
39916
7151
39920
7153
39921
7156
7158
39926
39928
7161
7164
7165
39933
39936
7169
7170
39938
39939
7172
7177
7178
7179
39949
39951
7184
39952
7185
39959
7196
39964
7198
7199
7200
39968
7201
39969
7202
7203
7205
39975
7208
7210
39978
7212
39980
7213
7215
7216
39988
7221
39989
7222
7226
7227
7228
39996
7229
7230
39998
7231
40003
40005
40008
7241
40009
7242
7245
7246
7247
7248
7249
40017
7251
7253
7254
40022
7255
7256
7257
7258
7259
40027
7260
7261
7262
7264
40032
7269
7273
40042
7275
40043
7276
7279
7281
40049
7285
7288
7290
7291
40059
40061
7295
7296
7297
7300
7305
40073
7306
40076
7309
7310
7311
7314
40082
40084
40087
7320
7322
7323
7325
40095
7329
7330
7331
40099
7333
7334
40102
7335
7341
7342
7343
7346
40118
7351
7352
7353
40121
7355
7356
7357
40125
7359
40127
7361
40129
40132
7365
40133
7366
40136
7369
7370
40138
7376
40144
7379
7381
7383
7384
7385
40153
7389
40157
7391
40159
7392
40160
7394
7395
40164
7397
7399
40168
7403
40172
7405
7406
7407
7408
40176
40179
7412
7414
40182
7421
7422
40191
40192
7425
7426
40196
7431
40200
7433
7435
40203
7436
40204
7437
7438
7439
7441
7442
40210
7443
7446
40216
7449
7450
7451
40219
7453
40221
7455
7462
40230
7463
7464
40235
7468
7469
40237
40238
7471
7472
40240
7474
7475
7476
40245
7478
40248
7483
7485
7486
7488
40258
7491
7492
7494
40262
40265
40267
40269
40270
40271
7504
40272
7505
40273
7507
40275
40276
7512
7515
7518
7521
7523
7526
40294
7530
7532
7533
7538
40306
7539
7541
7542
7543
40312
7546
7547
7548
7549
7550
7551
7552
7553
40323
7558
7560
7567
40335
7569
7573
7574
40342
40345
7578
7579
7580
40348
7581
7582
7584
7585
7587
40355
7589
7590
40359
7596
7597
40365
7599
7600
40368
7604
7605
7606
40374
7607
7609
7610
7613
7614
40382
40383
7616
7618
40387
7622
7623
7624
40393
40394
7628
7631
40401
7634
40403
7637
40405
7640
7642
7643
7645
40415
7650
7651
7654
40423
7658
40426
7659
7661
7663
7665
40434
7669
40437
7672
40440
7673
7677
7681
7682
7683
7685
7686
40454
7688
7689
40457
7690
7691
40459
7692
7693
7694
40462
40463
7696
7697
7698
40466
7702
7704
40472
7706
40476
7710
7712
7716
7717
7718
40486
7719
7720
40488
7723
7724
40492
7725
40493
7726
7727
7728
40498
7731
40500
40501
7734
7736
7737
7738
7739
40508
7741
7742
7744
7745
40513
7747
7748
7750
40518
7752
40520
7756
7758
7760
40530
40531
7764
7765
7768
7770
7772
7773
40544
7778
7780
40548
7782
7783
40552
7785
7786
7787
40555
7788
40556
40557
7793
7795
7796
40567
7801
40570
7803
7805
7806
7807
40575
7808
40576
7810
40579
7812
40582
7815
7817
7820
40589
7823
40591
40594
7828
7829
7830
7832
7834
7836
40604
7837
40606
7839
7840
40609
7842
7845
7846
7847
40616
7850
7851
7852
40623
7856
7860
7861
7863
7865
40638
40639
7872
7873
7877
7878
7879
40647
7880
7881
7882
7884
40653
7887
7890
7891
7894
7897
40665
7898
7899
40667
7901
7902
7903
7905
7906
7907
40675
7908
7909
40677
40679
40680
7913
7914
40683
40684
40686
7920
7921
7922
7923
7924
7925
7928
40696
7929
40697
7931
7933
40702
40704
7937
40707
40708
7941
7944
7945
40713
7948
7949
40717
40719
7953
7954
7957
7962
40732
7965
7966
7967
7968
7969
7971
7972
7973
7974
40743
40744
7977
7978
40746
7979
7986
7987
40755
7988
40756
7990
7991
7995
7999
8001
8003
40772
8012
8013
40783
8016
40785
8021
8022
40790
8023
8026
40795
8028
40798
8031
8034
8036
40804
8039
8041
8043
8047
8048
40816
8049
8050
8052
40820
40822
8055
40823
8057
8058
8060
8061
40829
8063
8067
8068
8070
8072
40842
8075
8076
8078
40846
8079
8082
40851
40852
40854
8087
8089
40857
8090
8091
8092
8093
8095
40865
8098
8100
8101
8102
8103
8105
40875
40876
8109
8110
8111
8113
8115
8116
8120
8121
8122
40890
8123
40892
8125
40893
8128
40900
8133
8137
40905
8138
40906
8139
8141
8143
40911
40912
8146
8147
40916
8150
40918
40920
8153
8154
8157
40925
8158
8162
8165
8168
40936
8169
8172
8173
40942
8176
40944
8177
40946
8179
40948
8181
8183
8187
8189
8190
8192
40961
8194
8195
40964
8197
40965
8199
8200
8201
40969
8206
8207
8208
8209
40977
8212
8214
8215
8216
40984
8217
40985
40989
8223
40991
40992
8225
40993
8226
8227
8229
40997
8230
8231
8232
8233
41001
41004
8239
8241
8244
8248
8249
8250
41018
8251
8252
41025
8258
8259
8260
8261
8262
8263
8264
41032
8267
8269
41037
8273
8274
41046
8279
41047
41048
8281
41049
8282
8283
8285
41057
8291
8293
41061
8295
41063
8297
8298
8300
8304
8305
8306
41074
8307
41075
8310
8311
41079
8312
41080
8313
41081
8314
8315
41084
41087
8320
8321
41089
41091
8324
41092
8327
8328
8330
8331
41100
41101
8334
41102
8335
8336
8340
41109
8342
8343
41111
8344
41112
8346
8347
8349
8350
41118
8352
41120
8353
8355
8356
8357
41127
8360
41128
8361
8365
8366
8367
8370
8371
41145
8378
41148
8381
8382
8383
8384
8385
8386
8387
8388
41156
8389
8391
41159
8392
41160
41161
8394
8396
8398
8399
41167
8402
8403
41172
41174
8410
8412
41181
8416
41184
8417
8418
8419
8420
8423
8424
8425
41197
8430
41198
8431
8432
8437
8438
8441
8443
8445
8447
8449
8451
41219
8453
41221
41223
8457
41225
8463
41232
8466
41235
8468
41236
8469
8471
8472
8473
8474
8475
41243
8477
8478
8480
41249
8482
41250
41251
8484
8485
8486
41255
8488
8489
8490
8491
8492
41260
8493
41262
8496
8499
8500
41269
8504
41274
8507
41279
41280
8513
41281
8516
41286
8520
8521
8522
8524
8525
8526
8527
8529
8533
41302
41304
8537
8538
41307
8543
8545
41313
8546
41315
8550
8551
8552
8554
8555
8556
8557
8558
8559
8560
8561
8564
8565
8566
8568
41336
8571
8572
41341
8575
8576
41344
8577
41345
8580
8581
41349
8586
8587
8588
8591
8592
8593
41361
8595
8596
8597
41365
41366
8600
8601
41369
8603
41371
8604
8605
41373
8606
41374
41376
8609
41383
8616
41384
8617
8618
41390
8623
41391
41392
8625
8626
8631
8633
8634
8637
8638
8640
8642
8643
8648
8649
8651
41422
8655
41423
8656
8658
41427
8660
8662
41430
8663
8668
41436
8669
8670
41444
8677
41445
8678
41446
8679
8680
41449
8688
8691
41459
8693
8696
8698
8700
8702
8703
41471
41472
8705
8707
8708
41478
8711
41479
8712
8713
8715
41483
8720
8721
41489
8722
41490
8723
41491
8724
41494
8727
8728
41497
41498
41499
8733
8734
8737
8738
41506
8739
41507
8740
8741
8742
8744
41514
8750
8751
41519
8753
8755
41523
8756
41524
8758
8759
41529
8766
41534
41535
8771
8772
8773
8775
8776
8782
8783
41552
8785
8786
8787
41555
8790
8791
41560
8793
41562
8795
8797
8799
8800
8801
8802
8804
8807
41576
8810
41579
8813
8814
8815
8816
8817
8819
41587
41590
41591
8824
8831
41599
8832
41600
8833
8836
41605
41606
8839
8840
8845
41613
8847
8852
41620
8854
8855
8857
41625
8858
8859
8860
8864
41634
8871
8873
41641
8878
8880
8881
8882
41650
8883
41651
8886
8887
8888
8890
8891
8892
41661
8895
8897
8901
8902
8903
41671
8904
8906
8907
8908
41677
8911
41679
8913
41681
8914
8915
8918
41686
8919
8923
8925
8928
8929
8930
8932
8933
8934
41702
8935
8936
41705
8939
41710
8945
8946
8947
8948
41717
41722
8955
8956
8957
41726
8959
8960
8962
8963
8964
8965
8967
41735
8968
8969
41738
41739
8972
41740
8974
8976
8978
41746
8979
41747
8980
8982
8986
41754
8987
41755
8988
8989
41759
8992
8993
8994
8996
8999
9000
9002
9004
9006
9007
9008
41776
41777
9010
9011
41780
9013
9017
41788
9022
41790
9025
9027
41795
9028
41798
41799
9032
41802
9036
9037
41805
41806
9039
9045
9046
9047
9048
9051
9052
9054
9055
41823
9056
9058
41829
9062
41831
9066
41834
9067
9068
9069
9070
41838
9074
9075
41844
9078
9079
9080
9081
41854
9087
9089
9090
9091
41859
9092
9095
41863
9096
9097
41866
9100
9101
9102
9104
9105
41875
9108
9109
41877
41879
41881
9114
9117
9118
41888
9122
41890
9123
9124
9125
9129
9130
41898
9131
9136
9138
41906
9142
9143
9146
41914
41917
9153
41922
9155
9156
9157
41925
41926
9159
9161
41932
9166
9168
9171
9172
9173
9174
41944
9177
9179
9182
41950
41953
9186
9189
41958
9192
41961
9194
41963
9196
9197
9200
9201
9204
9205
9207
9211
9212
9213
41982
41984
9217
41985
9218
9219
9220
41988
9222
9224
41992
9225
9226
41997
41998
9231
41999
9232
42000
9234
9235
9236
42004
9237
9238
9241
9242
9244
42013
9246
9248
9249
9250
9251
42020
9253
9254
42022
9257
42026
9259
9261
42030
9264
9265
42033
9266
9267
9268
9269
9272
42043
9276
9278
42046
42047
9280
42048
9282
9284
42053
42054
9288
9289
9291
9292
42063
9296
42064
9297
42065
9298
9299
42067
9300
9301
9303
9304
9306
9308
42076
9311
9312
42080
9313
42081
9317
9321
9323
9325
9326
9328
9330
9331
9332
42100
9333
9334
42103
9339
9341
42109
9344
42112
42113
42114
9348
42116
9349
42117
42118
42119
9352
9353
42121
42123
9356
9357
42125
42126
9361
9362
42130
9363
9364
9365
9366
9367
42136
9370
9371
42139
9372
42140
9373
9375
9376
42145
9379
9380
42151
9384
9385
9386
9388
9390
9391
42160
9394
9395
9397
9398
42166
9399
9400
9402
9403
9406
9408
9412
42180
9413
9414
9415
9416
9418
9420
9421
42191
9424
9425
42193
42194
42196
9431
9433
9437
9440
42208
42209
42210
42211
9444
9446
9448
42216
9450
9453
42221
9455
9457
42226
42236
42237
9471
42239
9472
9474
42242
9475
42243
9476
9479
42247
9481
9482
9483
42251
42252
9486
9487
9488
42257
9491
9492
42262
9495
42263
9496
9497
42267
9500
9502
42270
9503
9505
42274
9508
42276
42277
9510
42278
9511
9512
9514
9516
42287
9520
9521
9522
9523
9525
42293
9526
9527
9528
42296
9529
9530
9532
42300
9533
42301
9534
9535
9538
42306
9539
9540
9543
42311
9544
9546
9547
42315
9549
9550
9551
42322
9556
9558
9559
9560
9562
42335
9569
9572
42340
9573
42341
9574
42342
9575
42345
9578
42346
9579
9580
42348
42349
9582
42352
42353
9586
9587
42355
9588
9589
9590
42358
9591
9592
9593
9595
42363
9597
9600
9602
9603
42371
9606
9610
9613
9615
9616
9618
42386
9619
9620
9621
9622
9625
9626
9628
9630
9631
9632
42401
9635
9643
42411
42412
42418
9651
9654
42422
9655
9656
42424
42425
42426
9659
9662
42432
9665
9667
42435
9669
9671
9674
9677
42446
42447
9680
9684
9685
9686
9687
42456
9689
9691
9692
9693
9694
42462
9696
9698
9699
42467
9704
42473
9707
9708
9709
9710
9711
42482
9715
9716
9717
9718
9719
9721
42489
9722
9723
42492
9726
9728
9731
42500
9736
42505
9739
9741
9743
42511
42512
42513
9746
9747
42515
42516
9749
9751
9752
9753
9756
42524
9759
9761
9762
9763
9765
9768
9770
9771
9772
9777
9778
9781
9782
9783
9784
42552
42553
42554
9788
9791
9794
9796
42565
9798
42566
9801
9803
9806
42574
42575
9810
9812
9813
42581
9814
42582
9815
9816
42586
9819
9821
9822
9823
9824
42592
42597
9830
42598
9833
42603
9836
9837
42605
9839
42607
9844
9846
9847
42615
9849
9851
9855
42624
9858
9859
9860
42628
9863
9864
9865
9866
9868
9869
9870
42639
9873
42641
9874
9876
9877
9878
9879
9880
9881
9883
9887
42657
9890
42659
9892
9894
9895
42663
9896
42665
9899
42667
42668
42671
9908
42678
9911
42680
9914
9916
9917
42686
9920
9921
9923
9926
9927
9929
9931
9932
9934
42702
9935
9936
9937
9938
42706
9940
9941
9942
42710
9944
42712
9947
42715
9948
42717
9950
9951
42719
9952
42720
42721
9956
9958
9959
9961
9962
42730
9963
42731
42732
9965
9966
9967
42736
9969
42738
9971
9972
9974
42742
9975
9976
9977
9978
42747
9980
9981
9984
42753
9986
9987
9988
9989
9990
9991
9994
9995
42763
9997
9998
42766
9999
10000
42768
10001
10002
42771
10004
10006
10010
10011
42779
10012
10013
10014
42782
10015
42785
10018
10023
10024
42793
10026
10027
10028
10029
10031
42801
10034
10036
10037
10038
10040
42810
42812
42814
10047
10048
42817
10050
10051
10052
10054
10055
10057
10059
10061
10062
42831
10064
10068
10070
42839
10072
42840
10073
10075
10077
42845
10078
10079
42847
10080
42848
10081
42849
10082
10083
42851
10085
42853
10087
10088
42856
10091
10093
42861
10095
42863
10099
10100
10102
10104
10105
10106
10108
10109
10110
10117
42885
10118
10119
42887
10120
42888
10121
10122
42892
10126
42897
10130
10134
10135
10136
10138
42906
10140
42910
10147
42915
42917
10151
10152
42921
42922
10155
10156
42925
10158
42929
10163
10164
10165
42933
10168
42937
10173
10174
10175
10176
10179
10180
42950
10185
42953
10186
10187
10189
10192
42960
10193
10194
10196
10198
10200
42968
10201
10203
10207
10209
10211
42982
10215
10220
10221
42989
10222
42990
42991
10225
42995
10228
10229
10233
10234
10236
10237
10238
10239
43009
10242
43010
10244
10246
43015
10248
10251
10252
43020
43021
10254
10255
43023
10256
10260
43028
10261
10262
43030
10263
10264
10265
10267
10270
43038
10271
43039
10273
10274
10275
43043
10276
10277
43045
10279
10280
10283
10284
43052
10286
43055
10288
10290
10292
43060
10293
10296
10297
10300
10301
10302
10303
10304
10305
10307
10308
10309
43077
10310
10314
43083
43084
10317
10318
10319
10320
43088
10322
43090
10323
10324
10325
43094
43097
10333
10335
10337
10339
10340
10341
10343
10344
43112
10345
10347
10348
10349
10350
43118
10351
10352
43120
43122
10355
43123
10356
10357
43125
43126
43127
10360
43130
10366
43136
10372
10374
43142
10377
10378
43148
10381
43150
10383
10384
10386
43154
10387
43155
10389
10390
43159
43160
43161
10395
10396
10397
10398
10399
10400
10402
43170
10404
10405
43173
10406
10407
10408
10409
43178
10413
10415
10416
43184
43186
10421
10425
10426
43195
10429
43200
10433
10434
43203
10436
43204
10438
10439
10440
43208
10441
10442
43210
10444
43212
10445
10446
43215
43216
43217
43218
10451
43220
10453
10454
10456
10459
10460
43229
10462
10463
10464
10465
10466
43234
10468
10469
10470
10471
10472
43242
10475
10477
43249
10482
10484
43254
10489
10491
43261
10494
10497
43265
10499
10500
43268
10501
10505
43273
43274
10509
10510
43278
10512
43280
43281
10515
43283
10516
10517
10518
43286
10520
10521
10522
10523
10524
10526
43297
43298
43301
10535
43304
10537
10539
43307
43309
10542
10543
10544
10546
10547
10549
10550
10553
10554
43323
43324
10559
43327
10561
10563
43331
10564
10565
43333
43334
10568
10571
10572
10573
43341
10575
10576
10577
10580
10583
10585
10587
43356
10590
43360
10593
10595
10597
43365
10598
43366
10600
10601
43371
10607
43375
10608
10609
43379
43380
10615
10616
10617
10618
10619
10620
43389
10622
10623
10625
10629
43397
10631
43400
10636
10638
43407
10640
10642
10643
10644
10647
10648
43417
10650
10651
43419
10652
10653
43421
10655
10656
10657
43425
10658
10659
10660
10661
10662
43430
10663
43431
10664
10666
10668
10671
10672
10673
43441
43442
10677
10678
10679
43452
43453
10686
43454
10687
10690
10691
10695
43464
10697
10699
10700
43468
10702
10703
43471
10706
10711
10713
10719
10722
10723
10724
10726
10727
10728
43496
43498
10731
10732
10736
10738
10739
43508
43511
10744
10745
10746
10747
10748
10749
10750
43518
10751
10752
10754
43522
10756
43526
10761
43529
10762
10763
10764
43534
10768
43539
10772
10773
43541
10775
10776
43545
10778
10779
10781
10783
43551
43554
10788
10792
10793
43565
43569
10802
10803
10805
10807
43576
10809
43577
43578
10811
10812
10813
10814
43583
10816
10818
10820
43591
10824
43593
10826
10827
43595
10829
10830
10834
10835
10837
43609
10843
10845
10846
10848
10849
10852
10853
43626
10860
43628
10862
10863
43631
10865
43633
10866
43634
10867
10869
10871
43639
43640
43641
10874
43644
10877
43646
10881
43651
10889
43657
10890
43658
43663
43665
10898
10899
43667
10900
10901
10902
43670
10903
10904
43672
10905
10907
10908
10909
10912
43681
10915
43684
10917
43689
10922
10925
43693
10926
10927
10928
43697
10931
10933
10936
43707
10941
10942
43710
10945
10949
10952
10953
10954
43722
10956
43725
10958
10959
10960
43728
10961
10963
10964
10967
10968
10970
10971
10974
43743
10976
43745
10978
10979
10980
10981
43749
10982
10984
43752
10986
43754
10988
10991
10993
43762
10995
10996
10997
43765
10998
10999
43767
11001
11002
11003
11004
43772
11005
11006
11007
11012
11014
43782
11016
43784
11017
11018
11019
11020
43788
11021
43789
11022
11023
11024
11025
11026
11027
11028
43797
11030
11031
11036
43806
43807
11040
43810
11044
11045
11046
11047
11048
43816
11050
43818
11051
43819
11052
11054
43822
43823
11056
11057
11058
11060
43830
11063
11066
11069
11071
11073
11074
11075
11076
43844
11077
11079
11080
11081
11083
43851
11084
11085
11087
11088
11091
11092
11093
11095
43863
11097
43865
11101
43869
11102
11103
43872
11106
11107
43875
11110
11111
43879
11113
11114
11115
43884
11117
11121
11122
11123
11124
11128
11131
11132
11133
43901
11136
43904
11137
11138
11139
11140
11141
11147
11148
43918
11151
43920
43921
43922
11158
43926
43927
43928
11161
43929
43930
11164
11166
11167
11168
43936
11169
43938
43939
43940
11173
11174
11175
11176
43944
11178
11179
11180
43949
43951
11186
43955
11189
43957
11190
11192
11194
11197
11198
11204
11205
11206
11207
11208
43977
11212
11215
43983
43985
11218
11220
11222
43990
11227
43995
11228
11229
43999
11232
11233
11234
44003
44005
11241
11242
11244
11247
11249
11250
11251
44019
11252
44020
11253
44021
11254
11256
11258
11260
11262
11263
11265
44033
11266
11267
11270
44040
11274
11276
11277
11279
44048
11281
11282
44050
44053
11287
11288
44058
11291
11292
44060
11294
11298
11299
11301
11304
44072
44073
44076
11310
44078
11312
11314
11315
11317
11318
11319
11320
44088
11322
11324
11326
11330
44102
44103
11336
44104
11337
11338
11339
11340
44110
11343
11346
11347
11348
11351
44119
11353
11356
11357
11360
11361
11364
11365
11366
44135
11369
44137
11370
11371
11372
44140
44141
11375
11376
11377
11379
11380
11382
11383
11384
44152
11386
44155
11388
11389
11390
11391
11392
44161
11395
11397
11398
11399
44167
11401
44169
44170
11403
11404
11405
11408
11409
44177
11411
44180
11414
11416
44184
44186
11419
44187
11422
44192
11425
44193
11426
11428
11429
11431
11433
11435
11437
11438
44206
11439
44207
11440
11441
11443
44211
11451
11452
11454
11456
11457
44227
11461
44229
11462
44230
11463
44233
44234
11467
11469
11472
11473
11474
11476
44244
44245
11478
11479
11480
11481
11483
11485
11487
44258
11491
11492
44262
44266
11500
11501
44270
11503
11505
11506
11507
11509
11512
44281
11514
44282
44287
11520
11521
11522
44290
11523
11524
11525
11526
11527
11528
44297
11530
11531
11533
11534
11536
44304
11538
44307
11540
11542
11543
11544
44313
11548
11550
11551
11552
11554
11555
11556
11557
11558
11559
11560
11561
11563
11566
11570
44339
11572
11573
44343
44344
11579
11580
11581
11582
11584
11585
11586
11589
44358
11591
11593
11594
44363
11596
11597
44365
11598
44368
11601
44369
11602
11603
44371
11605
11606
11607
11610
44378
11611
11614
44382
11615
11616
11617
44385
11622
11626
11628
11629
44397
11631
44399
11632
11633
11634
44405
11638
11640
11641
44409
44410
11644
44415
11649
11652
44422
11656
11657
44425
11659
11664
44432
11666
44434
11668
44437
11672
44442
11675
11676
11678
44447
11680
44448
11683
11684
11685
11686
11687
44455
11688
11690
11691
11697
11699
44467
11701
11707
44477
11710
44478
44479
11712
11713
11714
44482
44483
11717
11718
44489
11725
11726
44496
44498
11733
11735
11736
44505
11738
11740
11741
44509
11743
11744
44512
11745
11746
44514
11747
11748
11749
44518
11752
11753
11754
44522
11755
44523
11756
11761
11763
11764
44532
44533
11766
11767
11769
11770
11771
11772
11773
44541
11774
11775
11777
11778
44546
11779
44547
11780
11781
44550
11783
11784
11786
11787
44556
11791
44559
11792
44561
11794
44563
11797
44565
11799
44567
11802
44570
11803
11805
11806
11807
11809
11810
44579
11812
11814
11816
11817
11818
11822
44590
11823
11824
11825
11827
11828
11830
11832
44600
11834
11836
11838
11839
11841
44610
11843
11844
11845
11848
44616
44617
11850
44618
11852
11853
44621
11855
11856
44624
11858
11861
11865
11866
11867
11868
11870
44638
11873
11878
11880
11881
44649
11888
11889
11891
11892
11893
11894
44662
11895
44663
11896
44664
11899
11900
11901
11903
11906
11908
11912
11916
11917
11919
44687
11920
11921
11922
11923
44693
44694
11930
11931
11934
11936
11937
44705
11940
11941
44709
11943
11944
11945
44713
44716
11950
11953
44721
11954
44726
11959
11960
11961
44729
11963
44731
11964
11966
11967
44735
11971
11973
44744
11977
44747
11982
11984
11985
11986
11987
11988
11989
11990
44759
44762
11995
11999
44773
12006
12009
12012
44781
12014
12017
12018
44786
12019
12020
12023
44791
12024
44792
12025
12026
12027
12028
12029
44797
12030
44798
44799
12032
12033
44802
12035
44803
12037
12040
12042
12043
44812
44815
12048
44816
44817
12052
44822
12055
12056
44824
12058
12059
12062
12063
12064
12067
44835
12073
44841
12074
44842
12077
12078
12079
12080
44849
12082
44853
12086
44854
12087
44855
12088
12090
12091
44860
12093
12094
12097
12102
12103
44871
12104
12105
44879
12113
12114
12115
12116
12118
12119
12121
12122
12123
12126
12127
12128
12130
44900
44903
12136
44905
12138
44909
12142
44910
12144
44912
12145
12148
44918
12152
12153
12156
12157
12159
12160
44928
12161
12162
44933
12167
12169
44938
12172
44941
12178
12179
12181
12183
12188
12189
12190
12191
12193
44962
12195
12197
12199
12200
12201
12202
44972
12205
44974
12207
12208
12210
12212
44980
12214
44982
44983
12216
12221
44989
44991
12224
12225
12226
44995
12229
44997
12230
45000
12233
45001
12234
45002
12235
12237
45005
12238
12239
12240
12243
12244
45013
12246
12247
12249
45018
12251
12252
12253
45021
12254
12255
12257
12258
12260
12262
45030
12263
12264
45032
12265
45033
12266
12267
12268
12271
12272
45040
12275
45043
12277
12278
45046
12279
12280
45048
12281
12282
45052
12286
12287
12288
12292
12294
12299
45067
45068
45069
12304
12308
12310
12311
12313
45081
12314
12315
12316
45084
45087
12321
45091
12324
12326
12328
45098
12331
12333
12334
12335
45103
12336
12337
45106
12340
45110
12343
12346
12347
12348
12349
12350
12351
12352
12354
12355
12358
12359
12360
12361
12362
12363
12366
12369
12371
12373
12374
12375
12376
12379
12380
12383
12384
12385
12388
12392
12397
12401
12403
12404
12405
12407
12408
12409
12410
12411
12412
12415
12417
12418
12419
12421
12422
12424
12425
12427
12428
12430
12431
12432
12436
12438
12445
12446
12448
12451
12453
12455
12457
12458
12461
12466
12467
12468
12469
12470
12471
12472
12473
12474
12475
12477
12478
12481
12482
12483
12484
12488
12489
12496
12497
12498
12499
12504
12507
12508
12510
12511
12512
12515
12520
12521
12522
12524
12529
12530
12531
12532
12534
12536
12539
12542
12544
12545
12546
12548
12552
12553
12554
12555
12557
12558
12561
12562
12565
12566
12568
12569
12570
12572
12574
12575
12577
12580
12581
12583
12585
12586
12588
12589
12592
12593
12598
12600
12601
12602
12603
12606
12607
12608
12609
12613
12615
12616
12620
12625
12627
12628
12629
12630
12632
12634
12637
12638
12639
12643
12645
12646
12648
12650
12652
12653
12655
12656
12660
12661
12664
12665
12669
12671
12674
12679
12682
12684
12686
12687
12688
12690
12691
12693
12697
12702
12703
12705
12707
12708
12711
12713
12714
12715
12717
12719
12723
12724
12725
12727
12728
12729
12730
12731
12733
12736
12739
12740
12741
12743
12747
12749
12752
12753
12754
12755
12757
12760
12761
12762
12764
12768
12769
12770
12772
12775
12776
12778
12781
12785
12786
12787
12794
12795
12796
12797
12800
12804
12809
12810
12811
12815
12816
12817
12818
12820
12823
12826
12831
12833
12835
12836
12840
12843
12844
12845
12847
12849
12851
12852
12853
12854
12855
12856
12857
12859
12860
12863
12865
12866
12869
12870
12871
12873
12877
12879
12880
12881
12884
12889
12890
12893
12895
12899
12901
12902
12905
12907
12908
12913
12916
12917
12919
12920
12923
12924
12925
12926
12927
12928
12929
12930
12931
12933
12936
12937
12939
12940
12941
12943
12949
12950
12953
12954
12955
12957
12958
12959
12964
12967
12968
12969
12970
12972
12974
12979
12980
12981
12984
12985
12988
12989
12992
12993
12994
12997
12999
13000
13002
13003
13004
13008
13010
13014
13015
13019
13022
13024
13026
13027
13028
13030
13033
13034
13035
13036
13039
13041
13043
13044
13045
13046
13047
13049
13051
13055
13056
13057
13059
13062
13064
13067
13068
13069
13070
13071
13072
13073
13074
13075
13076
13077
13080
13081
13083
13086
13088
13091
13092
13093
13094
13097
13099
13101
13102
13103
13104
13105
13107
13108
13109
13111
13113
13115
13117
13118
13119
13120
13121
13122
13124
13130
13133
13134
13137
13139
13140
13141
13143
13145
13148
13151
13152
13154
13157
13159
13160
13163
13166
13168
13170
13171
13176
13178
13182
13185
13188
13190
13192
13193
13196
13197
13199
13201
13203
13204
13205
13206
13207
13208
13209
13210
13212
13213
13215
13217
13219
13220
13222
13223
13224
13225
13228
13233
13235
13236
13237
13239
13241
13242
13244
13245
13246
13250
13251
13253
13256
13258
13259
13261
13264
13267
13271
13272
13273
13276
13277
13280
13287
13288
13289
13291
13294
13295
13296
13299
13302
13303
13304
13306
13307
13308
13310
13312
13315
13317
13319
13322
13323
13324
13331
13333
13334
13336
13337
13338
13339
13342
13346
13347
13349
13350
13351
13356
13358
13359
13360
13362
13364
13365
13366
13372
13374
13377
13378
13382
13384
13385
13386
13387
13388
13389
13390
13391
13392
13393
13398
13400
13401
13402
13403
13404
13407
13408
13411
13412
13413
13414
13415
13416
13423
13426
13428
13429
13430
13431
13432
13435
13436
13437
13438
13439
13440
13441
13442
13443
13447
13448
13449
13451
13452
13454
13455
13456
13459
13460
13461
13463
13465
13467
13468
13470
13471
13473
13478
13479
13480
13481
13482
13483
13484
13485
13490
13494
13495
13497
13498
13500
13506
13510
13512
13514
13515
13518
13520
13521
13522
13524
13525
13526
13530
13532
13534
13535
13536
13540
13541
13542
13544
13545
13548
13549
13551
13553
13556
13560
13562
13565
13567
13569
13570
13571
13574
13576
13578
13581
13585
13586
13587
13588
13589
13590
13593
13594
13595
13599
13600
13602
13604
13605
13606
13608
13609
13611
13612
13613
13617
13621
13623
13624
13626
13627
13629
13632
13633
13634
13635
13636
13638
13642
13643
13644
13646
13651
13652
13653
13654
13655
13656
13658
13659
13660
13662
13663
13664
13666
13667
13669
13671
13672
13673
13676
13677
13681
13684
13687
13688
13689
13690
13691
13692
13693
13694
13695
13697
13701
13702
13705
13706
13708
13709
13711
13714
13715
13717
13719
13720
13721
13724
13726
13727
13729
13732
13733
13734
13735
13737
13739
13740
13742
13744
13746
13747
13748
13749
13751
13752
13754
13756
13757
13758
13761
13764
13766
13767
13768
13770
13771
13772
13774
13776
13777
13782
13783
13784
13785
13787
13789
13790
13791
13792
13794
13795
13798
13802
13804
13806
13807
13808
13810
13811
13812
13813
13814
13815
13816
13817
13820
13821
13825
13830
13832
13833
13834
13835
13837
13838
13845
13846
13847
13848
13851
13853
13854
13855
13856
13857
13866
13867
13868
13870
13874
13875
13876
13878
13879
13880
13881
13883
13884
13887
13890
13892
13895
13897
13898
13899
13903
13904
13905
13906
13907
13908
13909
13911
13912
13914
13915
13916
13917
13922
13923
13925
13926
13929
13930
13931
13933
13936
13938
13939
13940
13943
13944
13947
13952
13953
13954
13958
13960
13962
13963
13965
13966
13967
13968
13969
13970
13974
13975
13976
13988
13989
13990
13995
13997
14002
14003
14006
14007
14009
14010
14014
14015
14017
14020
14021
14023
14027
14028
14031
14034
14037
14039
14040
14041
14042
14045
14046
14050
14051
14052
14055
14057
14059
14061
14062
14063
14065
14066
14068
14070
14071
14072
14074
14077
14078
14079
14081
14082
14083
14084
14086
14088
14091
14093
14094
14095
14097
14100
14103
14104
14105
14106
14107
14108
14110
14115
14120
14122
14125
14126
14127
14130
14133
14134
14135
14136
14141
14145
14146
14147
14148
14151
14152
14153
14160
14163
14164
14169
14172
14178
14181
14182
14183
14184
14186
14187
14188
14189
14191
14192
14193
14195
14196
14197
14198
14200
14203
14204
14205
14206
14207
14208
14213
14214
14216
14219
14224
14225
14227
14228
14231
14233
14240
14241
14242
14244
14245
14246
14247
14249
14251
14253
14254
14256
14257
14258
14260
14261
14263
14264
14265
14268
14271
14273
14274
14280
14281
14284
14285
14286
14288
14289
14293
14294
14295
14296
14300
14309
14310
14312
14313
14316
14317
14318
14319
14323
14324
14326
14328
14329
14332
14333
14334
14335
14336
14339
14344
14345
14346
14347
14350
14351
14357
14360
14361
14365
14366
14368
14369
14371
14374
14376
14383
14385
14386
14387
14389
14390
14395
14396
14398
14399
14401
14402
14403
14404
14407
14408
14409
14411
14412
14413
14416
14417
14418
14420
14421
14422
14423
14424
14425
14426
14429
14430
14431
14433
14434
14435
14436
14437
14438
14442
14446
14448
14451
14453
14455
14460
14464
14468
14471
14472
14478
14479
14480
14482
14483
14484
14485
14486
14487
14488
14490
14492
14497
14499
14500
14501
14503
14504
14507
14508
14511
14514
14515
14516
14518
14519
14521
14522
14524
14528
14529
14530
14531
14533
14534
14535
14538
14542
14544
14545
14546
14548
14549
14550
14554
14556
14557
14561
14563
14564
14568
14569
14572
14573
14582
14583
14585
14587
14588
14589
14591
14595
14597
14598
14600
14602
14604
14608
14609
14613
14616
14617
14618
14620
14622
14626
14627
14629
14633
14634
14635
14638
14643
14646
14650
14651
14654
14655
14656
14657
14658
14659
14660
14661
14663
14666
14669
14673
14675
14676
14678
14680
14682
14684
14687
14691
14692
14694
14699
14700
14703
14704
14706
14708
14709
14712
14713
14716
14717
14718
14720
14722
14723
14726
14728
14729
14730
14731
14732
14737
14739
14741
14743
14744
14750
14753
14754
14755
14763
14766
14767
14771
14772
14774
14775
14776
14777
14778
14779
14780
14782
14784
14785
14786
14788
14791
14792
14793
14795
14797
14798
14799
14802
14804
14807
14809
14810
14811
14814
14815
14817
14819
14820
14821
14825
14827
14829
14830
14831
14833
14836
14837
14844
14846
14847
14849
14852
14858
14859
14860
14868
14869
14873
14874
14875
14879
14880
14882
14883
14885
14886
14888
14889
14890
14891
14893
14894
14895
14896
14897
14898
14900
14901
14902
14903
14904
14907
14908
14911
14913
14914
14917
14918
14921
14922
14923
14925
14930
14931
14932
14934
14938
14941
14942
14943
14944
14946
14948
14953
14957
14960
14963
14969
14973
14974
14975
14976
14977
14978
14979
14980
14981
14982
14983
14985
14988
14989
14990
14991
14992
14995
14997
14998
14999
15000
15001
15003
15006
15011
15019
15021
15022
15023
15024
15026
15027
15028
15029
15030
15032
15033
15035
15036
15037
15038
15042
15044
15046
15048
15049
15050
15051
15054
15056
15059
15061
15064
15067
15069
15073
15075
15077
15079
15081
15082
15087
15092
15093
15094
15095
15097
15098
15100
15103
15104
15105
15106
15107
15108
15109
15111
15113
15114
15115
15117
15118
15119
15121
15123
15126
15127
15128
15130
15135
15136
15139
15140
15143
15149
15150
15153
15154
15155
15156
15157
15158
15160
15162
15164
15166
15169
15171
15175
15177
15178
15179
15180
15182
15185
15186
15187
15188
15192
15193
15195
15196
15199
15201
15202
15204
15205
15211
15213
15216
15218
15219
15221
15222
15226
15231
15238
15241
15242
15248
15249
15250
15251
15253
15254
15255
15257
15259
15262
15263
15264
15266
15268
15270
15273
15274
15276
15277
15278
15279
15280
15282
15285
15287
15289
15291
15293
15294
15295
15296
15297
15301
15302
15306
15307
15311
15312
15313
15314
15320
15321
15323
15325
15326
15328
15331
15335
15338
15339
15340
15345
15349
15354
15356
15357
15359
15361
15365
15367
15371
15372
15373
15375
15379
15380
15382
15383
15385
15387
15388
15393
15395
15396
15398
15400
15405
15407
15408
15410
15411
15414
15421
15424
15425
15426
15430
15432
15434
15436
15438
15442
15444
15446
15447
15449
15450
15452
15453
15454
15455
15456
15457
15460
15461
15463
15464
15465
15466
15468
15470
15472
15473
15474
15478
15479
15480
15481
15484
15486
15487
15488
15489
15490
15492
15494
15499
15506
15507
15512
15513
15514
15515
15517
15518
15519
15520
15523
15528
15531
15532
15534
15537
15540
15541
15542
15544
15547
15550
15552
15554
15555
15556
15558
15560
15562
15564
15567
15568
15569
15571
15572
15573
15575
15576
15579
15580
15581
15582
15583
15586
15587
15588
15589
15590
15591
15593
15595
15597
15599
15600
15603
15605
15606
15613
15614
15615
15617
15619
15620
15621
15627
15630
15632
15634
15635
15636
15638
15641
15642
15647
15648
15650
15653
15654
15655
15656
15657
15658
15659
15661
15662
15663
15664
15666
15668
15669
15670
15671
15673
15674
15675
15678
15681
15684
15686
15688
15689
15690
15692
15693
15696
15699
15704
15708
15709
15714
15716
15719
15720
15721
15722
15723
15727
15728
15729
15730
15732
15733
15734
15742
15744
15745
15747
15748
15749
15751
15752
15759
15761
15763
15764
15765
15767
15770
15772
15773
15774
15775
15777
15778
15781
15782
15783
15784
15785
15788
15789
15791
15792
15793
15794
15795
15796
15798
15799
15801
15802
15803
15804
15805
15806
15807
15808
15814
15815
15816
15821
15822
15823
15825
15826
15827
15830
15831
15836
15839
15840
15842
15844
15845
15846
15847
15848
15850
15855
15857
15858
15860
15861
15863
15865
15867
15868
15870
15871
15875
15876
15877
15878
15880
15881
15883
15885
15886
15887
15890
15891
15892
15893
15895
15897
15899
15900
15902
15903
15904
15905
15911
15912
15913
15914
15921
15922
15926
15927
15928
15930
15931
15932
15941
15942
15943
15945
15946
15947
15948
15949
15950
15951
15957
15958
15959
15961
15962
15963
15965
15968
15970
15971
15972
15973
15974
15979
15980
15981
15982
15984
15985
15986
15987
15988
15989
15990
15992
15994
15995
16002
16003
16004
16005
16006
16011
16015
16016
16017
16018
16020
16021
16023
16025
16027
16028
16033
16034
16035
16037
16039
16040
16041
16042
16045
16046
16047
16049
16051
16052
16054
16055
16058
16062
16063
16064
16066
16067
16068
16070
16072
16077
16080
16081
16086
16087
16088
16090
16091
16092
16094
16098
16099
16100
16101
16102
16103
16107
16109
16111
16115
16116
16117
16119
16121
16122
16123
16124
16125
16126
16127
16128
16129
16134
16135
16136
16141
16142
16143
16144
16145
16147
16149
16150
16153
16155
16156
16157
16159
16161
16162
16163
16165
16166
16169
16170
16173
16175
16177
16178
16179
16180
16181
16184
16186
16189
16191
16194
16196
16197
16198
16199
16201
16203
16204
16205
16206
16208
16209
16210
16212
16213
16218
16219
16220
16223
16225
16230
16231
16232
16234
16237
16238
16242
16243
16246
16247
16248
16250
16251
16252
16255
16256
16257
16259
16267
16269
16270
16272
16273
16278
16279
16283
16285
16287
16288
16290
16291
16292
16294
16303
16304
16307
16308
16309
16310
16311
16313
16314
16315
16319
16320
16321
16323
16325
16326
16327
16331
16332
16333
16334
16336
16337
16338
16340
16341
16343
16345
16347
16349
16351
16353
16354
16355
16356
16357
16358
16360
16361
16363
16364
16365
16366
16367
16369
16370
16373
16374
16375
16378
16379
16380
16382
16384
16386
16387
16390
16392
16394
16395
16398
16399
16402
16403
16405
16406
16407
16408
16409
16412
16414
16418
16419
16421
16423
16425
16426
16427
16430
16433
16434
16435
16436
16437
16439
16440
16441
16442
16444
16446
16447
16448
16449
16452
16453
16456
16458
16463
16466
16471
16474
16475
16476
16477
16478
16479
16480
16483
16485
16487
16489
16491
16492
16493
16494
16495
16499
16500
16501
16502
16503
16504
16505
16506
16511
16512
16515
16517
16518
16520
16522
16523
16524
16527
16528
16529
16533
16534
16538
16541
16543
16544
16547
16548
16552
16555
16561
16564
16567
16568
16569
16570
16572
16575
16579
16582
16583
16584
16585
16586
16591
16597
16598
16599
16601
16603
16604
16605
16608
16612
16616
16617
16618
16621
16622
16623
16625
16630
16631
16635
16636
16637
16638
16639
16640
16641
16643
16646
16647
16650
16652
16654
16656
16658
16660
16661
16663
16666
16668
16669
16670
16672
16675
16676
16677
16678
16680
16681
16684
16685
16689
16690
16692
16695
16700
16701
16702
16703
16704
16705
16706
16708
16710
16711
16715
16716
16717
16719
16720
16721
16722
16726
16728
16733
16737
16738
16739
16741
16744
16747
16748
16750
16755
16757
16759
16763
16764
16765
16767
16770
16771
16772
16773
16775
16779
16780
16781
16783
16788
16789
16791
16795
16797
16798
16802
16804
16808
16810
16812
16813
16816
16817
16819
16823
16825
16826
16827
16828
16831
16833
16834
16835
16836
16839
16840
16844
16845
16846
16848
16852
16854
16855
16857
16858
16859
16862
16865
16867
16868
16869
16870
16872
16875
16877
16878
16879
16886
16887
16888
16889
16896
16898
16900
16901
16902
16903
16905
16906
16908
16909
16910
16911
16912
16913
16916
16921
16928
16929
16930
16932
16934
16937
16938
16939
16941
16942
16946
16950
16953
16956
16958
16959
16961
16962
16965
16968
16969
16973
16974
16977
16981
16983
16984
16985
16986
16987
16989
16990
16992
16993
16997
16998
17000
17002
17003
17007
17010
17013
17014
17015
17019
17021
17023
17025
17026
17027
17028
17029
17033
17035
17037
17039
17040
17042
17043
17045
17048
17049
17050
17052
17058
17059
17061
17062
17063
17065
17067
17069
17070
17073
17074
17075
17076
17079
17080
17081
17082
17085
17086
17087
17088
17089
17091
17097
17099
17101
17102
17104
17107
17108
17113
17114
17117
17118
17119
17123
17124
17127
17130
17131
17132
17134
17135
17138
17140
17141
17142
17146
17147
17148
17151
17154
17155
17157
17159
17162
17165
17167
17172
17173
17175
17179
17182
17186
17188
17192
17194
17200
17202
17204
17205
17208
17209
17210
17211
17212
17217
17221
17223
17224
17226
17227
17229
17230
17231
17234
17235
17236
17237
17239
17241
17242
17243
17247
17251
17252
17253
17254
17255
17257
17258
17263
17265
17266
17270
17272
17275
17277
17282
17284
17286
17287
17288
17289
17293
17294
17295
17296
17297
17301
17302
17305
17307
17308
17314
17318
17322
17323
17324
17325
17326
17327
17330
17332
17333
17336
17338
17339
17340
17341
17342
17343
17344
17345
17346
17348
17350
17351
17352
17353
17357
17358
17359
17360
17361
17362
17363
17364
17365
17366
17368
17370
17372
17374
17377
17379
17381
17384
17387
17389
17390
17391
17392
17393
17395
17396
17397
17399
17401
17402
17405
17409
17411
17412
17415
17416
17419
17420
17422
17426
17428
17430
17431
17432
17434
17438
17440
17441
17442
17443
17445
17447
17448
17450
17451
17453
17456
17457
17460
17461
17464
17466
17469
17470
17472
17477
17478
17481
17482
17484
17486
17488
17489
17490
17495
17496
17497
17498
17499
17500
17502
17504
17505
17508
17512
17514
17515
17518
17521
17526
17527
17529
17530
17533
17534
17538
17540
17541
17543
17544
17547
17548
17550
17553
17554
17563
17564
17565
17567
17568
17569
17574
17575
17576
17578
17579
17582
17585
17586
17589
17590
17591
17592
17594
17596
17597
17600
17601
17602
17611
17614
17616
17617
17620
17621
17623
17624
17626
17628
17632
17634
17636
17637
17638
17639
17640
17642
17646
17650
17651
17654
17659
17663
17668
17671
17673
17674
17675
17678
17680
17683
17686
17689
17690
17695
17700
17702
17705
17706
17707
17710
17714
17717
17718
17719
17722
17723
17724
17726
17727
17728
17731
17735
17736
17738
17742
17744
17746
17747
17761
17763
17764
17766
17767
17768
17769
17770
17771
17772
17774
17775
17776
17778
17779
17783
17785
17787
17788
17789
17790
17791
17794
17795
17796
17797
17799
17800
17801
17804
17806
17808
17809
17811
17813
17814
17815
17818
17820
17825
17826
17827
17828
17830
17832
17834
17840
17842
17843
17844
17846
17847
17848
17850
17851
17852
17853
17854
17855
17857
17861
17862
17863
17864
17869
17870
17871
17874
17876
17877
17878
17879
17881
17882
17883
17884
17885
17887
17889
17891
17892
17896
17898
17899
17900
17903
17904
17905
17906
17907
17908
17910
17916
17918
17919
17920
17923
17924
17926
17927
17929
17935
17939
17944
17954
17956
17957
17958
17959
17960
17961
17964
17965
17966
17967
17968
17970
17972
17974
17976
17977
17978
17979
17980
17981
17982
17983
17986
17989
17991
17994
17995
17996
17998
18000
18003
18004
18005
18006
18007
18008
18010
18011
18012
18014
18016
18017
18018
18020
18023
18027
18028
18029
18030
18032
18033
18034
18036
18037
18040
18041
18042
18043
18044
18046
18047
18048
18050
18055
18056
18058
18059
18061
18064
18065
18066
18069
18072
18073
18074
18075
18078
18079
18080
18081
18082
18086
18088
18090
18091
18092
18094
18096
18098
18100
18101
18102
18103
18104
18105
18107
18113
18115
18116
18117
18119
18120
18121
18123
18124
18125
18126
18127
18130
18131
18132
18133
18135
18137
18138
18139
18140
18141
18148
18149
18150
18151
18152
18153
18154
18156
18159
18160
18163
18167
18169
18175
18176
18177
18180
18181
18182
18183
18184
18185
18188
18189
18190
18197
18199
18203
18204
18205
18207
18209
18213
18214
18218
18219
18220
18221
18223
18224
18228
18230
18232
18238
18243
18244
18246
18247
18248
18249
18250
18252
18253
18254
18255
18257
18258
18260
18261
18262
18263
18264
18266
18267
18268
18271
18272
18273
18274
18277
18283
18285
18286
18288
18290
18294
18295
18296
18297
18300
18301
18302
18303
18305
18306
18310
18313
18314
18316
18317
18320
18323
18324
18328
18330
18331
18333
18338
18344
18345
18346
18347
18351
18352
18354
18355
18357
18359
18360
18362
18363
18364
18365
18367
18369
18371
18373
18374
18375
18376
18378
18379
18380
18384
18387
18388
18389
18393
18397
18401
18405
18406
18408
18412
18413
18415
18416
18419
18424
18426
18428
18432
18433
18434
18437
18439
18446
18448
18449
18452
18455
18459
18460
18461
18464
18466
18471
18472
18473
18474
18476
18478
18479
18481
18482
18483
18486
18488
18491
18492
18497
18498
18500
18503
18504
18507
18508
18514
18516
18518
18519
18522
18526
18527
18528
18529
18533
18534
18536
18538
18540
18542
18543
18544
18545
18546
18547
18550
18554
18557
18558
18559
18566
18567
18569
18570
18573
18575
18577
18579
18580
18581
18582
18583
18585
18586
18587
18592
18593
18595
18598
18601
18602
18603
18604
18605
18609
18614
18615
18616
18618
18620
18621
18623
18624
18626
18627
18628
18629
18639
18640
18645
18648
18649
18653
18655
18657
18658
18660
18661
18666
18667
18669
18670
18672
18673
18674
18678
18679
18680
18682
18683
18684
18685
18686
18687
18688
18689
18691
18693
18694
18696
18697
18698
18699
18700
18701
18709
18712
18716
18717
18721
18722
18724
18725
18727
18728
18729
18730
18732
18734
18739
18743
18745
18749
18751
18752
18754
18756
18757
18758
18759
18761
18762
18764
18766
18767
18770
18775
18778
18779
18780
18781
18782
18784
18786
18787
18791
18792
18793
18794
18797
18798
18799
18800
18801
18802
18806
18810
18812
18813
18814
18816
18818
18820
18824
18825
18827
18828
18829
18833
18834
18835
18836
18837
18838
18840
18841
18842
18844
18848
18851
18855
18857
18858
18863
18865
18868
18869
18872
18874
18875
18877
18879
18880
18881
18882
18883
18885
18886
18887
18888
18889
18890
18893
18894
18900
18905
18907
18908
18910
18911
18912
18913
18916
18918
18922
18927
18929
18935
18936
18937
18940
18945
18948
18949
18952
18954
18955
18959
18960
18963
18965
18968
18969
18971
18973
18974
18978
18982
18983
18986
18988
18990
18993
18996
18997
18999
19000
19001
19003
19006
19012
19013
19016
19019
19022
19023
19024
19025
19026
19029
19034
19040
19042
19043
19044
19045
19046
19051
19054
19055
19056
19057
19061
19064
19066
19068
19069
19071
19072
19073
19074
19076
19077
19079
19081
19082
19084
19085
19086
19087
19088
19091
19093
19096
19097
19100
19101
19102
19103
19104
19105
19110
19111
19112
19114
19118
19119
19121
19122
19125
19126
19127
19129
19131
19134
19137
19142
19143
19145
19146
19147
19148
19149
19150
19153
19155
19156
19159
19160
19163
19166
19170
19181
19182
19185
19189
19194
19196
19199
19205
19208
19209
19212
19213
19214
19215
19217
19220
19223
19224
19225
19226
19230
19231
19232
19233
19238
19241
19242
19245
19246
19250
19253
19254
19255
19257
19258
19259
19260
19264
19265
19269
19270
19273
19275
19277
19279
19280
19283
19287
19288
19289
19292
19293
19298
19299
19301
19305
19306
19307
19308
19309
19312
19314
19317
19319
19320
19321
19324
19327
19328
19331
19334
19336
19337
19338
19339
19340
19342
19344
19348
19349
19350
19351
19352
19354
19355
19358
19361
19362
19363
19364
19366
19368
19369
19370
19373
19376
19380
19381
19382
19385
19386
19387
19390
19391
19392
19393
19394
19397
19398
19400
19401
19402
19403
19404
19405
19407
19408
19409
19411
19413
19420
19421
19422
19424
19425
19427
19428
19429
19430
19431
19432
19433
19436
19437
19438
19440
19441
19443
19445
19448
19449
19450
19455
19456
19457
19458
19462
19463
19464
19465
19474
19478
19480
19481
19484
19487
19488
19491
19492
19493
19496
19497
19499
19502
19503
19505
19507
19508
19510
19514
19516
19519
19522
19523
19526
19527
19529
19532
19533
19534
19535
19540
19543
19545
19546
19547
19551
19553
19554
19556
19558
19562
19563
19568
19570
19572
19579
19582
19583
19584
19585
19586
19587
19590
19593
19594
19595
19596
19599
19600
19601
19602
19603
19606
19607
19609
19611
19613
19616
19617
19618
19619
19621
19623
19624
19625
19627
19628
19629
19633
19635
19636
19638
19640
19642
19643
19644
19645
19646
19648
19650
19655
19656
19658
19661
19662
19663
19664
19667
19669
19670
19672
19673
19674
19675
19679
19680
19683
19684
19686
19689
19691
19693
19694
19696
19698
19699
19700
19701
19702
19703
19705
19706
19710
19711
19712
19722
19723
19725
19726
19727
19728
19729
19730
19731
19733
19735
19736
19737
19740
19743
19746
19747
19748
19751
19755
19759
19760
19762
19765
19766
19768
19769
19770
19771
19775
19776
19777
19779
19780
19781
19784
19785
19787
19788
19791
19796
19797
19798
19799
19802
19803
19804
19807
19808
19810
19811
19815
19817
19818
19820
19822
19823
19824
19826
19828
19832
19833
19836
19838
19840
19842
19843
19847
19849
19853
19854
19863
19864
19869
19870
19871
19872
19874
19875
19877
19878
19881
19884
19885
19888
19889
19892
19895
19896
19898
19899
19900
19901
19904
19906
19907
19910
19913
19917
19919
19922
19923
19924
19929
19930
19931
19933
19936
19938
19941
19942
19943
19944
19946
19947
19951
19952
19953
19955
19956
19957
19958
19959
19964
19965
19969
19970
19971
19972
19973
19974
19976
19980
19981
19983
19986
19987
19989
19991
19992
19993
19994
19997
19998
19999
20000
20001
20003
20004
20005
20006
20007
20008
20009
20011
20014
20015
20019
20020
20022
20024
20026
20029
20030
20031
20034
20035
20036
20041
20042
20044
20047
20049
20050
20056
20059
20060
20061
20063
20064
20065
20068
20069
20070
20073
20075
20078
20079
20080
20082
20086
20087
20089
20091
20093
20095
20099
20100
20101
20102
20103
20104
20105
20107
20111
20113
20116
20117
20118
20121
20122
20124
20125
20127
20128
20129
20130
20131
20136
20137
20138
20139
20141
20144
20146
20148
20149
20152
20155
20162
20163
20165
20166
20168
20173
20174
20176
20177
20180
20182
20184
20185
20189
20190
20191
20193
20194
20195
20197
20198
20199
20200
20201
20205
20208
20209
20212
20216
20218
20219
20220
20224
20225
20229
20230
20234
20236
20238
20239
20240
20241
20242
20246
20247
20250
20251
20252
20253
20259
20261
20263
20267
20274
20276
20277
20280
20282
20283
20284
20285
20288
20289
20292
20293
20298
20299
20300
20301
20302
20303
20305
20306
20307
20308
20310
20315
20316
20317
20318
20320
20321
20323
20327
20329
20335
20336
20337
20339
20340
20341
20342
20345
20346
20348
20350
20351
20354
20359
20360
20361
20364
20367
20370
20371
20372
20373
20374
20383
20386
20389
20391
20400
20402
20406
20407
20409
20412
20414
20415
20417
20419
20422
20425
20426
20428
20429
20432
20433
20434
20435
20438
20439
20440
20442
20445
20449
20451
20454
20455
20456
20462
20466
20467
20471
20472
20473
20475
20476
20479
20480
20481
20483
20484
20485
20486
20487
20490
20491
20493
20494
20496
20498
20499
20500
20501
20502
20507
20508
20509
20510
20511
20512
20519
20521
20522
20523
20524
20526
20532
20533
20535
20538
20539
20540
20541
20542
20543
20544
20545
20549
20551
20554
20555
20556
20557
20558
20559
20560
20561
20562
20563
20564
20565
20567
20571
20573
20575
20578
20579
20580
20581
20585
20586
20587
20589
20593
20594
20595
20596
20597
20601
20602
20603
20608
20610
20611
20613
20614
20622
20626
20627
20628
20629
20633
20636
20637
20638
20639
20641
20643
20645
20648
20650
20652
20656
20657
20658
20659
20661
20665
20666
20667
20670
20674
20675
20678
20680
20681
20682
20684
20687
20689
20692
20693
20695
20698
20699
20702
20703
20704
20705
20707
20709
20712
20717
20719
20721
20722
20723
20724
20727
20728
20732
20734
20735
20736
20738
20739
20740
20741
20742
20743
20745
20749
20753
20755
20757
20758
20760
20761
20762
20764
20765
20766
20767
20769
20770
20771
20772
20773
20774
20775
20776
20778
20779
20781
20784
20785
20787
20788
20789
20790
20791
20792
20793
20794
20795
20797
20802
20804
20806
20808
20810
20811
20812
20813
20814
20817
20818
20821
20827
20828
20830
20833
20837
20840
20841
20842
20843
20846
20847
20850
20851
20852
20853
20855
20856
20857
20859
20862
20864
20866
20872
20874
20875
20876
20877
20880
20882
20883
20884
20885
20887
20889
20890
20895
20896
20897
20899
20902
20904
20907
20908
20910
20912
20913
20914
20915
20917
20919
20920
20924
20925
20928
20930
20931
20934
20935
20936
20939
20940
20941
20943
20944
20945
20946
20947
20949
20950
20957
20962
20965
20967
20968
20973
20974
20975
20978
20979
20982
20984
20986
20987
20989
20991
20996
20997
20998
21002
21003
21004
21006
21007
21008
21009
21013
21014
21015
21017
21019
21020
21021
21024
21029
21030
21031
21032
21033
21035
21037
21039
21043
21044
21045
21047
21049
21050
21051
21054
21056
21057
21058
21059
21060
21061
21063
21066
21070
21073
21074
21075
21077
21079
21080
21082
21083
21087
21089
21092
21093
21094
21095
21097
21099
21101
21102
21106
21108
21110
21111
21112
21115
21117
21118
21122
21124
21125
21126
21129
21131
21132
21134
21135
21136
21137
21138
21145
21147
21149
21150
21151
21152
21155
21157
21158
21159
21160
21161
21162
21163
21165
21166
21167
21169
21170
21174
21176
21178
21179
21180
21182
21183
21184
21185
21187
21188
21190
21194
21199
21201
21202
21204
21205
21206
21208
21209
21210
21211
21214
21215
21216
21217
21220
21223
21224
21226
21227
21228
21232
21234
21235
21236
21237
21238
21239
21240
21241
21242
21243
21248
21250
21251
21253
21255
21256
21259
21262
21263
21264
21265
21266
21267
21271
21274
21275
21278
21279
21281
21283
21284
21285
21286
21287
21288
21289
21290
21294
21295
21296
21297
21300
21301
21303
21304
21307
21308
21309
21312
21317
21319
21321
21322
21323
21325
21326
21327
21329
21330
21333
21334
21337
21339
21340
21342
21344
21348
21349
21351
21352
21353
21361
21363
21364
21365
21367
21373
21374
21377
21378
21379
21381
21383
21384
21386
21390
21393
21396
21398
21399
21400
21402
21407
21410
21412
21419
21426
21429
21430
21434
21437
21441
21442
21444
21446
21448
21449
21450
21451
21455
21457
21458
21459
21462
21463
21465
21467
21469
21470
21472
21473
21474
21476
21477
21478
21479
21480
21482
21485
21487
21490
21494
21501
21502
21504
21509
21511
21513
21516
21517
21521
21522
21524
21525
21530
21532
21535
21537
21539
21540
21541
21543
21544
21547
21548
21549
21550
21551
21552
21555
21557
21559
21560
21561
21562
21564
21566
21567
21569
21571
21573
21574
21577
21579
21582
21585
21586
21587
21591
21592
21596
21598
21599
21601
21603
21604
21606
21607
21608
21610
21611
21613
21614
21618
21619
21620
21623
21624
21625
21626
21627
21630
21631
21636
21638
21640
21642
21645
21646
21647
21649
21655
21656
21659
21664
21665
21666
21667
21672
21674
21678
21679
21682
21683
21686
21687
21688
21690
21691
21693
21695
21697
21703
21704
21706
21707
21708
21711
21712
21715
21718
21719
21720
21721
21728
21729
21730
21731
21732
21735
21736
21741
21742
21743
21744
21745
21746
21748
21749
21750
21751
21753
21754
21755
21756
21758
21759
21760
21761
21764
21766
21768
21770
21771
21772
21773
21776
21777
21778
21779
21781
21785
21787
21788
21789
21790
21793
21797
21798
21799
21800
21804
21805
21806
21809
21811
21813
21814
21815
21816
21817
21819
21820
21821
21823
21824
21826
21829
21830
21831
21833
21834
21835
21836
21837
21839
21840
21841
21843
21845
21848
21849
21851
21852
21853
21854
21856
21858
21861
21862
21863
21864
21865
21867
21870
21872
21873
21874
21877
21879
21880
21882
21883
21884
21888
21891
21892
21893
21895
21896
21901
21905
21906
21907
21908
21910
21913
21914
21915
21917
21918
21919
21921
21923
21924
21927
21933
21934
21937
21942
21943
21944
21945
21946
21949
21950
21960
21961
21962
21965
21968
21971
21974
21978
21979
21980
21982
21985
21986
21987
21988
21990
21991
21992
21993
21994
21997
22000
22001
22002
22003
22004
22005
22010
22012
22014
22015
22017
22018
22020
22023
22024
22025
22026
22030
22034
22035
22036
22039
22040
22043
22045
22052
22053
22054
22055
22057
22059
22060
22061
22064
22065
22069
22071
22072
22074
22075
22081
22083
22084
22086
22087
22088
22090
22095
22096
22098
22099
22101
22102
22104
22105
22106
22108
22109
22110
22111
22114
22116
22118
22119
22121
22124
22126
22127
22128
22129
22130
22132
22133
22134
22138
22139
22141
22142
22145
22146
22147
22149
22151
22152
22153
22155
22161
22162
22164
22165
22166
22167
22168
22169
22170
22171
22172
22174
22175
22177
22178
22180
22185
22187
22193
22195
22196
22197
22199
22201
22202
22204
22205
22206
22208
22210
22211
22213
22214
22215
22216
22217
22218
22222
22224
22225
22226
22227
22228
22232
22233
22234
22235
22236
22238
22242
22246
22248
22249
22252
22253
22254
22256
22257
22258
22260
22262
22264
22265
22272
22273
22276
22278
22279
22280
22283
22284
22286
22290
22291
22293
22294
22295
22296
22305
22308
22312
22314
22315
22317
22319
22320
22321
22323
22324
22326
22327
22328
22329
22332
22333
22335
22336
22340
22341
22342
22343
22347
22350
22351
22352
22353
22354
22355
22358
22359
22360
22362
22363
22367
22369
22373
22375
22376
22377
22378
22379
22383
22384
22387
22388
22389
22390
22391
22392
22393
22399
22400
22401
22402
22404
22407
22408
22410
22411
22412
22413
22417
22426
22428
22429
22432
22433
22435
22436
22437
22442
22443
22445
22447
22448
22450
22452
22453
22454
22457
22458
22459
22460
22464
22465
22469
22481
22482
22483
22484
22485
22486
22488
22489
22491
22492
22493
22495
22498
22501
22502
22505
22507
22508
22509
22510
22512
22513
22517
22518
22521
22523
22526
22528
22529
22530
22531
22533
22534
22535
22536
22539
22543
22544
22545
22546
22548
22549
22551
22554
22556
22559
22561
22562
22563
22566
22567
22568
22570
22573
22574
22577
22578
22579
22582
22586
22587
22589
22592
22597
22598
22599
22601
22602
22603
22604
22605
22607
22612
22616
22618
22621
22622
22623
22625
22626
22628
22632
22635
22638
22641
22643
22652
22655
22657
22659
22660
22661
22666
22667
22668
22669
22670
22672
22674
22675
22678
22680
22682
22683
22685
22686
22687
22688
22690
22691
22694
22697
22699
22706
22708
22709
22711
22713
22714
22715
22716
22720
22724
22725
22726
22731
22732
22733
22736
22739
22740
22744
22746
22747
22748
22749
22750
22762
22783
22788
22791
22797
22798
22803
22807
22809
22810
22814
22817
22821
22827
22842
22843
22845
22847
22850
22862
22863
22868
22871
22874
22875
22876
22879
22884
22886
22892
22894
22899
22908
22911
22914
22918
22920
22924
22933
22937
22939
22944
22948
22956
22962
22964
22966
22968
22974
22981
22985
22987
22990
22996
22998
23005
23015
23017
23019
23020
23022
23029
23032
23033
23035
23036
23046
23048
23049
23051
23053
23055
23058
23065
23069
23070
23075
23078
23079
23086
23090
23092
23101
23102
23109
23110
23111
23125
23127
23130
23134
23139
23155
23162
23164
23173
23180
23186
23188
23196
23197
23202
23217
23220
23223
23226
23227
23230
23233
23234
23236
23241
23242
23250
23264
23265
23269
23274
23275
23279
23280
23295
23301
23303
23304
23306
23307
23308
23311
23312
23320
23329
23336
23349
23350
23355
23368
23374
23376
23385
23389
23391
23394
23400
23408
23412
23417
23421
23423
23427
23433
23442
23443
23460
23463
23464
23467
23480
23481
23484
23497
23499
23500
23507
23509
23516
23518
23519
23525
23527
23538
23544
23552
23558
23560
23567
23569
23573
23578
23601
23604
23606
23629
23646
23651
23654
23656
23660
23661
23664
23665
23669
23675
23676
23681
23687
23690
23692
23706
23710
23713
23726
23727
23737
23740
23750
23759
23769
23770
23772
23778
23783
23787
23794
23796
23801
23805
23810
23812
23817
23819
23820
23826
23835
23837
23840
23843
23845
23849
23853
23861
23867
23874
23883
23894
23897
23900
23905
23907
23910
23912
23932
23933
23936
23939
23941
23953
23956
23959
23962
23967
23974
23989
23997
24003
24007
24010
24022
24030
24038
24041
24045
24048
24063
24065
24068
24069
24071
24072
24073
24074
24076
24078
24079
24080
24081
24083
24094
24099
24107
24108
24110
24117
24124
24126
24136
24143
24151
24152
24161
24168
24169
24170
24171
24172
24176
24186
24187
24191
24192
24193
24203
24214
24222
24224
24225
24227
24229
24231
24242
24243
24249
24252
24253
24255
24263
24274
24276
24298
24301
24319
24324
24326
24328
24331
24340
24359
24369
24373
24375
24376
24379
24383
24388
24391
24392
24393
24395
24409
24412
24415
24416
24420
24427
24434
24435
24441
24444
24451
24453
24472
24475
24476
24484
24490
24512
24516
24518
24520
24523
24526
24527
24535
24545
24548
24556
24560
24563
24592
24600
24606
24612
24623
24629
24639
24644
24645
24646
24649
24650
24673
24676
24678
24683
24684
24689
24691
24693
24695
24698
24705
24713
24726
24729
24730
24737
24739
24740
24742
24749
24759
24764
24765
24767
24769
24770
24776
24779
24780
24787
24788
24791
24803
24808
24815
24816
24820
24826
24832
24837
24841
24849
24851
24859
24863
24864
24869
24870
24871
24877
24883
24889
24893
24899
24900
24903
24905
24906
24908
24909
24912
24915
24917
24924
24925
24929
24930
24933
24938
24943
24945
24948
24950
24952
24953
24960
24962
24969
24979
24980
24985
24987
24991
24998
25002
25003
25006
25014
25018
25028
25030
25033
25034
25035
25040
25041
25042
25050
25052
25061
25063
25076
25079
25093
25102
25109
25111
25114
25120
25123
25136
25141
25145
25150
25151
25156
25157
25158
25164
25169
25176
25177
25183
25184
25185
25218
25227
25234
25237
25242
25245
25252
25266
25268
25291
25298
25306
25307
25313
25317
25320
25322
25335
25340
25341
25352
25353
25356
25365
25372
25373
25376
25379
25381
25383
25395
25396
25400
25402
25405
25407
25409
25412
25417
25424
25434
25436
25437
25439
25442
25443
25445
25446
25452
25453
25457
25459
25463
25465
25466
25470
25474
25475
25477
25481
25483
25493
25497
25505
25510
25512
25514
25518
25526
25528
25529
25530
25536
25537
25554
25563
25566
25577
25596
25597
25599
25608
25612
25614
25616
25622
25626
25632
25633
25634
25635
25650
25656
25657
25663
25665
25669
25671
25672
25675
25678
25680
25681
25682
25686
25688
25691
25695
25696
25697
25699
25701
25704
25706
25709
25711
25712
25714
25722
25725
25732
25734
25735
25739
25744
25748
25755
25757
25759
25761
25763
25770
25777
25781
25797
25805
25807
25812
25815
25817
25828
25831
25833
25834
25841
25845
25850
25861
25863
25864
25868
25871
25881
25884
25887
25888
25895
25899
25905
25919
25929
25931
25935
25940
25942
25943
25946
25949
25950
25951
25966
25970
25974
25977
25978
25979
25985
25988
25993
26011
26014
26023
26024
26033
26041
26043
26047
26048
26049
26053
26060
26061
26069
26078
26084
26089
26093
26098
26106
26107
26109
26111
26114
26118
26119
26123
26128
26131
26132
26135
26144
26152
26166
26176
26177
26180
26182
26184
26190
26197
26199
26208
26214
26216
26228
26231
26235
26236
26239
26242
26247
26248
26255
26258
26262
26270
26288
26295
26297
26300
26302
26303
26309
26310
26311
26313
26317
26323
26332
26339
26346
26350
26358
26360
26361
26365
26373
26380
26389
26392
26397
26400
26401
26403
26412
26448
26454
26457
26463
26471
26480
26481
26482
26485
26487
26492
26500
26515
26518
26520
26523
26531
26532
26534
26537
26540
26541
26546
26548
26555
26564
26578
26593
26598
26610
26623
26626
26627
26628
26630
26631
26633
26634
26641
26644
26654
26668
26669
26670
26671
26672
26677
26680
26685
26688
26704
26706
26707
26711
26712
26713
26718
26725
26726
26727
26739
26741
26749
26758
26763
26775
26777
26778
26783
26796
26807
26809
26816
26824
26828
26834
26835
26838
26849
26852
26855
26858
26869
26874
26876
26885
26896
26899
26912
26913
26915
26916
26917
26930
26932
26951
26958
26962
26980
26982
26989
26995
26996
26997
27003
27008
27009
27011
27019
27021
27024
27025
27029
27031
27035
27037
27041
27045
27047
27050
27051
27052
27053
27059
27065
27070
27079
27085
27087
27089
27092
27099
27100
27104
27115
27118
27120
27123
27124
27128
27132
27133
27134
27139
27144
27147
27155
27156
27157
27161
27165
27170
27182
27183
27191
27201
27206
27213
27234
27241
27242
27244
27247
27251
27252
27255
27256
27258
27270
27275
27290
27291
27292
27295
27298
27310
27311
27316
27317
27323
27329
27343
27344
27354
27357
27366
27369
27371
27374
27377
27383
27384
27386
27388
27390
27393
27396
27401
27402
27413
27414
27416
27418
27420
27426
27429
27430
27447
27448
27451
27452
27459
27461
27464
27467
27480
27489
27494
27496
27500
27506
27516
27520
27521
27529
27536
27542
27543
27545
27546
27549
27551
27555
27559
27560
27566
27567
27574
27581
27584
27587
27595
27598
27604
27606
27608
27619
27623
27626
27627
27628
27629
27635
27638
27641
27646
27650
27651
27653
27658
27666
27671
27672
27673
27688
27693
27700
27705
27708
27720
27722
27725
27730
27732
27736
27747
27759
27761
27762
27763
27765
27777
27781
27787
27794
27796
27808
27811
27813
27816
27823
27824
27827
27829
27830
27834
27839
27841
27852
27853
27854
27856
27859
27868
27873
27876
27883
27884
27885
27886
27888
27896
27899
27905
27908
27909
27912
27913
27919
27928
27929
27934
27957
27962
27963
27967
27974
27979
27983
27986
27987
27991
27992
27994
27995
27998
28007
28019
28021
28022
28027
28033
28035
28039
28040
28058
28067
28068
28069
28078
28083
28084
28095
28097
28102
28115
28116
28117
28120
28125
28130
28132
28136
28137
28139
28140
28142
28146
28151
28153
28156
28159
28166
28171
28174
28184
28185
28189
28190
28194
28198
28200
28203
28212
28216
28218
28223
28238
28257
28265
28277
28280
28284
28286
28291
28295
28298
28301
28302
28303
28310
28314
28318
28320
28321
28335
28343
28344
28348
28351
28353
28359
28362
28368
28377
28382
28384
28391
28411
28414
28416
28419
28420
28425
28426
28427
28428
28432
28437
28444
28456
28464
28466
28467
28472
28479
28483
28486
28487
28493
28498
28500
28504
28507
28510
28514
28519
28520
28521
28522
28525
28526
28527
28528
28532
28546
28552
28554
28560
28564
28567
28572
28580
28589
28590
28597
28598
28599
28603
28605
28606
28614
28618
28621
28624
28626
28629
28630
28631
28632
28638
28641
28650
28656
28664
28665
28675
28678
28679
28691
28694
28698
28707
28711
28718
28719
28720
28722
28723
28724
28732
28745
28747
28761
28765
28775
28781
28782
28788
28790
28792
28795
28806
28812
28813
28825
28826
28827
28828
28832
28833
28834
28836
28839
28854
28855
28859
28863
28864
28878
28885
28886
28889
28890
28903
28904
28907
28913
28915
28916
28919
28921
28923
28935
28945
28946
28950
28955
28962
28970
28978
28986
28993
28995
28997
29000
29005
29011
29015
29021
29027
29038
29039
29047
29053
29061
29065
29072
29073
29074
29079
29080
29081
29088
29093
29094
29096
29100
29104
29106
29124
29133
29136
29138
29145
29147
29153
29154
29158
29160
29163
29169
29176
29181
29186
29192
29194
29195
29197
29203
29210
29219
29227
29230
29237
29238
29242
29244
29246
29249
29256
29276
29278
29282
29284
29287
29288
29289
29298
29299
29300
29305
29307
29308
29311
29316
29328
29334
29339
29351
29354
29355
29356
29358
29359
29361
29362
29363
29364
29366
29369
29373
29376
29378
29384
29385
29387
29397
29398
29399
29403
29411
29423
29424
29425
29427
29429
29433
29436
29442
29443
29445
29447
29451
29459
29461
29464
29480
29486
29488
29492
29500
29501
29508
29510
29511
29514
29524
29530
29532
29540
29543
29545
29546
29549
29551
29553
29555
29559
29567
29572
29575
29584
29587
29591
29599
29603
29605
29609
29623
29627
29632
29641
29645
29654
29656
29663
29667
29669
29674
29676
29696
29698
29710
29711
29713
29716
29729
29734
29735
29740
29743
29745
29746
29751
29755
29762
29764
29772
29777
29784
29786
29800
29802
29803
29807
29814
29820
29821
29823
29825
29828
29830
29832
29835
29845
29846
29852
29853
29862
29863
29868
29871
29880
29884
29886
29900
29907
29913
29914
29926
29927
29929
29938
29939
29940
29942
29945
29952
29953
29955
29960
29973
29976
29978
29992
29996
30003
30006
30008
30012
30013
30018
30023
30025
30026
30030
30036
30040
30046
30059
30062
30070
30073
30074
30085
30100
30104
30106
30110
30117
30121
30126
30131
30134
30135
30136
30142
30143
30151
30154
30155
30162
30164
30170
30182
30199
30203
30221
30225
30233
30241
30250
30254
30256
30268
30269
30270
30280
30283
30287
30294
30295
30299
30300
30303
30308
30311
30316
30319
30321
30333
30334
30337
30340
30342
30343
30346
30350
30354
30359
30367
30374
30376
30377
30388
30401
30402
30405
30407
30411
30413
30419
30424
30425
30426
30428
30429
30440
30441
30442
30448
30449
30452
30465
30470
30471
30475
30483
30485
30487
30489
30490
30491
30492
30493
30498
30500
30502
30515
30516
30520
30521
30527
30532
30542
30543
30545
30548
30550
30551
30552
30558
30563
30573
30579
30580
30585
30590
30591
30594
30596
30600
30602
30604
30606
30608
30611
30612
30615
30619
30620
30632
30636
30640
30643
30645
30647
30655
30657
30658
30659
30667
30672
30676
30687
30699
30702
30703
30714
30718
30729
30735
30736
30737
30739
30746
30749
30751
30758
30775
30778
30790
30804
30805
30810
30817
30827
30829
30837
30839
30842
30847
30855
30856
30862
30865
30866
30879
30885
30887
30892
30893
30899
30900
30902
30907
30908
30917
30919
30921
30930
30944
30946
30953
30961
30964
30966
30967
30970
30971
30974
30976
30980
30995
30996
31002
31003
31005
31007
31011
31012
31014
31017
31019
31021
31022
31024
31026
31027
31028
31031
31033
31037
31039
31042
31054
31055
31058
31063
31065
31067
31072
31074
31077
31078
31083
31084
31092
31101
31106
31114
31118
31120
31122
31123
31127
31134
31142
31152
31154
31156
31158
31162
31168
31181
31182
31186
31189
31197
31199
31203
31206
31217
31224
31233
31234
31235
31237
31239
31241
31248
31250
31252
31253
31254
31256
31261
31263
31272
31274
31275
31292
31295
31297
31300
31311
31314
31315
31317
31319
31323
31324
31333
31341
31346
31349
31351
31354
31356
31361
31362
31368
31372
31377
31378
31381
31385
31386
31387
31389
31399
31400
31402
31413
31426
31428
31430
31433
31434
31435
31447
31448
31453
31454
31457
31461
31462
31463
31469
31477
31479
31480
31508
31513
31514
31515
31517
31524
31525
31526
31529
31530
31536
31537
31542
31544
31545
31555
31556
31557
31558
31566
31568
31573
31580
31584
31591
31604
31612
31613
31621
31629
31631
31636
31641
31650
31661
31664
31665
31684
31685
31689
31692
31703
31706
31709
31715
31729
31739
31740
31747
31757
31761
31767
31769
31774
31776
31780
31781
31786
31794
31802
31803
31804
31810
31814
31815
31821
31823
31829
31831
31835
31839
31844
31845
31854
31856
31863
31865
31866
31869
31872
31877
31889
31891
31893
31895
31897
31907
31909
31916
31924
31928
31938
31950
31953
31964
31977
31983
31986
31993
31994
31998
32004
32006
32022
32024
32031
32033
32036
32044
32052
32056
32059
32062
32063
32064
32077
32078
32090
32092
32100
32107
32108
32109
32110
32121
32124
32125
32129
32130
32135
32136
32140
32145
32148
32149
32164
32168
32174
32177
32180
32183
32191
32192
32196
32202
32206
32207
32210
32211
32214
32219
32222
32231
32234
32235
32244
32247
32248
32250
32263
32264
32266
32267
32270
32286
32287
32290
32296
32298
32301
32305
32321
32326
32327
32338
32339
32341
32343
32344
32345
32351
32361
32371
32378
32379
32380
32385
32389
32396
32398
32402
32403
32420
32426
32435
32437
32442
32456
32459
32462
32464
32466
32470
32473
32474
32478
32483
32487
32489
32495
32501
32505
32520
32524
32525
32536
32537
32541
32543
32554
32556
32557
32558
32559
32561
32571
32572
32574
32579
32585
32587
32589
32602
32607
32608
32611
32615
32617
32619
32622
32625
32628
32650
32654
32661
32663
32668
32675
32685
32691
32698
32700
32712
32714
32719
32723
32728
32736
32737
32740
32743
32745
32751
32755
32756
32758
81
0
130
386
131
259
387
389
392
265
393
394
140
397
14
142
270
271
400
150
278
406
283
415
292
421
423
168
43
172
428
301
429
175
176
304
49
306
310
438
183
441
444
448
193
321
450
195
197
453
200
456
329
203
81
465
82
338
211
468
345
346
91
220
477
351
224
353
99
229
102
230
359
237
366
367
368
116
372
373
249
382
8.33